 480
 1 41 81 1
 1 81 120 1
 1 120 41 1
 2 42 81 -1
 2 81 82 -1
 2 82 42 -1
 3 43 82 -1
 3 82 83 -1
 3 83 43 -1
 4 44 83 -1
 4 83 84 -1
 4 84 44 -1
 5 45 84 -1
 5 84 85 -1
 5 85 45 -1
 6 46 85 -1
 6 85 86 -1
 6 86 46 -1
 7 47 86 -1
 7 86 87 -1
 7 87 47 -1
 8 48 87 -1
 8 87 88 -1
 8 88 48 -1
 9 49 88 -1
 9 88 89 -1
 9 89 49 -1
 10 50 89 -1
 10 89 90 -1
 10 90 50 -1
 11 51 90 -1
 11 90 91 -1
 11 91 51 -1
 12 52 91 -1
 12 91 92 -1
 12 92 52 -1
 13 53 92 -1
 13 92 93 -1
 13 93 53 -1
 14 54 93 -1
 14 93 94 -1
 14 94 54 -1
 15 55 94 -1
 15 94 95 -1
 15 95 55 -1
 16 56 95 -1
 16 95 96 -1
 16 96 56 -1
 17 57 96 -1
 17 96 97 -1
 17 97 57 -1
 18 58 97 -1
 18 97 98 -1
 18 98 58 -1
 19 59 98 -1
 19 98 99 -1
 19 99 59 -1
 20 60 99 -1
 20 99 100 -1
 20 100 60 -1
 21 61 100 -1
 21 100 101 -1
 21 101 61 -1
 22 62 101 -1
 22 101 102 -1
 22 102 62 -1
 23 63 102 -1
 23 102 103 -1
 23 103 63 -1
 24 64 103 -1
 24 103 104 -1
 24 104 64 -1
 25 65 104 -1
 25 104 105 -1
 25 105 65 -1
 26 66 105 -1
 26 105 106 -1
 26 106 66 -1
 27 67 106 -1
 27 106 107 -1
 27 107 67 -1
 28 68 107 -1
 28 107 108 -1
 28 108 68 -1
 29 69 108 -1
 29 108 109 -1
 29 109 69 -1
 30 70 109 -1
 30 109 110 -1
 30 110 70 -1
 31 71 110 -1
 31 110 111 -1
 31 111 71 -1
 32 72 111 -1
 32 111 112 -1
 32 112 72 -1
 33 73 112 -1
 33 112 113 -1
 33 113 73 -1
 34 74 113 -1
 34 113 114 -1
 34 114 74 -1
 35 75 114 -1
 35 114 115 -1
 35 115 75 -1
 36 76 115 -1
 36 115 116 -1
 36 116 76 -1
 37 77 116 -1
 37 116 117 -1
 37 117 77 -1
 38 78 117 -1
 38 117 118 -1
 38 118 78 -1
 39 79 118 -1
 39 118 119 -1
 39 119 79 -1
 40 80 119 -1
 40 119 120 -1
 40 120 80 -1
 41 1 121 -1
 41 121 160 -1
 41 160 1 -1
 42 2 121 1
 42 121 122 1
 42 122 2 1
 43 3 122 1
 43 122 123 1
 43 123 3 1
 44 4 123 1
 44 123 124 1
 44 124 4 1
 45 5 124 1
 45 124 125 1
 45 125 5 1
 46 6 125 1
 46 125 126 1
 46 126 6 1
 47 7 126 1
 47 126 127 1
 47 127 7 1
 48 8 127 1
 48 127 128 1
 48 128 8 1
 49 9 128 1
 49 128 129 1
 49 129 9 1
 50 10 129 1
 50 129 130 1
 50 130 10 1
 51 11 130 1
 51 130 131 1
 51 131 11 1
 52 12 131 1
 52 131 132 1
 52 132 12 1
 53 13 132 1
 53 132 133 1
 53 133 13 1
 54 14 133 1
 54 133 134 1
 54 134 14 1
 55 15 134 1
 55 134 135 1
 55 135 15 1
 56 16 135 1
 56 135 136 1
 56 136 16 1
 57 17 136 1
 57 136 137 1
 57 137 17 1
 58 18 137 1
 58 137 138 1
 58 138 18 1
 59 19 138 1
 59 138 139 1
 59 139 19 1
 60 20 139 1
 60 139 140 1
 60 140 20 1
 61 21 140 1
 61 140 141 1
 61 141 21 1
 62 22 141 1
 62 141 142 1
 62 142 22 1
 63 23 142 1
 63 142 143 1
 63 143 23 1
 64 24 143 1
 64 143 144 1
 64 144 24 1
 65 25 144 1
 65 144 145 1
 65 145 25 1
 66 26 145 1
 66 145 146 1
 66 146 26 1
 67 27 146 1
 67 146 147 1
 67 147 27 1
 68 28 147 1
 68 147 148 1
 68 148 28 1
 69 29 148 1
 69 148 149 1
 69 149 29 1
 70 30 149 1
 70 149 150 1
 70 150 30 1
 71 31 150 1
 71 150 151 1
 71 151 31 1
 72 32 151 1
 72 151 152 1
 72 152 32 1
 73 33 152 1
 73 152 153 1
 73 153 33 1
 74 34 153 1
 74 153 154 1
 74 154 34 1
 75 35 154 1
 75 154 155 1
 75 155 35 1
 76 36 155 1
 76 155 156 1
 76 156 36 1
 77 37 156 1
 77 156 157 1
 77 157 37 1
 78 38 157 1
 78 157 158 1
 78 158 38 1
 79 39 158 1
 79 158 159 1
 79 159 39 1
 80 40 159 1
 80 159 160 1
 80 160 40 1
 81 1 2 1
 81 2 121 1
 81 121 1 1
 82 2 3 1
 82 3 122 1
 82 122 2 1
 83 3 4 1
 83 4 123 1
 83 123 3 1
 84 4 5 1
 84 5 124 1
 84 124 4 1
 85 5 6 1
 85 6 125 1
 85 125 5 1
 86 6 7 1
 86 7 126 1
 86 126 6 1
 87 7 8 1
 87 8 127 1
 87 127 7 1
 88 8 9 1
 88 9 128 1
 88 128 8 1
 89 9 10 1
 89 10 129 1
 89 129 9 1
 90 10 11 1
 90 11 130 1
 90 130 10 1
 91 11 12 1
 91 12 131 1
 91 131 11 1
 92 12 13 1
 92 13 132 1
 92 132 12 1
 93 13 14 1
 93 14 133 1
 93 133 13 1
 94 14 15 1
 94 15 134 1
 94 134 14 1
 95 15 16 1
 95 16 135 1
 95 135 15 1
 96 16 17 1
 96 17 136 1
 96 136 16 1
 97 17 18 1
 97 18 137 1
 97 137 17 1
 98 18 19 1
 98 19 138 1
 98 138 18 1
 99 19 20 1
 99 20 139 1
 99 139 19 1
 100 20 21 1
 100 21 140 1
 100 140 20 1
 101 21 22 1
 101 22 141 1
 101 141 21 1
 102 22 23 1
 102 23 142 1
 102 142 22 1
 103 23 24 1
 103 24 143 1
 103 143 23 1
 104 24 25 1
 104 25 144 1
 104 144 24 1
 105 25 26 1
 105 26 145 1
 105 145 25 1
 106 26 27 1
 106 27 146 1
 106 146 26 1
 107 27 28 1
 107 28 147 1
 107 147 27 1
 108 28 29 1
 108 29 148 1
 108 148 28 1
 109 29 30 1
 109 30 149 1
 109 149 29 1
 110 30 31 1
 110 31 150 1
 110 150 30 1
 111 31 32 1
 111 32 151 1
 111 151 31 1
 112 32 33 1
 112 33 152 1
 112 152 32 1
 113 33 34 1
 113 34 153 1
 113 153 33 1
 114 34 35 1
 114 35 154 1
 114 154 34 1
 115 35 36 1
 115 36 155 1
 115 155 35 1
 116 36 37 1
 116 37 156 1
 116 156 36 1
 117 37 38 1
 117 38 157 1
 117 157 37 1
 118 38 39 1
 118 39 158 1
 118 158 38 1
 119 39 40 1
 119 40 159 1
 119 159 39 1
 120 1 40 -1
 120 40 160 -1
 120 160 1 -1
 121 41 42 -1
 121 42 81 -1
 121 81 41 -1
 122 42 43 -1
 122 43 82 -1
 122 82 42 -1
 123 43 44 -1
 123 44 83 -1
 123 83 43 -1
 124 44 45 -1
 124 45 84 -1
 124 84 44 -1
 125 45 46 -1
 125 46 85 -1
 125 85 45 -1
 126 46 47 -1
 126 47 86 -1
 126 86 46 -1
 127 47 48 -1
 127 48 87 -1
 127 87 47 -1
 128 48 49 -1
 128 49 88 -1
 128 88 48 -1
 129 49 50 -1
 129 50 89 -1
 129 89 49 -1
 130 50 51 -1
 130 51 90 -1
 130 90 50 -1
 131 51 52 -1
 131 52 91 -1
 131 91 51 -1
 132 52 53 -1
 132 53 92 -1
 132 92 52 -1
 133 53 54 -1
 133 54 93 -1
 133 93 53 -1
 134 54 55 -1
 134 55 94 -1
 134 94 54 -1
 135 55 56 -1
 135 56 95 -1
 135 95 55 -1
 136 56 57 -1
 136 57 96 -1
 136 96 56 -1
 137 57 58 -1
 137 58 97 -1
 137 97 57 -1
 138 58 59 -1
 138 59 98 -1
 138 98 58 -1
 139 59 60 -1
 139 60 99 -1
 139 99 59 -1
 140 60 61 -1
 140 61 100 -1
 140 100 60 -1
 141 61 62 -1
 141 62 101 -1
 141 101 61 -1
 142 62 63 -1
 142 63 102 -1
 142 102 62 -1
 143 63 64 -1
 143 64 103 -1
 143 103 63 -1
 144 64 65 -1
 144 65 104 -1
 144 104 64 -1
 145 65 66 -1
 145 66 105 -1
 145 105 65 -1
 146 66 67 -1
 146 67 106 -1
 146 106 66 -1
 147 67 68 -1
 147 68 107 -1
 147 107 67 -1
 148 68 69 -1
 148 69 108 -1
 148 108 68 -1
 149 69 70 -1
 149 70 109 -1
 149 109 69 -1
 150 70 71 -1
 150 71 110 -1
 150 110 70 -1
 151 71 72 -1
 151 72 111 -1
 151 111 71 -1
 152 72 73 -1
 152 73 112 -1
 152 112 72 -1
 153 73 74 -1
 153 74 113 -1
 153 113 73 -1
 154 74 75 -1
 154 75 114 -1
 154 114 74 -1
 155 75 76 -1
 155 76 115 -1
 155 115 75 -1
 156 76 77 -1
 156 77 116 -1
 156 116 76 -1
 157 77 78 -1
 157 78 117 -1
 157 117 77 -1
 158 78 79 -1
 158 79 118 -1
 158 118 78 -1
 159 79 80 -1
 159 80 119 -1
 159 119 79 -1
 160 41 80 1
 160 80 120 1
 160 120 41 1
