 576
 1 49 97 1
 1 97 144 1
 1 144 49 1
 2 50 97 -1
 2 97 98 -1
 2 98 50 -1
 3 51 98 -1
 3 98 99 -1
 3 99 51 -1
 4 52 99 -1
 4 99 100 -1
 4 100 52 -1
 5 53 100 -1
 5 100 101 -1
 5 101 53 -1
 6 54 101 -1
 6 101 102 -1
 6 102 54 -1
 7 55 102 -1
 7 102 103 -1
 7 103 55 -1
 8 56 103 -1
 8 103 104 -1
 8 104 56 -1
 9 57 104 -1
 9 104 105 -1
 9 105 57 -1
 10 58 105 -1
 10 105 106 -1
 10 106 58 -1
 11 59 106 -1
 11 106 107 -1
 11 107 59 -1
 12 60 107 -1
 12 107 108 -1
 12 108 60 -1
 13 61 108 -1
 13 108 109 -1
 13 109 61 -1
 14 62 109 -1
 14 109 110 -1
 14 110 62 -1
 15 63 110 -1
 15 110 111 -1
 15 111 63 -1
 16 64 111 -1
 16 111 112 -1
 16 112 64 -1
 17 65 112 -1
 17 112 113 -1
 17 113 65 -1
 18 66 113 -1
 18 113 114 -1
 18 114 66 -1
 19 67 114 -1
 19 114 115 -1
 19 115 67 -1
 20 68 115 -1
 20 115 116 -1
 20 116 68 -1
 21 69 116 -1
 21 116 117 -1
 21 117 69 -1
 22 70 117 -1
 22 117 118 -1
 22 118 70 -1
 23 71 118 -1
 23 118 119 -1
 23 119 71 -1
 24 72 119 -1
 24 119 120 -1
 24 120 72 -1
 25 73 120 -1
 25 120 121 -1
 25 121 73 -1
 26 74 121 -1
 26 121 122 -1
 26 122 74 -1
 27 75 122 -1
 27 122 123 -1
 27 123 75 -1
 28 76 123 -1
 28 123 124 -1
 28 124 76 -1
 29 77 124 -1
 29 124 125 -1
 29 125 77 -1
 30 78 125 -1
 30 125 126 -1
 30 126 78 -1
 31 79 126 -1
 31 126 127 -1
 31 127 79 -1
 32 80 127 -1
 32 127 128 -1
 32 128 80 -1
 33 81 128 -1
 33 128 129 -1
 33 129 81 -1
 34 82 129 -1
 34 129 130 -1
 34 130 82 -1
 35 83 130 -1
 35 130 131 -1
 35 131 83 -1
 36 84 131 -1
 36 131 132 -1
 36 132 84 -1
 37 85 132 -1
 37 132 133 -1
 37 133 85 -1
 38 86 133 -1
 38 133 134 -1
 38 134 86 -1
 39 87 134 -1
 39 134 135 -1
 39 135 87 -1
 40 88 135 -1
 40 135 136 -1
 40 136 88 -1
 41 89 136 -1
 41 136 137 -1
 41 137 89 -1
 42 90 137 -1
 42 137 138 -1
 42 138 90 -1
 43 91 138 -1
 43 138 139 -1
 43 139 91 -1
 44 92 139 -1
 44 139 140 -1
 44 140 92 -1
 45 93 140 -1
 45 140 141 -1
 45 141 93 -1
 46 94 141 -1
 46 141 142 -1
 46 142 94 -1
 47 95 142 -1
 47 142 143 -1
 47 143 95 -1
 48 96 143 -1
 48 143 144 -1
 48 144 96 -1
 49 1 145 -1
 49 145 192 -1
 49 192 1 -1
 50 2 145 1
 50 145 146 1
 50 146 2 1
 51 3 146 1
 51 146 147 1
 51 147 3 1
 52 4 147 1
 52 147 148 1
 52 148 4 1
 53 5 148 1
 53 148 149 1
 53 149 5 1
 54 6 149 1
 54 149 150 1
 54 150 6 1
 55 7 150 1
 55 150 151 1
 55 151 7 1
 56 8 151 1
 56 151 152 1
 56 152 8 1
 57 9 152 1
 57 152 153 1
 57 153 9 1
 58 10 153 1
 58 153 154 1
 58 154 10 1
 59 11 154 1
 59 154 155 1
 59 155 11 1
 60 12 155 1
 60 155 156 1
 60 156 12 1
 61 13 156 1
 61 156 157 1
 61 157 13 1
 62 14 157 1
 62 157 158 1
 62 158 14 1
 63 15 158 1
 63 158 159 1
 63 159 15 1
 64 16 159 1
 64 159 160 1
 64 160 16 1
 65 17 160 1
 65 160 161 1
 65 161 17 1
 66 18 161 1
 66 161 162 1
 66 162 18 1
 67 19 162 1
 67 162 163 1
 67 163 19 1
 68 20 163 1
 68 163 164 1
 68 164 20 1
 69 21 164 1
 69 164 165 1
 69 165 21 1
 70 22 165 1
 70 165 166 1
 70 166 22 1
 71 23 166 1
 71 166 167 1
 71 167 23 1
 72 24 167 1
 72 167 168 1
 72 168 24 1
 73 25 168 1
 73 168 169 1
 73 169 25 1
 74 26 169 1
 74 169 170 1
 74 170 26 1
 75 27 170 1
 75 170 171 1
 75 171 27 1
 76 28 171 1
 76 171 172 1
 76 172 28 1
 77 29 172 1
 77 172 173 1
 77 173 29 1
 78 30 173 1
 78 173 174 1
 78 174 30 1
 79 31 174 1
 79 174 175 1
 79 175 31 1
 80 32 175 1
 80 175 176 1
 80 176 32 1
 81 33 176 1
 81 176 177 1
 81 177 33 1
 82 34 177 1
 82 177 178 1
 82 178 34 1
 83 35 178 1
 83 178 179 1
 83 179 35 1
 84 36 179 1
 84 179 180 1
 84 180 36 1
 85 37 180 1
 85 180 181 1
 85 181 37 1
 86 38 181 1
 86 181 182 1
 86 182 38 1
 87 39 182 1
 87 182 183 1
 87 183 39 1
 88 40 183 1
 88 183 184 1
 88 184 40 1
 89 41 184 1
 89 184 185 1
 89 185 41 1
 90 42 185 1
 90 185 186 1
 90 186 42 1
 91 43 186 1
 91 186 187 1
 91 187 43 1
 92 44 187 1
 92 187 188 1
 92 188 44 1
 93 45 188 1
 93 188 189 1
 93 189 45 1
 94 46 189 1
 94 189 190 1
 94 190 46 1
 95 47 190 1
 95 190 191 1
 95 191 47 1
 96 48 191 1
 96 191 192 1
 96 192 48 1
 97 1 2 1
 97 2 145 1
 97 145 1 1
 98 2 3 1
 98 3 146 1
 98 146 2 1
 99 3 4 1
 99 4 147 1
 99 147 3 1
 100 4 5 1
 100 5 148 1
 100 148 4 1
 101 5 6 1
 101 6 149 1
 101 149 5 1
 102 6 7 1
 102 7 150 1
 102 150 6 1
 103 7 8 1
 103 8 151 1
 103 151 7 1
 104 8 9 1
 104 9 152 1
 104 152 8 1
 105 9 10 1
 105 10 153 1
 105 153 9 1
 106 10 11 1
 106 11 154 1
 106 154 10 1
 107 11 12 1
 107 12 155 1
 107 155 11 1
 108 12 13 1
 108 13 156 1
 108 156 12 1
 109 13 14 1
 109 14 157 1
 109 157 13 1
 110 14 15 1
 110 15 158 1
 110 158 14 1
 111 15 16 1
 111 16 159 1
 111 159 15 1
 112 16 17 1
 112 17 160 1
 112 160 16 1
 113 17 18 1
 113 18 161 1
 113 161 17 1
 114 18 19 1
 114 19 162 1
 114 162 18 1
 115 19 20 1
 115 20 163 1
 115 163 19 1
 116 20 21 1
 116 21 164 1
 116 164 20 1
 117 21 22 1
 117 22 165 1
 117 165 21 1
 118 22 23 1
 118 23 166 1
 118 166 22 1
 119 23 24 1
 119 24 167 1
 119 167 23 1
 120 24 25 1
 120 25 168 1
 120 168 24 1
 121 25 26 1
 121 26 169 1
 121 169 25 1
 122 26 27 1
 122 27 170 1
 122 170 26 1
 123 27 28 1
 123 28 171 1
 123 171 27 1
 124 28 29 1
 124 29 172 1
 124 172 28 1
 125 29 30 1
 125 30 173 1
 125 173 29 1
 126 30 31 1
 126 31 174 1
 126 174 30 1
 127 31 32 1
 127 32 175 1
 127 175 31 1
 128 32 33 1
 128 33 176 1
 128 176 32 1
 129 33 34 1
 129 34 177 1
 129 177 33 1
 130 34 35 1
 130 35 178 1
 130 178 34 1
 131 35 36 1
 131 36 179 1
 131 179 35 1
 132 36 37 1
 132 37 180 1
 132 180 36 1
 133 37 38 1
 133 38 181 1
 133 181 37 1
 134 38 39 1
 134 39 182 1
 134 182 38 1
 135 39 40 1
 135 40 183 1
 135 183 39 1
 136 40 41 1
 136 41 184 1
 136 184 40 1
 137 41 42 1
 137 42 185 1
 137 185 41 1
 138 42 43 1
 138 43 186 1
 138 186 42 1
 139 43 44 1
 139 44 187 1
 139 187 43 1
 140 44 45 1
 140 45 188 1
 140 188 44 1
 141 45 46 1
 141 46 189 1
 141 189 45 1
 142 46 47 1
 142 47 190 1
 142 190 46 1
 143 47 48 1
 143 48 191 1
 143 191 47 1
 144 1 48 -1
 144 48 192 -1
 144 192 1 -1
 145 49 50 -1
 145 50 97 -1
 145 97 49 -1
 146 50 51 -1
 146 51 98 -1
 146 98 50 -1
 147 51 52 -1
 147 52 99 -1
 147 99 51 -1
 148 52 53 -1
 148 53 100 -1
 148 100 52 -1
 149 53 54 -1
 149 54 101 -1
 149 101 53 -1
 150 54 55 -1
 150 55 102 -1
 150 102 54 -1
 151 55 56 -1
 151 56 103 -1
 151 103 55 -1
 152 56 57 -1
 152 57 104 -1
 152 104 56 -1
 153 57 58 -1
 153 58 105 -1
 153 105 57 -1
 154 58 59 -1
 154 59 106 -1
 154 106 58 -1
 155 59 60 -1
 155 60 107 -1
 155 107 59 -1
 156 60 61 -1
 156 61 108 -1
 156 108 60 -1
 157 61 62 -1
 157 62 109 -1
 157 109 61 -1
 158 62 63 -1
 158 63 110 -1
 158 110 62 -1
 159 63 64 -1
 159 64 111 -1
 159 111 63 -1
 160 64 65 -1
 160 65 112 -1
 160 112 64 -1
 161 65 66 -1
 161 66 113 -1
 161 113 65 -1
 162 66 67 -1
 162 67 114 -1
 162 114 66 -1
 163 67 68 -1
 163 68 115 -1
 163 115 67 -1
 164 68 69 -1
 164 69 116 -1
 164 116 68 -1
 165 69 70 -1
 165 70 117 -1
 165 117 69 -1
 166 70 71 -1
 166 71 118 -1
 166 118 70 -1
 167 71 72 -1
 167 72 119 -1
 167 119 71 -1
 168 72 73 -1
 168 73 120 -1
 168 120 72 -1
 169 73 74 -1
 169 74 121 -1
 169 121 73 -1
 170 74 75 -1
 170 75 122 -1
 170 122 74 -1
 171 75 76 -1
 171 76 123 -1
 171 123 75 -1
 172 76 77 -1
 172 77 124 -1
 172 124 76 -1
 173 77 78 -1
 173 78 125 -1
 173 125 77 -1
 174 78 79 -1
 174 79 126 -1
 174 126 78 -1
 175 79 80 -1
 175 80 127 -1
 175 127 79 -1
 176 80 81 -1
 176 81 128 -1
 176 128 80 -1
 177 81 82 -1
 177 82 129 -1
 177 129 81 -1
 178 82 83 -1
 178 83 130 -1
 178 130 82 -1
 179 83 84 -1
 179 84 131 -1
 179 131 83 -1
 180 84 85 -1
 180 85 132 -1
 180 132 84 -1
 181 85 86 -1
 181 86 133 -1
 181 133 85 -1
 182 86 87 -1
 182 87 134 -1
 182 134 86 -1
 183 87 88 -1
 183 88 135 -1
 183 135 87 -1
 184 88 89 -1
 184 89 136 -1
 184 136 88 -1
 185 89 90 -1
 185 90 137 -1
 185 137 89 -1
 186 90 91 -1
 186 91 138 -1
 186 138 90 -1
 187 91 92 -1
 187 92 139 -1
 187 139 91 -1
 188 92 93 -1
 188 93 140 -1
 188 140 92 -1
 189 93 94 -1
 189 94 141 -1
 189 141 93 -1
 190 94 95 -1
 190 95 142 -1
 190 142 94 -1
 191 95 96 -1
 191 96 143 -1
 191 143 95 -1
 192 49 96 1
 192 96 144 1
 192 144 49 1
