 240
 1 21 41 1
 1 41 60 1
 1 60 21 1
 2 22 41 -1
 2 41 42 -1
 2 42 22 -1
 3 23 42 -1
 3 42 43 -1
 3 43 23 -1
 4 24 43 -1
 4 43 44 -1
 4 44 24 -1
 5 25 44 -1
 5 44 45 -1
 5 45 25 -1
 6 26 45 -1
 6 45 46 -1
 6 46 26 -1
 7 27 46 -1
 7 46 47 -1
 7 47 27 -1
 8 28 47 -1
 8 47 48 -1
 8 48 28 -1
 9 29 48 -1
 9 48 49 -1
 9 49 29 -1
 10 30 49 -1
 10 49 50 -1
 10 50 30 -1
 11 31 50 -1
 11 50 51 -1
 11 51 31 -1
 12 32 51 -1
 12 51 52 -1
 12 52 32 -1
 13 33 52 -1
 13 52 53 -1
 13 53 33 -1
 14 34 53 -1
 14 53 54 -1
 14 54 34 -1
 15 35 54 -1
 15 54 55 -1
 15 55 35 -1
 16 36 55 -1
 16 55 56 -1
 16 56 36 -1
 17 37 56 -1
 17 56 57 -1
 17 57 37 -1
 18 38 57 -1
 18 57 58 -1
 18 58 38 -1
 19 39 58 -1
 19 58 59 -1
 19 59 39 -1
 20 40 59 -1
 20 59 60 -1
 20 60 40 -1
 21 1 61 -1
 21 61 80 -1
 21 80 1 -1
 22 2 61 1
 22 61 62 1
 22 62 2 1
 23 3 62 1
 23 62 63 1
 23 63 3 1
 24 4 63 1
 24 63 64 1
 24 64 4 1
 25 5 64 1
 25 64 65 1
 25 65 5 1
 26 6 65 1
 26 65 66 1
 26 66 6 1
 27 7 66 1
 27 66 67 1
 27 67 7 1
 28 8 67 1
 28 67 68 1
 28 68 8 1
 29 9 68 1
 29 68 69 1
 29 69 9 1
 30 10 69 1
 30 69 70 1
 30 70 10 1
 31 11 70 1
 31 70 71 1
 31 71 11 1
 32 12 71 1
 32 71 72 1
 32 72 12 1
 33 13 72 1
 33 72 73 1
 33 73 13 1
 34 14 73 1
 34 73 74 1
 34 74 14 1
 35 15 74 1
 35 74 75 1
 35 75 15 1
 36 16 75 1
 36 75 76 1
 36 76 16 1
 37 17 76 1
 37 76 77 1
 37 77 17 1
 38 18 77 1
 38 77 78 1
 38 78 18 1
 39 19 78 1
 39 78 79 1
 39 79 19 1
 40 20 79 1
 40 79 80 1
 40 80 20 1
 41 1 2 1
 41 2 61 1
 41 61 1 1
 42 2 3 1
 42 3 62 1
 42 62 2 1
 43 3 4 1
 43 4 63 1
 43 63 3 1
 44 4 5 1
 44 5 64 1
 44 64 4 1
 45 5 6 1
 45 6 65 1
 45 65 5 1
 46 6 7 1
 46 7 66 1
 46 66 6 1
 47 7 8 1
 47 8 67 1
 47 67 7 1
 48 8 9 1
 48 9 68 1
 48 68 8 1
 49 9 10 1
 49 10 69 1
 49 69 9 1
 50 10 11 1
 50 11 70 1
 50 70 10 1
 51 11 12 1
 51 12 71 1
 51 71 11 1
 52 12 13 1
 52 13 72 1
 52 72 12 1
 53 13 14 1
 53 14 73 1
 53 73 13 1
 54 14 15 1
 54 15 74 1
 54 74 14 1
 55 15 16 1
 55 16 75 1
 55 75 15 1
 56 16 17 1
 56 17 76 1
 56 76 16 1
 57 17 18 1
 57 18 77 1
 57 77 17 1
 58 18 19 1
 58 19 78 1
 58 78 18 1
 59 19 20 1
 59 20 79 1
 59 79 19 1
 60 1 20 -1
 60 20 80 -1
 60 80 1 -1
 61 21 22 -1
 61 22 41 -1
 61 41 21 -1
 62 22 23 -1
 62 23 42 -1
 62 42 22 -1
 63 23 24 -1
 63 24 43 -1
 63 43 23 -1
 64 24 25 -1
 64 25 44 -1
 64 44 24 -1
 65 25 26 -1
 65 26 45 -1
 65 45 25 -1
 66 26 27 -1
 66 27 46 -1
 66 46 26 -1
 67 27 28 -1
 67 28 47 -1
 67 47 27 -1
 68 28 29 -1
 68 29 48 -1
 68 48 28 -1
 69 29 30 -1
 69 30 49 -1
 69 49 29 -1
 70 30 31 -1
 70 31 50 -1
 70 50 30 -1
 71 31 32 -1
 71 32 51 -1
 71 51 31 -1
 72 32 33 -1
 72 33 52 -1
 72 52 32 -1
 73 33 34 -1
 73 34 53 -1
 73 53 33 -1
 74 34 35 -1
 74 35 54 -1
 74 54 34 -1
 75 35 36 -1
 75 36 55 -1
 75 55 35 -1
 76 36 37 -1
 76 37 56 -1
 76 56 36 -1
 77 37 38 -1
 77 38 57 -1
 77 57 37 -1
 78 38 39 -1
 78 39 58 -1
 78 58 38 -1
 79 39 40 -1
 79 40 59 -1
 79 59 39 -1
 80 21 40 1
 80 40 60 1
 80 60 21 1
