 C
 AIREBO 
 40
 1.024875e+01
 4.878643737041103e+00 0.000000000000000e+00 0.000000000000000e+00
 0.000000000000000e+00 4.878643737041103e+00 0.000000000000000e+00
 0.000000000000000e+00 0.000000000000000e+00 4.156604463959019e-01
 fra
 5.781210810269004e-01 5.051203261693729e-01 0.000000000000000e+00 C
 5.601916299604200e-01 5.500608502085228e-01 0.000000000000000e+00 C
 5.192710220873158e-01 5.758798309737343e-01 0.000000000000000e+00 C
 4.709895387748069e-01 5.727152953675763e-01 0.000000000000000e+00 C
 4.337890656210108e-01 5.417759884329920e-01 0.000000000000000e+00 C
 4.218789189730996e-01 4.948796738306271e-01 0.000000000000000e+00 C
 4.398083700395798e-01 4.499391497914773e-01 0.000000000000000e+00 C
 4.807289779126841e-01 4.241201690262658e-01 0.000000000000000e+00 C
 5.290104612251931e-01 4.272847046324237e-01 0.000000000000000e+00 C
 5.662109343789893e-01 4.582240115670080e-01 0.000000000000000e+00 C
 5.781210810269004e-01 5.051203261693729e-01 3.333333333333334e-01 C
 5.601916299604200e-01 5.500608502085228e-01 3.333333333333334e-01 C
 5.192710220873158e-01 5.758798309737343e-01 3.333333333333334e-01 C
 4.709895387748069e-01 5.727152953675763e-01 3.333333333333334e-01 C
 4.337890656210108e-01 5.417759884329920e-01 3.333333333333334e-01 C
 4.218789189730996e-01 4.948796738306271e-01 3.333333333333334e-01 C
 4.398083700395798e-01 4.499391497914773e-01 3.333333333333334e-01 C
 4.807289779126841e-01 4.241201690262658e-01 3.333333333333334e-01 C
 5.290104612251931e-01 4.272847046324237e-01 3.333333333333334e-01 C
 5.662109343789893e-01 4.582240115670080e-01 3.333333333333334e-01 C
 5.727152953675763e-01 5.290104612251931e-01 8.333333333333333e-01 C
 5.417759884329920e-01 5.662109343789893e-01 8.333333333333333e-01 C
 4.948796738306271e-01 5.781210810269004e-01 8.333333333333333e-01 C
 4.499391497914773e-01 5.601916299604202e-01 8.333333333333333e-01 C
 4.241201690262658e-01 5.192710220873159e-01 8.333333333333333e-01 C
 4.272847046324237e-01 4.709895387748069e-01 8.333333333333333e-01 C
 4.582240115670080e-01 4.337890656210108e-01 8.333333333333333e-01 C
 5.051203261693727e-01 4.218789189730996e-01 8.333333333333333e-01 C
 5.500608502085228e-01 4.398083700395800e-01 8.333333333333333e-01 C
 5.758798309737343e-01 4.807289779126841e-01 8.333333333333333e-01 C
 5.727152953675763e-01 5.290104612251931e-01 5.000000000000000e-01 C
 5.417759884329920e-01 5.662109343789893e-01 5.000000000000000e-01 C
 4.948796738306271e-01 5.781210810269004e-01 5.000000000000000e-01 C
 4.499391497914773e-01 5.601916299604202e-01 5.000000000000000e-01 C
 4.241201690262658e-01 5.192710220873159e-01 5.000000000000000e-01 C
 4.272847046324237e-01 4.709895387748069e-01 5.000000000000000e-01 C
 4.582240115670080e-01 4.337890656210108e-01 5.000000000000000e-01 C
 5.051203261693727e-01 4.218789189730996e-01 5.000000000000000e-01 C
 5.500608502085228e-01 4.398083700395800e-01 5.000000000000000e-01 C
 5.758798309737343e-01 4.807289779126841e-01 5.000000000000000e-01 C
