 C
 AIREBO 
 112
 1.024875e+01
 4.878643737041103e+00 0.000000000000000e+00 0.000000000000000e+00
 0.000000000000000e+00 4.878643737041103e+00 0.000000000000000e+00
 0.000000000000000e+00 0.000000000000000e+00 4.156604463959019e-01
 fra
 7.187390268753210e-01 5.143369132742440e-01 0.000000000000000e+00 C
 7.100645194524051e-01 5.626514694785824e-01 0.000000000000000e+00 C
 6.908564998711018e-01 6.078244193935111e-01 0.000000000000000e+00 C
 6.620781384389222e-01 6.475906026844839e-01 0.000000000000000e+00 C
 6.251725023660484e-01 6.799559768721707e-01 0.000000000000000e+00 C
 5.819901943496895e-01 7.032976069487680e-01 0.000000000000000e+00 C
 5.346965556274013e-01 7.164450461160761e-01 0.000000000000000e+00 C
 4.856630867257561e-01 7.187390268753210e-01 0.000000000000000e+00 C
 4.373485305214176e-01 7.100645194524051e-01 0.000000000000000e+00 C
 3.921755806064891e-01 6.908564998711018e-01 0.000000000000000e+00 C
 3.524093973155161e-01 6.620781384389222e-01 0.000000000000000e+00 C
 3.200440231278293e-01 6.251725023660484e-01 0.000000000000000e+00 C
 2.967023930512321e-01 5.819901943496896e-01 0.000000000000000e+00 C
 2.835549538839240e-01 5.346965556274013e-01 0.000000000000000e+00 C
 2.812609731246790e-01 4.856630867257561e-01 0.000000000000000e+00 C
 2.899354805475949e-01 4.373485305214178e-01 0.000000000000000e+00 C
 3.091435001288984e-01 3.921755806064888e-01 0.000000000000000e+00 C
 3.379218615610778e-01 3.524093973155162e-01 0.000000000000000e+00 C
 3.748274976339516e-01 3.200440231278294e-01 0.000000000000000e+00 C
 4.180098056503105e-01 2.967023930512320e-01 0.000000000000000e+00 C
 4.653034443725990e-01 2.835549538839240e-01 0.000000000000000e+00 C
 5.143369132742439e-01 2.812609731246790e-01 0.000000000000000e+00 C
 5.626514694785825e-01 2.899354805475949e-01 0.000000000000000e+00 C
 6.078244193935112e-01 3.091435001288984e-01 0.000000000000000e+00 C
 6.475906026844838e-01 3.379218615610777e-01 0.000000000000000e+00 C
 6.799559768721706e-01 3.748274976339516e-01 0.000000000000000e+00 C
 7.032976069487680e-01 4.180098056503105e-01 0.000000000000000e+00 C
 7.164450461160761e-01 4.653034443725988e-01 0.000000000000000e+00 C
 7.187390268753210e-01 5.143369132742440e-01 3.333333333333334e-01 C
 7.100645194524051e-01 5.626514694785824e-01 3.333333333333334e-01 C
 6.908564998711018e-01 6.078244193935111e-01 3.333333333333334e-01 C
 6.620781384389222e-01 6.475906026844839e-01 3.333333333333334e-01 C
 6.251725023660484e-01 6.799559768721707e-01 3.333333333333334e-01 C
 5.819901943496895e-01 7.032976069487680e-01 3.333333333333334e-01 C
 5.346965556274013e-01 7.164450461160761e-01 3.333333333333334e-01 C
 4.856630867257561e-01 7.187390268753210e-01 3.333333333333334e-01 C
 4.373485305214176e-01 7.100645194524051e-01 3.333333333333334e-01 C
 3.921755806064891e-01 6.908564998711018e-01 3.333333333333334e-01 C
 3.524093973155161e-01 6.620781384389222e-01 3.333333333333334e-01 C
 3.200440231278293e-01 6.251725023660484e-01 3.333333333333334e-01 C
 2.967023930512321e-01 5.819901943496896e-01 3.333333333333334e-01 C
 2.835549538839240e-01 5.346965556274013e-01 3.333333333333334e-01 C
 2.812609731246790e-01 4.856630867257561e-01 3.333333333333334e-01 C
 2.899354805475949e-01 4.373485305214178e-01 3.333333333333334e-01 C
 3.091435001288984e-01 3.921755806064888e-01 3.333333333333334e-01 C
 3.379218615610778e-01 3.524093973155162e-01 3.333333333333334e-01 C
 3.748274976339516e-01 3.200440231278294e-01 3.333333333333334e-01 C
 4.180098056503105e-01 2.967023930512320e-01 3.333333333333334e-01 C
 4.653034443725990e-01 2.835549538839240e-01 3.333333333333334e-01 C
 5.143369132742439e-01 2.812609731246790e-01 3.333333333333334e-01 C
 5.626514694785825e-01 2.899354805475949e-01 3.333333333333334e-01 C
 6.078244193935112e-01 3.091435001288984e-01 3.333333333333334e-01 C
 6.475906026844838e-01 3.379218615610777e-01 3.333333333333334e-01 C
 6.799559768721706e-01 3.748274976339516e-01 3.333333333333334e-01 C
 7.032976069487680e-01 4.180098056503105e-01 3.333333333333334e-01 C
 7.164450461160761e-01 4.653034443725988e-01 3.333333333333334e-01 C
 7.157584168024834e-01 5.387377663202395e-01 8.333333333333333e-01 C
 7.017289388879396e-01 5.857772940570027e-01 8.333333333333333e-01 C
 6.775839296308639e-01 6.285155900949606e-01 8.333333333333333e-01 C
 6.445341206161845e-01 6.648095778111873e-01 8.333333333333333e-01 C
 6.042367672718815e-01 6.928393251110966e-01 8.333333333333333e-01 C
 5.587125471617315e-01 7.111993034230394e-01 8.333333333333333e-01 C
 5.102442347746460e-01 7.189688667698619e-01 8.333333333333333e-01 C
 4.612622336797606e-01 7.157584168024834e-01 8.333333333333333e-01 C
 4.142227059429974e-01 7.017289388879396e-01 8.333333333333333e-01 C
 3.714844099050394e-01 6.775839296308640e-01 8.333333333333333e-01 C
 3.351904221888127e-01 6.445341206161845e-01 8.333333333333333e-01 C
 3.071606748889034e-01 6.042367672718815e-01 8.333333333333333e-01 C
 2.888006965769607e-01 5.587125471617317e-01 8.333333333333333e-01 C
 2.810311332301381e-01 5.102442347746460e-01 8.333333333333333e-01 C
 2.842415831975167e-01 4.612622336797605e-01 8.333333333333333e-01 C
 2.982710611120604e-01 4.142227059429973e-01 8.333333333333333e-01 C
 3.224160703691360e-01 3.714844099050394e-01 8.333333333333333e-01 C
 3.554658793838154e-01 3.351904221888127e-01 8.333333333333333e-01 C
 3.957632327281184e-01 3.071606748889035e-01 8.333333333333333e-01 C
 4.412874528382686e-01 2.888006965769606e-01 8.333333333333333e-01 C
 4.897557652253539e-01 2.810311332301381e-01 8.333333333333333e-01 C
 5.387377663202393e-01 2.842415831975166e-01 8.333333333333333e-01 C
 5.857772940570029e-01 2.982710611120604e-01 8.333333333333333e-01 C
 6.285155900949607e-01 3.224160703691361e-01 8.333333333333333e-01 C
 6.648095778111872e-01 3.554658793838153e-01 8.333333333333333e-01 C
 6.928393251110966e-01 3.957632327281184e-01 8.333333333333333e-01 C
 7.111993034230394e-01 4.412874528382686e-01 8.333333333333333e-01 C
 7.189688667698619e-01 4.897557652253539e-01 8.333333333333333e-01 C
 7.157584168024834e-01 5.387377663202395e-01 5.000000000000000e-01 C
 7.017289388879396e-01 5.857772940570027e-01 5.000000000000000e-01 C
 6.775839296308639e-01 6.285155900949606e-01 5.000000000000000e-01 C
 6.445341206161845e-01 6.648095778111873e-01 5.000000000000000e-01 C
 6.042367672718815e-01 6.928393251110966e-01 5.000000000000000e-01 C
 5.587125471617315e-01 7.111993034230394e-01 5.000000000000000e-01 C
 5.102442347746460e-01 7.189688667698619e-01 5.000000000000000e-01 C
 4.612622336797606e-01 7.157584168024834e-01 5.000000000000000e-01 C
 4.142227059429974e-01 7.017289388879396e-01 5.000000000000000e-01 C
 3.714844099050394e-01 6.775839296308640e-01 5.000000000000000e-01 C
 3.351904221888127e-01 6.445341206161845e-01 5.000000000000000e-01 C
 3.071606748889034e-01 6.042367672718815e-01 5.000000000000000e-01 C
 2.888006965769607e-01 5.587125471617317e-01 5.000000000000000e-01 C
 2.810311332301381e-01 5.102442347746460e-01 5.000000000000000e-01 C
 2.842415831975167e-01 4.612622336797605e-01 5.000000000000000e-01 C
 2.982710611120604e-01 4.142227059429973e-01 5.000000000000000e-01 C
 3.224160703691360e-01 3.714844099050394e-01 5.000000000000000e-01 C
 3.554658793838154e-01 3.351904221888127e-01 5.000000000000000e-01 C
 3.957632327281184e-01 3.071606748889035e-01 5.000000000000000e-01 C
 4.412874528382686e-01 2.888006965769606e-01 5.000000000000000e-01 C
 4.897557652253539e-01 2.810311332301381e-01 5.000000000000000e-01 C
 5.387377663202393e-01 2.842415831975166e-01 5.000000000000000e-01 C
 5.857772940570029e-01 2.982710611120604e-01 5.000000000000000e-01 C
 6.285155900949607e-01 3.224160703691361e-01 5.000000000000000e-01 C
 6.648095778111872e-01 3.554658793838153e-01 5.000000000000000e-01 C
 6.928393251110966e-01 3.957632327281184e-01 5.000000000000000e-01 C
 7.111993034230394e-01 4.412874528382686e-01 5.000000000000000e-01 C
 7.189688667698619e-01 4.897557652253539e-01 5.000000000000000e-01 C
