 C
 AIREBO 
 400
 1.024875e+01
 4.878643737041103e+00 0.000000000000000e+00 0.000000000000000e+00
 0.000000000000000e+00 4.878643737041103e+00 0.000000000000000e+00
 0.000000000000000e+00 0.000000000000000e+00 4.156604463959019e-01
 fra
 7.489577807101500e-01 4.908775578213547e-01 6.519626067273529e-04 C
 7.136760069389362e-01 5.244966033672362e-01 6.252362452034118e-04 C
 6.782293850050484e-01 5.579618558945508e-01 6.154812819877301e-04 C
 6.450290964242197e-01 5.936249677843979e-01 6.530733027228881e-04 C
 6.161669336337217e-01 6.328728894575667e-01 7.502956716172806e-04 C
 5.914423535903978e-01 6.748521010333545e-01 6.033778092140446e-04 C
 5.734203612995139e-01 7.201434234205039e-01 5.683065752197487e-04 C
 5.579734783389555e-01 7.664775484388053e-01 4.573225797856174e-04 C
 5.445145632700007e-01 8.134540692100622e-01 4.581619495880655e-04 C
 5.234181712555532e-01 8.574792432912719e-01 7.571099827584929e-05 C
 4.819524531818285e-01 8.827562296811060e-01 -9.625623558189778e-04 C
 4.362217488585783e-01 8.666760742344082e-01 -3.069493469708425e-04 C
 4.122328955764539e-01 8.242220749744321e-01 4.296507696682266e-04 C
 4.011430560100394e-01 7.766233773147138e-01 4.230133346651748e-04 C
 3.892710035921134e-01 7.292336257798901e-01 5.235153859549413e-04 C
 3.743212730740660e-01 6.827553364013754e-01 5.962015953077073e-04 C
 3.538934624968236e-01 6.385010365962280e-01 6.385839120910911e-04 C
 3.300676863328271e-01 5.959861706698482e-01 6.400491588520495e-04 C
 3.055630015024089e-01 5.538573943842435e-01 6.808604951609815e-04 C
 2.806715012473807e-01 5.119500490883346e-01 6.072854117602722e-04 C
 2.548806350506778e-01 4.705815128187403e-01 6.062498436596717e-04 C
 2.284395133129348e-01 4.296126977989528e-01 5.728859479958786e-04 C
 2.062328170354224e-01 3.862237471749564e-01 4.169993791783909e-04 C
 2.030962290878787e-01 3.377288629527191e-01 -1.585361599331917e-04 C
 2.316095664102614e-01 2.985164579973194e-01 -5.772515769887832e-05 C
 2.783291902005514e-01 2.850277492941845e-01 4.889630754929534e-04 C
 3.269815621223832e-01 2.880922798316782e-01 5.835012220375323e-04 C
 3.754220470581970e-01 2.935042328140001e-01 6.692546415513464e-04 C
 4.239824351614859e-01 2.975520421881878e-01 6.545715836944599e-04 C
 4.725721200534707e-01 3.010051706152843e-01 6.812195507760453e-04 C
 5.212230262996954e-01 3.033226878947821e-01 6.765671532357126e-04 C
 5.699273311629570e-01 3.024755383375319e-01 6.558974051093059e-04 C
 6.185994238060549e-01 3.001199608626373e-01 6.281205998293925e-04 C
 6.673375562531161e-01 2.989387650007723e-01 6.017164384402951e-04 C
 7.161050809466348e-01 2.983705333060926e-01 5.582555802711710e-04 C
 7.646110904979173e-01 3.032247588464260e-01 4.267527311248556e-04 C
 8.073711134641595e-01 3.263619051887270e-01 -9.967571683798057e-05 C
 8.263249646797273e-01 3.710071056534322e-01 -9.572894582870327e-05 C
 8.133204310740652e-01 4.178547261012673e-01 4.341862939186447e-04 C
 7.832478258071564e-01 4.562216987793886e-01 5.582879182890539e-04 C
 7.489577780422210e-01 4.908775890701781e-01 3.326825427959139e-01 C
 7.136759431545675e-01 5.244966192859987e-01 3.327085625174800e-01 C
 6.782293809883569e-01 5.579619614790995e-01 3.327194941236045e-01 C
 6.450290539112770e-01 5.936249653899186e-01 3.326822862873505e-01 C
 6.161669740207835e-01 6.328729130951336e-01 3.325856157777193e-01 C
 5.914424880681125e-01 6.748520509756090e-01 3.327332170800260e-01 C
 5.734209453571604e-01 7.201432574808132e-01 3.327671262184884e-01 C
 5.579733266322146e-01 7.664774618960244e-01 3.328744735773836e-01 C
 5.445145180615706e-01 8.134540163187134e-01 3.328738500965773e-01 C
 5.234181156415110e-01 8.574792132933341e-01 3.332548762903569e-01 C
 4.819524264264596e-01 8.827562337869437e-01 3.342932899360894e-01 C
 4.362217414241643e-01 8.666760751962553e-01 3.336392659775320e-01 C
 4.122329079924261e-01 8.242220603976909e-01 3.329050523530973e-01 C
 4.011430756814797e-01 7.766233899484153e-01 3.329136857049366e-01 C
 3.892709929886571e-01 7.292336199563079e-01 3.328138838120768e-01 C
 3.743212316672484e-01 6.827553713495573e-01 3.327402966910414e-01 C
 3.538934621169337e-01 6.385009697008475e-01 3.326995078075454e-01 C
 3.300674665501531e-01 5.959863229639104e-01 3.326981501046720e-01 C
 3.055630117783136e-01 5.538573974969667e-01 3.326551205361187e-01 C
 2.806715276776183e-01 5.119500494304048e-01 3.327285646269266e-01 C
 2.548806210420572e-01 4.705815086034689e-01 3.327304962399500e-01 C
 2.284394624213932e-01 4.296127102575636e-01 3.327637300844622e-01 C
 2.062327858538438e-01 3.862237644198830e-01 3.329179487178580e-01 C
 2.030962157566189e-01 3.377288462921144e-01 3.334931711219363e-01 C
 2.316095758517734e-01 2.985164777709947e-01 3.333941220320213e-01 C
 2.783291500316780e-01 2.850277544241949e-01 3.328477576692775e-01 C
 3.269815628844960e-01 2.880922764149810e-01 3.327522261233700e-01 C
 3.754220535444285e-01 2.935042652394235e-01 3.326644999784275e-01 C
 4.239824637129571e-01 2.975520268431164e-01 3.326783382614759e-01 C
 4.725720891845533e-01 3.010051220227363e-01 3.326521552353806e-01 C
 5.212229974968500e-01 3.033226765331488e-01 3.326574511982830e-01 C
 5.699273246834793e-01 3.024755268232630e-01 3.326777894176876e-01 C
 6.185994280413573e-01 3.001199566192879e-01 3.327046189808367e-01 C
 6.673375879153006e-01 2.989388008996542e-01 3.327310884969653e-01 C
 7.161051179744690e-01 2.983705236689311e-01 3.327764386721721e-01 C
 7.646110388944898e-01 3.032247059866915e-01 3.329091795233838e-01 C
 8.073711068755803e-01 3.263618672574847e-01 3.334355428048243e-01 C
 8.263249353720021e-01 3.710070643591526e-01 3.334313426482502e-01 C
 8.133204453699736e-01 4.178547133854363e-01 3.329005633651634e-01 C
 7.832478195000485e-01 4.562217103368061e-01 3.327762290071876e-01 C
 7.314389423776678e-01 5.078127800485263e-01 8.326634751504129e-01 C
 6.959208617967078e-01 5.411913937169758e-01 8.326695875235363e-01 C
 6.611090572660552e-01 5.753093718730172e-01 8.326965502306310e-01 C
 6.300982851041692e-01 6.128857913952390e-01 8.326601580948317e-01 C
 6.030078657960642e-01 6.533852481814886e-01 8.327208962217029e-01 C
 5.817254482376339e-01 6.972192142439521e-01 8.327200402729734e-01 C
 5.653043237414351e-01 7.431765335945389e-01 8.328590958522467e-01 C
 5.513491281805715e-01 7.899929319907415e-01 8.329076570183992e-01 C
 5.358675613195949e-01 8.363311930761769e-01 8.329349298776513e-01 C
 5.053263618954673e-01 8.742921789889655e-01 8.338414112719210e-01 C
 4.572030720047124e-01 8.799239351458026e-01 8.341945487107640e-01 C
 4.215324389424170e-01 8.468930224637833e-01 8.331121278144530e-01 C
 4.061266951701570e-01 8.005476679422139e-01 8.328962344864932e-01 C
 3.957270603891103e-01 7.527947741083210e-01 8.328797956027555e-01 C
 3.821578727373078e-01 7.058570245724402e-01 8.328519194260537e-01 C
 3.648908351337388e-01 6.602625355266145e-01 8.327423350032657e-01 C
 3.420051304834873e-01 6.172286279345587e-01 8.326075244244617e-01 C
 3.178920425053855e-01 5.748757473202012e-01 8.326845495801062e-01 C
 2.932175343063185e-01 5.328476551892692e-01 8.326879674537565e-01 C
 2.677621824723901e-01 4.912743989373601e-01 8.326389365326878e-01 C
 2.416969197163641e-01 4.500733059391642e-01 8.327655506903653e-01 C
 2.161022954080858e-01 4.085724849569641e-01 8.327870965424878e-01 C
 2.010730092556800e-01 3.622609504932258e-01 8.331727974885631e-01 C
 2.136263836674515e-01 3.154027914387416e-01 8.335988715779797e-01 C
 2.541171499774533e-01 2.886384161750672e-01 8.330678086515583e-01 C
 3.027342831850844e-01 2.855413643913760e-01 8.327696696865998e-01 C
 3.511810961576104e-01 2.910161375869454e-01 8.327381773759034e-01 C
 3.996945659181491e-01 2.956324375059522e-01 8.326566879339710e-01 C
 4.482805234432535e-01 2.992547668807525e-01 8.326120207301034e-01 C
 4.968846174226209e-01 3.024303249496200e-01 8.326308007328334e-01 C
 5.455814154698453e-01 3.033428076957768e-01 8.326741859952704e-01 C
 5.942541504857647e-01 3.011505940888476e-01 8.326259184787510e-01 C
 6.429617309748225e-01 2.993239821226726e-01 8.326640006949426e-01 C
 6.917191758007143e-01 2.985728202921684e-01 8.327762596858573e-01 C
 7.404818224857372e-01 2.993808441098882e-01 8.328010355797809e-01 C
 7.875953197998775e-01 3.117269425698282e-01 8.331344511612977e-01 C
 8.210365262392653e-01 3.469066313557558e-01 8.335735911332657e-01 C
 8.231348148034771e-01 3.954003469465238e-01 8.331324478164730e-01 C
 7.993839073125464e-01 4.379232235767669e-01 8.328008084293383e-01 C
 7.662355601157725e-01 4.736887747653601e-01 8.327441725939587e-01 C
 7.314389680916624e-01 5.078127918720399e-01 5.006697037874301e-01 C
 6.959208336425368e-01 5.411914145977402e-01 5.006639818147220e-01 C
 6.611090357454320e-01 5.753094022605698e-01 5.006387024368756e-01 C
 6.300983037030891e-01 6.128858424354930e-01 5.006754140888592e-01 C
 6.030079278644976e-01 6.533852222087192e-01 5.006144074665596e-01 C
 5.817257630904770e-01 6.972191215248860e-01 5.006173740371538e-01 C
 5.653041480521721e-01 7.431763151999393e-01 5.004744247264049e-01 C
 5.513490556843220e-01 7.899928388491286e-01 5.004249875558451e-01 C
 5.358675123982288e-01 8.363311531797125e-01 5.003964567726237e-01 C
 5.053263439451419e-01 8.742921668032912e-01 4.994890314681462e-01 C
 4.572030683882568e-01 8.799239426893073e-01 4.991369850455225e-01 C
 4.215324421065807e-01 8.468930135797275e-01 5.002213421370691e-01 C
 4.061267021986406e-01 8.005476871705420e-01 5.004395717934002e-01 C
 3.957270832144143e-01 7.527947825036124e-01 5.004575261940825e-01 C
 3.821577401019208e-01 7.058570641218342e-01 5.004850772383924e-01 C
 3.648910076680569e-01 6.602624499434663e-01 5.005947252345132e-01 C
 3.420047819447618e-01 6.172287962762074e-01 5.007315189320065e-01 C
 3.178919638480283e-01 5.748757909096307e-01 5.006525166584309e-01 C
 2.932175878814958e-01 5.328476460260158e-01 5.006478886390274e-01 C
 2.677622189868951e-01 4.912743856182833e-01 5.006977169799343e-01 C
 2.416968975298444e-01 4.500733037269040e-01 5.005707675686532e-01 C
 2.161022413469632e-01 4.085724856087669e-01 5.005484312074453e-01 C
 2.010729755648824e-01 3.622609396021448e-01 5.001619999165282e-01 C
 2.136264033425618e-01 3.154027965744287e-01 4.997362903281374e-01 C
 2.541171254695154e-01 2.886384329567993e-01 5.002687661799083e-01 C
 3.027343045428649e-01 2.855413587104847e-01 5.005672614889436e-01 C
 3.511811074531437e-01 2.910161629853240e-01 5.005962823650165e-01 C
 3.996945582582702e-01 2.956324010078740e-01 5.006762144518337e-01 C
 4.482805500760191e-01 2.992547177064984e-01 5.007208718572277e-01 C
 4.968846355653397e-01 3.024302870961256e-01 5.007031919021405e-01 C
 5.455814147328807e-01 3.033428311629054e-01 5.006601450551138e-01 C
 5.942541315709785e-01 3.011506044609258e-01 5.007070594595144e-01 C
 6.429616724885254e-01 2.993239508384991e-01 5.006689371328381e-01 C
 6.917191798294718e-01 2.985728593482291e-01 5.005575363302436e-01 C
 7.404818397581235e-01 2.993807953833258e-01 5.005343904400464e-01 C
 7.875953702761539e-01 3.117269916224372e-01 5.002016633831093e-01 C
 8.210365405767893e-01 3.469066521055913e-01 4.997618900524643e-01 C
 8.231347795020997e-01 3.954003422158394e-01 5.002030478854733e-01 C
 7.993839029649467e-01 4.379232316033593e-01 5.005339662069269e-01 C
 7.662355615480537e-01 4.736888028384314e-01 5.005898965905963e-01 C
 7.007013987599610e-01 4.865781838191172e-01 3.152173669793166e-04 C
 6.650198962854833e-01 5.202078048591753e-01 5.195328816380905e-04 C
 6.300439493073350e-01 5.545545286356043e-01 3.486586657102333e-04 C
 5.988750066689585e-01 5.923791651886720e-01 4.332101965717178e-04 C
 5.716112276211619e-01 6.331253677638522e-01 2.298720456363931e-04 C
 5.501473714245775e-01 6.772423449020604e-01 2.005339560620240e-04 C
 5.335663374407457e-01 7.234496440854900e-01 2.868628046074756e-04 C
 5.080184419690416e-01 7.651825556201742e-01 -1.105595203547265e-03 C
 4.601458872662214e-01 7.718072986552046e-01 -1.688786895705979e-03 C
 4.289721710302023e-01 7.343780126408629e-01 1.756476672276644e-04 C
 4.146911199542902e-01 6.874606778814076e-01 2.104133596596419e-04 C
 3.972731698448525e-01 6.416195093125013e-01 2.695917650818878e-04 C
 3.742184555480309e-01 5.983242540169476e-01 4.487668674633525e-04 C
 3.500142602371636e-01 5.558091371004745e-01 5.045436975790158e-04 C
 3.252348692198657e-01 5.135999524465020e-01 4.230529089628617e-04 C
 2.996437771152555e-01 4.718105479568649e-01 4.216440893786569e-04 C
 2.758593883015358e-01 4.289933844609635e-01 2.178537112003884e-04 C
 2.717517435583470e-01 3.804129054368169e-01 -4.370018197270598e-04 C
 3.012353349085554e-01 3.417487419185467e-01 -2.462127602774516e-04 C
 3.486168136075629e-01 3.298838769400246e-01 2.977258460486842e-04 C
 3.975251272759481e-01 3.329271840721070e-01 3.579501535698053e-04 C
 4.463971215810146e-01 3.365562484236641e-01 5.514097335202946e-04 C
 4.952967065561208e-01 3.397505561136541e-01 4.502365211087590e-04 C
 5.442952225553271e-01 3.406811729705260e-01 3.400438131963192e-04 C
 5.932688811733879e-01 3.384870323189063e-01 5.431570821548513e-04 C
 6.422467453611310e-01 3.366735597892503e-01 3.807774887966661e-04 C
 6.912175068381932e-01 3.384025407646084e-01 2.075433946324283e-04 C
 7.350095157987155e-01 3.599148649478014e-01 -5.111202801444903e-04 C
 7.520999901619009e-01 4.054272922461989e-01 -4.187372903682551e-04 C
 7.343736190904818e-01 4.509284730867919e-01 1.968224615675886e-04 C
 7.007014076718184e-01 4.865781198000338e-01 3.330206588250476e-01 C
 6.650198846416235e-01 5.202076679295105e-01 3.328163513930685e-01 C
 6.300439073757726e-01 5.545544791782295e-01 3.329885699365647e-01 C
 5.988749833792979e-01 5.923791542845499e-01 3.329039516614289e-01 C
 5.716112781094946e-01 6.331254079912111e-01 3.331069368979026e-01 C
 5.501476049342743e-01 6.772425086739721e-01 3.331347022367094e-01 C
 5.335657722012633e-01 7.234497999833749e-01 3.330506637656721e-01 C
 5.080184110901168e-01 7.651826502584043e-01 3.344435160917886e-01 C
 4.601458978556673e-01 7.718073309709675e-01 3.350248293225615e-01 C
 4.289722102174771e-01 7.343780489305349e-01 3.331578383827896e-01 C
 4.146912126957005e-01 6.874606049950990e-01 3.331215622528414e-01 C
 3.972731270448156e-01 6.416194257486143e-01 3.330615905661738e-01 C
 3.742176379648116e-01 5.983240405624027e-01 3.328841480971013e-01 C
 3.500140863567102e-01 5.558090321846884e-01 3.328319111924909e-01 C
 3.252348870958470e-01 5.135998854925730e-01 3.329127010864750e-01 C
 2.996437621582679e-01 4.718105291192959e-01 3.329137899495264e-01 C
 2.758594135591505e-01 4.289933885693590e-01 3.331183040916095e-01 C
 2.717517402300568e-01 3.804128953973811e-01 3.337745276316764e-01 C
 3.012353132627058e-01 3.417487455471050e-01 3.335839896473435e-01 C
 3.486168099644664e-01 3.298838607282384e-01 3.330386195858423e-01 C
 3.975251671466103e-01 3.329271977256159e-01 3.329764327595995e-01 C
 4.463971037328601e-01 3.365562266167645e-01 3.327824362962316e-01 C
 4.952967099103435e-01 3.397505048451378e-01 3.328833493103034e-01 C
 5.442951897444410e-01 3.406811569178779e-01 3.329930912086135e-01 C
 5.932688969798909e-01 3.384870487433242e-01 3.327899984369146e-01 C
 6.422467370470407e-01 3.366735612137803e-01 3.329532069229347e-01 C
 6.912174881975592e-01 3.384024871836245e-01 3.331293241953872e-01 C
 7.350094829129087e-01 3.599148629565749e-01 3.338503621232662e-01 C
 7.521000029415845e-01 4.054272267333883e-01 3.337578292559297e-01 C
 7.343737110972353e-01 4.509284446099118e-01 3.331398500592686e-01 C
 6.828489150368939e-01 5.033879104464830e-01 8.330074878996248e-01 C
 6.472447454544070e-01 5.370847108901540e-01 8.329954901981264e-01 C
 6.138845003031963e-01 5.729923277735407e-01 8.329650586574947e-01 C
 5.848733779202678e-01 6.124900580451957e-01 8.327830232285788e-01 C
 5.599535672394964e-01 6.547347794085951e-01 8.331105926454685e-01 C
 5.417517856973838e-01 7.003081818423819e-01 8.331303013343447e-01 C
 5.237572969234192e-01 7.459848124972150e-01 8.333750379146666e-01 C
 4.850704371217384e-01 7.753793638911326e-01 8.352979174813815e-01 C
 4.406706645342317e-01 7.561383386422259e-01 8.339490841149932e-01 C
 4.218329357099805e-01 7.109155238832159e-01 8.329330581136039e-01 C
 4.067774737448701e-01 6.642392054160909e-01 8.330951774798365e-01 C
 3.861971307976372e-01 6.197298783420512e-01 8.330204926473546e-01 C
 3.622376275420523e-01 5.769976240666636e-01 8.328463261762280e-01 C
 3.376327098346952e-01 5.347106557384560e-01 8.327680808246514e-01 C
 3.126272420962308e-01 4.925871681584681e-01 8.330414034530695e-01 C
 2.867035781676769e-01 4.510046407145183e-01 8.329855203144679e-01 C
 2.699028988151005e-01 4.050920324732214e-01 8.334464455325489e-01 C
 2.826398645378022e-01 3.581292330103430e-01 8.338208014378524e-01 C
 3.241982658044017e-01 3.326867671567816e-01 8.332626029420315e-01 C
 3.731161313314846e-01 3.307907425485905e-01 8.329564255225005e-01 C
 4.219563182157018e-01 3.348563921068847e-01 8.329623942802301e-01 C
 4.708341573620440e-01 3.383217847096036e-01 8.329331887374289e-01 C
 5.197846050905631e-01 3.406535669788105e-01 8.329613915136823e-01 C
 5.687954046973017e-01 3.398186708208245e-01 8.329925912897788e-01 C
 6.177514522975114e-01 3.374707154462028e-01 8.329694631924514e-01 C
 6.667568384827346e-01 3.362970800974175e-01 8.330005141243735e-01 C
 7.147888558796253e-01 3.456041037278809e-01 8.334811220381053e-01 C
 7.483560275516169e-01 3.808735546770971e-01 8.339870368869675e-01 C
 7.466139469257010e-01 4.295534057686403e-01 8.333805895394871e-01 C
 7.183127372168047e-01 4.695064206113461e-01 8.330279787639866e-01 C
 6.828489650977136e-01 5.033878952477893e-01 5.003283252315239e-01 C
 6.472448565863941e-01 5.370847321820285e-01 5.003406870829248e-01 C
 6.138845315726892e-01 5.729923051713250e-01 5.003720908416596e-01 C
 5.848734505320339e-01 6.124901353991434e-01 5.005540911991441e-01 C
 5.599536760500646e-01 6.547348490339574e-01 5.002262299740324e-01 C
 5.417520813038438e-01 7.003084915643599e-01 5.002053054192634e-01 C
 5.237570446160912e-01 7.459848418888930e-01 4.999637428210217e-01 C
 4.850704148829932e-01 7.753794607760239e-01 4.980391551516764e-01 C
 4.406706896320814e-01 7.561383303698318e-01 4.993861365294115e-01 C
 4.218330522210179e-01 7.109154593843552e-01 5.004000630576046e-01 C
 4.067775074429326e-01 6.642390468330721e-01 5.002362594496509e-01 C
 3.861973203719862e-01 6.197294984916824e-01 5.003076129966633e-01 C
 3.622372984925240e-01 5.769975225043361e-01 5.004908749217527e-01 C
 3.376326562746840e-01 5.347106028983664e-01 5.005686655954001e-01 C
 3.126272182586737e-01 4.925870986839296e-01 5.002946123710860e-01 C
 2.867036155624170e-01 4.510046086016570e-01 5.003504022093446e-01 C
 2.699029001295721e-01 4.050920397684225e-01 4.998906601515952e-01 C
 2.826398821716294e-01 3.581292113708549e-01 4.995167622429781e-01 C
 3.241982553861520e-01 3.326867472709367e-01 5.000744465511751e-01 C
 3.731161777626044e-01 3.307907274796059e-01 5.003788988783681e-01 C
 4.219562996070334e-01 3.348563537042621e-01 5.003711655865618e-01 C
 4.708341898490067e-01 3.383217093698668e-01 5.004010443676594e-01 C
 5.197846133443542e-01 3.406535897866843e-01 5.003716091132416e-01 C
 5.687953854673952e-01 3.398186752724777e-01 5.003405534092407e-01 C
 6.177514565587306e-01 3.374706835507039e-01 5.003640350616374e-01 C
 6.667568479239661e-01 3.362970193828798e-01 5.003352506051114e-01 C
 7.147889062274075e-01 3.456041186138017e-01 4.998573782114966e-01 C
 7.483560357093656e-01 3.808736032662518e-01 4.993523052433183e-01 C
 7.466139683324782e-01 4.295534389743854e-01 4.999576709664061e-01 C
 7.183127605516314e-01 4.695064801723320e-01 5.003078592936416e-01 C
 6.565677925768032e-01 4.768162275118010e-01 2.874121660330018e-04 C
 6.209554207663580e-01 5.105219180584143e-01 2.842462836705260e-04 C
 5.875901727737215e-01 5.464392349288354e-01 3.429027003050487e-04 C
 5.586005677314915e-01 5.859353963027755e-01 4.559662933762719e-04 C
 5.305712893019005e-01 6.261328915857277e-01 1.885310187871760e-04 C
 4.881413104788503e-01 6.500065566057618e-01 -7.860309389672588e-04 C
 4.420197808254914e-01 6.349128777520571e-01 -1.558128360243496e-04 C
 4.140492889831353e-01 5.948156839790660e-01 3.942994376330409e-04 C
 3.900428932498944e-01 5.520293890024883e-01 2.099853889646254e-04 C
 3.653374444462912e-01 5.096494781134768e-01 3.910054530267826e-04 C
 3.425022082872635e-01 4.662953030104822e-01 1.750770627529031e-04 C
 3.399095308982157e-01 4.175910253595581e-01 -5.429079118624087e-04 C
 3.715809201959207e-01 3.806786284587542e-01 -3.249009113667728e-04 C
 4.196990509191249e-01 3.721581005079230e-01 3.338643971261353e-04 C
 4.685948353673252e-01 3.756238344929060e-01 2.932004239397521e-04 C
 5.175961388147495e-01 3.779620962419742e-01 2.602261835706185e-04 C
 5.666423706787422e-01 3.771298130663293e-01 2.668581432345080e-04 C
 6.156327608696890e-01 3.747838076786097e-01 2.444474090621921e-04 C
 6.623410324176272e-01 3.889747989939755e-01 -1.132620047066551e-03 C
 6.801858426957578e-01 4.340616258415180e-01 -1.068159034424424e-03 C
 6.565676873918580e-01 4.768161871364429e-01 3.330519601753702e-01 C
 6.209554038931724e-01 5.105219002092586e-01 3.330554994674672e-01 C
 5.875900163612586e-01 5.464392020776120e-01 3.329987945638124e-01 C
 5.586005329604178e-01 5.859354053990498e-01 3.328848396656611e-01 C
 5.305712743901491e-01 6.261328690321275e-01 3.331517355372415e-01 C
 4.881413569983749e-01 6.500066475189211e-01 3.341268676791789e-01 C
 4.420198949879555e-01 6.349129828146196e-01 3.334978738240851e-01 C
 4.140504172057362e-01 5.948156849924103e-01 3.329465820962217e-01 C
 3.900427575570255e-01 5.520296284387426e-01 3.331253025216747e-01 C
 3.653374876690627e-01 5.096494911278513e-01 3.329466342149410e-01 C
 3.425021901595162e-01 4.662953080787907e-01 3.331653945628805e-01 C
 3.399095395457774e-01 4.175910188177415e-01 3.338834702671667e-01 C
 3.715809044381968e-01 3.806786280277102e-01 3.336637406618389e-01 C
 4.196989887418685e-01 3.721581222823093e-01 3.330015973122579e-01 C
 4.685947678400962e-01 3.756236940935139e-01 3.330394055611416e-01 C
 5.175961142480185e-01 3.779620841016009e-01 3.330716993172662e-01 C
 5.666423623650094e-01 3.771298117258891e-01 3.330661016408877e-01 C
 6.156327937337808e-01 3.747838337027498e-01 3.330907242936459e-01 C
 6.623410407334456e-01 3.889747983914658e-01 3.344704993351752e-01 C
 6.801858469825744e-01 4.340616232495816e-01 3.344072361917872e-01 C
 6.387419112441991e-01 4.936574776992870e-01 8.328858918467167e-01 C
 6.037488501367463e-01 5.279962446008863e-01 8.330647232114815e-01 C
 5.725810240400750e-01 5.658317824183762e-01 8.329741622176554e-01 C
 5.453218326681396e-01 6.065350147833987e-01 8.330311919632892e-01 C
 5.116071181160688e-01 6.418989592622010e-01 8.336636556654483e-01 C
 4.633916410103455e-01 6.474594875823950e-01 8.340510136444030e-01 C
 4.261230040283074e-01 6.161242938338672e-01 8.330542455519774e-01 C
 4.020760403214771e-01 5.734104459002508e-01 8.331410517049360e-01 C
 3.777620840280232e-01 5.307855876635862e-01 8.330075242710508e-01 C
 3.529290794273500e-01 4.885159384493735e-01 8.329622994501757e-01 C
 3.371669716935251e-01 4.422230385004405e-01 8.335244493071057e-01 C
 3.519434826668873e-01 3.958569574606255e-01 8.339613658734037e-01 C
 3.951636188529933e-01 3.733623380015281e-01 8.332109839800160e-01 C
 4.441519413234420e-01 3.738430643831332e-01 8.328693224410354e-01 C
 4.930781221559098e-01 3.770498433112341e-01 8.329932610792785e-01 C
 5.421295416133726e-01 3.779933244847967e-01 8.330966625834002e-01 C
 5.911175937264401e-01 3.757801792868698e-01 8.328919028898155e-01 C
 6.401060704579034e-01 3.777985766712976e-01 8.336325784711661e-01 C
 6.771526602118303e-01 4.091921862590616e-01 8.348300087766489e-01 C
 6.718395361135759e-01 4.574854119526764e-01 8.335560347007891e-01 C
 6.387419040766872e-01 4.936574589915715e-01 5.004528605364521e-01 C
 6.037488833949400e-01 5.279962566892723e-01 5.002757191729507e-01 C
 5.725811156392142e-01 5.658319038088655e-01 5.003680850310478e-01 C
 5.453217168987099e-01 6.065350338203421e-01 5.003099605566054e-01 C
 5.116071377614941e-01 6.418989792671280e-01 4.996769896262285e-01 C
 4.633916960175922e-01 6.474596308992153e-01 4.992905163520913e-01 C
 4.261234870002342e-01 6.161242980877453e-01 5.002886709665798e-01 C
 4.020757906788388e-01 5.734108705293911e-01 5.001932971533539e-01 C
 3.777621141057642e-01 5.307856961943954e-01 5.003284798547306e-01 C
 3.529290810783497e-01 4.885159972178454e-01 5.003763399358681e-01 C
 3.371669646999065e-01 4.422230633344484e-01 4.998164532326415e-01 C
 3.519435042022520e-01 3.958569416557780e-01 4.993785371252680e-01 C
 3.951636580315758e-01 3.733623349470024e-01 5.001262928379504e-01 C
 4.441519535204991e-01 3.738430357893970e-01 5.004647933302696e-01 C
 4.930780978105245e-01 3.770498320736690e-01 5.003390238782944e-01 C
 5.421295035536544e-01 3.779933362781236e-01 5.002355975184206e-01 C
 5.911175664457207e-01 3.757801731844739e-01 5.004419142499203e-01 C
 6.401060804039445e-01 3.777985717910924e-01 4.997042659025349e-01 C
 6.771526327665163e-01 4.091921540060400e-01 4.985088798602101e-01 C
 6.718395091085888e-01 4.574854263632667e-01 4.997826362961136e-01 C
 5.645389029287383e-01 5.082602908399048e-01 -1.880618991182031e-04 C
 5.375174448872654e-01 5.492403738589867e-01 -1.851974966942871e-04 C
 4.925107009955781e-01 5.686607667629480e-01 -3.385378698483561e-04 C
 4.448519823706561e-01 5.572112390470809e-01 -3.227194897584929e-04 C
 4.134324337296013e-01 5.195814302355045e-01 -1.954065341399879e-04 C
 4.097591917523102e-01 4.707249532648680e-01 -3.744146141367667e-04 C
 4.368217623296142e-01 4.299214856228382e-01 -3.170622320853276e-04 C
 4.828326054074485e-01 4.130009028236280e-01 -3.664220917889564e-05 C
 5.309004002252629e-01 4.226515073918065e-01 -2.891110991211615e-04 C
 5.632807486845668e-01 4.593256735735598e-01 -4.340122305811763e-04 C
 5.645389259150443e-01 5.082602624507206e-01 3.335360549368585e-01 C
 5.375174526910759e-01 5.492403136970098e-01 3.335310732182554e-01 C
 4.925107477045010e-01 5.686607625059611e-01 3.336799904890714e-01 C
 4.448520096722491e-01 5.572112649974826e-01 3.336588562541848e-01 C
 4.134323236787145e-01 5.195815495774191e-01 3.335273646088149e-01 C
 4.097591885268313e-01 4.707249585678334e-01 3.337043810462212e-01 C
 4.368217991023216e-01 4.299215048127125e-01 3.336493091341828e-01 C
 4.828327398432696e-01 4.130011345706552e-01 3.333747394771877e-01 C
 5.309004605082228e-01 4.226515504171812e-01 3.336338408727458e-01 C
 5.632808072875530e-01 4.593256764028746e-01 3.337820381308560e-01 C
 5.537541985724180e-01 5.305422838554886e-01 8.334143273078771e-01 C
 5.165712937109525e-01 5.625286569038862e-01 8.336545214475446e-01 C
 4.677579537224534e-01 5.668090882085224e-01 8.336773668491949e-01 C
 4.261597553597068e-01 5.408727798352999e-01 8.336093790719974e-01 C
 4.076333318280574e-01 4.954623209147643e-01 8.336158336839535e-01 C
 4.198205302152621e-01 4.480167433821568e-01 8.337004899488809e-01 C
 4.586051701814826e-01 4.180688792896829e-01 8.335092917338998e-01 C
 5.075478747806756e-01 4.143395973814359e-01 8.335037171479456e-01 C
 5.503335436334791e-01 4.381087199265236e-01 8.337642913950024e-01 C
 5.680444232048885e-01 4.837064094638870e-01 8.336962676587684e-01 C
 5.537542291217730e-01 5.305422465431781e-01 4.999326462995470e-01 C
 5.165712909787712e-01 5.625286243839999e-01 4.996897688873892e-01 C
 4.677579074757193e-01 5.668090593157955e-01 4.996619379960190e-01 C
 4.261596625097281e-01 5.408727876306378e-01 4.997242890376441e-01 C
 4.076332870484191e-01 4.954623186183987e-01 4.997144855525057e-01 C
 4.198204935269773e-01 4.480167835812423e-01 4.996304137168479e-01 C
 4.586051451198732e-01 4.180690091941835e-01 4.998262283501822e-01 C
 5.075478436738857e-01 4.143396729910432e-01 4.998378384901579e-01 C
 5.503335458993340e-01 4.381086847947873e-01 4.995821520605602e-01 C
 5.680444426430581e-01 4.837063859255911e-01 4.996521842238441e-01 C
