 C
 AIREBO 
 120
 1.024875e+01
 4.878643737041103e+00 0.000000000000000e+00 0.000000000000000e+00
 0.000000000000000e+00 4.878643737041103e+00 0.000000000000000e+00
 0.000000000000000e+00 0.000000000000000e+00 4.156604463959019e-01
 fra
 7.343632430807011e-01 5.153609785081186e-01 0.000000000000000e+00 C
 7.260481169053432e-01 5.637521624070818e-01 0.000000000000000e+00 C
 7.078536033220115e-01 6.093570708920395e-01 0.000000000000000e+00 C
 6.805748898812602e-01 6.501825506255683e-01 0.000000000000000e+00 C
 6.454041872582402e-01 6.844443322409265e-01 0.000000000000000e+00 C
 6.038786239253332e-01 7.106450114752541e-01 0.000000000000000e+00 C
 5.578130662619476e-01 7.276394929212028e-01 0.000000000000000e+00 C
 5.092208001850439e-01 7.346850361910152e-01 0.000000000000000e+00 C
 4.602255408937455e-01 7.314737172355331e-01 0.000000000000000e+00 C
 4.129686163244208e-01 7.181458861027289e-01 0.000000000000000e+00 C
 3.695153808446322e-01 6.952840329671356e-01 0.000000000000000e+00 C
 3.317649493566043e-01 6.638873305141211e-01 0.000000000000000e+00 C
 3.013671968630324e-01 6.253279652989761e-01 0.000000000000000e+00 C
 2.796506510124852e-01 5.812911666099648e-01 0.000000000000000e+00 C
 2.675644290661804e-01 5.337015538618025e-01 0.000000000000000e+00 C
 2.656367569192989e-01 4.846390214918815e-01 0.000000000000000e+00 C
 2.739518830946567e-01 4.362478375929185e-01 0.000000000000000e+00 C
 2.921463966779884e-01 3.906429291079607e-01 0.000000000000000e+00 C
 3.194251101187396e-01 3.498174493744319e-01 0.000000000000000e+00 C
 3.545958127417597e-01 3.155556677590736e-01 0.000000000000000e+00 C
 3.961213760746670e-01 2.893549885247461e-01 0.000000000000000e+00 C
 4.421869337380524e-01 2.723605070787973e-01 0.000000000000000e+00 C
 4.907791998149561e-01 2.653149638089847e-01 0.000000000000000e+00 C
 5.397744591062547e-01 2.685262827644669e-01 0.000000000000000e+00 C
 5.870313836755793e-01 2.818541138972711e-01 0.000000000000000e+00 C
 6.304846191553679e-01 3.047159670328646e-01 0.000000000000000e+00 C
 6.682350506433957e-01 3.361126694858790e-01 0.000000000000000e+00 C
 6.986328031369676e-01 3.746720347010240e-01 0.000000000000000e+00 C
 7.203493489875148e-01 4.187088333900351e-01 0.000000000000000e+00 C
 7.324355709338196e-01 4.662984461381977e-01 0.000000000000000e+00 C
 7.343632430807011e-01 5.153609785081186e-01 3.333333333333334e-01 C
 7.260481169053432e-01 5.637521624070818e-01 3.333333333333334e-01 C
 7.078536033220115e-01 6.093570708920395e-01 3.333333333333334e-01 C
 6.805748898812602e-01 6.501825506255683e-01 3.333333333333334e-01 C
 6.454041872582402e-01 6.844443322409265e-01 3.333333333333334e-01 C
 6.038786239253332e-01 7.106450114752541e-01 3.333333333333334e-01 C
 5.578130662619476e-01 7.276394929212028e-01 3.333333333333334e-01 C
 5.092208001850439e-01 7.346850361910152e-01 3.333333333333334e-01 C
 4.602255408937455e-01 7.314737172355331e-01 3.333333333333334e-01 C
 4.129686163244208e-01 7.181458861027289e-01 3.333333333333334e-01 C
 3.695153808446322e-01 6.952840329671356e-01 3.333333333333334e-01 C
 3.317649493566043e-01 6.638873305141211e-01 3.333333333333334e-01 C
 3.013671968630324e-01 6.253279652989761e-01 3.333333333333334e-01 C
 2.796506510124852e-01 5.812911666099648e-01 3.333333333333334e-01 C
 2.675644290661804e-01 5.337015538618025e-01 3.333333333333334e-01 C
 2.656367569192989e-01 4.846390214918815e-01 3.333333333333334e-01 C
 2.739518830946567e-01 4.362478375929185e-01 3.333333333333334e-01 C
 2.921463966779884e-01 3.906429291079607e-01 3.333333333333334e-01 C
 3.194251101187396e-01 3.498174493744319e-01 3.333333333333334e-01 C
 3.545958127417597e-01 3.155556677590736e-01 3.333333333333334e-01 C
 3.961213760746670e-01 2.893549885247461e-01 3.333333333333334e-01 C
 4.421869337380524e-01 2.723605070787973e-01 3.333333333333334e-01 C
 4.907791998149561e-01 2.653149638089847e-01 3.333333333333334e-01 C
 5.397744591062547e-01 2.685262827644669e-01 3.333333333333334e-01 C
 5.870313836755793e-01 2.818541138972711e-01 3.333333333333334e-01 C
 6.304846191553679e-01 3.047159670328646e-01 3.333333333333334e-01 C
 6.682350506433957e-01 3.361126694858790e-01 3.333333333333334e-01 C
 6.986328031369676e-01 3.746720347010240e-01 3.333333333333334e-01 C
 7.203493489875148e-01 4.187088333900351e-01 3.333333333333334e-01 C
 7.324355709338196e-01 4.662984461381977e-01 3.333333333333334e-01 C
 7.314737172355331e-01 5.397744591062547e-01 8.333333333333333e-01 C
 7.181458861027289e-01 5.870313836755794e-01 8.333333333333333e-01 C
 6.952840329671354e-01 6.304846191553680e-01 8.333333333333333e-01 C
 6.638873305141210e-01 6.682350506433958e-01 8.333333333333333e-01 C
 6.253279652989758e-01 6.986328031369676e-01 8.333333333333333e-01 C
 5.812911666099648e-01 7.203493489875148e-01 8.333333333333333e-01 C
 5.337015538618025e-01 7.324355709338196e-01 8.333333333333333e-01 C
 4.846390214918815e-01 7.343632430807011e-01 8.333333333333333e-01 C
 4.362478375929182e-01 7.260481169053432e-01 8.333333333333333e-01 C
 3.906429291079607e-01 7.078536033220115e-01 8.333333333333333e-01 C
 3.498174493744317e-01 6.805748898812602e-01 8.333333333333333e-01 C
 3.155556677590736e-01 6.454041872582402e-01 8.333333333333333e-01 C
 2.893549885247461e-01 6.038786239253332e-01 8.333333333333333e-01 C
 2.723605070787973e-01 5.578130662619476e-01 8.333333333333333e-01 C
 2.653149638089847e-01 5.092208001850439e-01 8.333333333333333e-01 C
 2.685262827644669e-01 4.602255408937456e-01 8.333333333333333e-01 C
 2.818541138972711e-01 4.129686163244208e-01 8.333333333333333e-01 C
 3.047159670328646e-01 3.695153808446321e-01 8.333333333333333e-01 C
 3.361126694858789e-01 3.317649493566044e-01 8.333333333333333e-01 C
 3.746720347010240e-01 3.013671968630324e-01 8.333333333333333e-01 C
 4.187088333900351e-01 2.796506510124852e-01 8.333333333333333e-01 C
 4.662984461381974e-01 2.675644290661804e-01 8.333333333333333e-01 C
 5.153609785081184e-01 2.656367569192989e-01 8.333333333333333e-01 C
 5.637521624070817e-01 2.739518830946567e-01 8.333333333333333e-01 C
 6.093570708920392e-01 2.921463966779884e-01 8.333333333333333e-01 C
 6.501825506255682e-01 3.194251101187396e-01 8.333333333333333e-01 C
 6.844443322409264e-01 3.545958127417597e-01 8.333333333333333e-01 C
 7.106450114752541e-01 3.961213760746669e-01 8.333333333333333e-01 C
 7.276394929212028e-01 4.421869337380524e-01 8.333333333333333e-01 C
 7.346850361910152e-01 4.907791998149559e-01 8.333333333333333e-01 C
 7.314737172355331e-01 5.397744591062547e-01 5.000000000000000e-01 C
 7.181458861027289e-01 5.870313836755794e-01 5.000000000000000e-01 C
 6.952840329671354e-01 6.304846191553680e-01 5.000000000000000e-01 C
 6.638873305141210e-01 6.682350506433958e-01 5.000000000000000e-01 C
 6.253279652989758e-01 6.986328031369676e-01 5.000000000000000e-01 C
 5.812911666099648e-01 7.203493489875148e-01 5.000000000000000e-01 C
 5.337015538618025e-01 7.324355709338196e-01 5.000000000000000e-01 C
 4.846390214918815e-01 7.343632430807011e-01 5.000000000000000e-01 C
 4.362478375929182e-01 7.260481169053432e-01 5.000000000000000e-01 C
 3.906429291079607e-01 7.078536033220115e-01 5.000000000000000e-01 C
 3.498174493744317e-01 6.805748898812602e-01 5.000000000000000e-01 C
 3.155556677590736e-01 6.454041872582402e-01 5.000000000000000e-01 C
 2.893549885247461e-01 6.038786239253332e-01 5.000000000000000e-01 C
 2.723605070787973e-01 5.578130662619476e-01 5.000000000000000e-01 C
 2.653149638089847e-01 5.092208001850439e-01 5.000000000000000e-01 C
 2.685262827644669e-01 4.602255408937456e-01 5.000000000000000e-01 C
 2.818541138972711e-01 4.129686163244208e-01 5.000000000000000e-01 C
 3.047159670328646e-01 3.695153808446321e-01 5.000000000000000e-01 C
 3.361126694858789e-01 3.317649493566044e-01 5.000000000000000e-01 C
 3.746720347010240e-01 3.013671968630324e-01 5.000000000000000e-01 C
 4.187088333900351e-01 2.796506510124852e-01 5.000000000000000e-01 C
 4.662984461381974e-01 2.675644290661804e-01 5.000000000000000e-01 C
 5.153609785081184e-01 2.656367569192989e-01 5.000000000000000e-01 C
 5.637521624070817e-01 2.739518830946567e-01 5.000000000000000e-01 C
 6.093570708920392e-01 2.921463966779884e-01 5.000000000000000e-01 C
 6.501825506255682e-01 3.194251101187396e-01 5.000000000000000e-01 C
 6.844443322409264e-01 3.545958127417597e-01 5.000000000000000e-01 C
 7.106450114752541e-01 3.961213760746669e-01 5.000000000000000e-01 C
 7.276394929212028e-01 4.421869337380524e-01 5.000000000000000e-01 C
 7.346850361910152e-01 4.907791998149559e-01 5.000000000000000e-01 C
