0 1.63685
0 1.63685
0 9.30026
0 9.30026
0 10.1219
0 5.1029
0 5.1029
0 5.1029
0 5.1029
0 10.1219
0 10.1219
0 10.1219
0 9.57922
0 9.57922
0 9.57922
0 9.57922
0 0.129627
0 0.129627
0 0.129627
0 0.129627
0 0.501422
0 0.501422
0 0.501422
0 0.501422

1 5.03145
1 5.17384
1 5.17384
1 5.03145
1 1.63744
1 1.63744
1 9.29716
1 9.29716
1 9.57432
1 9.57432
1 9.58534
1 9.58534
1 10.122
1 10.122
1 10.1231
1 10.1231
1 0.509703
1 0.509703
1 0.492957
1 0.492957
1 0.129774
1 0.129774
1 0.130141
1 0.130141

2 5.24414
2 5.24414
2 4.95966
2 4.95966
2 1.63924
2 1.63924
2 9.28795
2 9.28795
2 9.59262
2 9.59262
2 9.57067
2 9.57067
2 10.1223
2 10.1223
2 10.1266
2 10.1266
2 0.517748
2 0.517748
2 0.484355
2 0.484355
2 0.130215
2 0.130215
2 0.131675
2 0.131675

3 4.88767
3 5.31365
3 4.88767
3 5.31365
3 1.64224
3 1.64224
3 9.27281
3 9.27281
3 10.1323
3 10.1228
3 10.1228
3 10.1323
3 9.60102
3 9.60102
3 9.56832
3 9.56832
3 0.525505
3 0.525505
3 0.475664
3 0.475664
3 0.130947
3 0.130947
3 0.134209
3 0.134209

4 5.38222
4 4.81565
4 5.38222
4 4.81565
4 1.6465
4 1.6465
4 9.25205
4 9.25205
4 10.1236
4 10.1236
4 10.1399
4 10.1399
4 9.5673
4 9.5673
4 9.61048
4 9.61048
4 0.53292
4 0.53292
4 0.466926
4 0.466926
4 0.131968
4 0.131968
4 0.137709
4 0.137709

5 4.74376
5 5.44973
5 5.44973
5 4.74376
5 1.65203
5 1.65203
5 9.22603
5 9.22603
5 10.1246
5 10.1246
5 10.1489
5 10.1489
5 9.56764
5 9.56764
5 9.62096
5 9.62096
5 0.539936
5 0.539936
5 0.458183
5 0.458183
5 0.133274
5 0.133274
5 0.142126
5 0.142126

6 4.67214
6 5.51603
6 5.51603
6 4.67214
6 1.6589
6 1.6589
6 9.19517
6 9.19517
6 10.1257
6 10.1257
6 10.1592
6 10.1592
6 9.56937
6 9.56937
6 9.6324
6 9.6324
6 0.546497
6 0.546497
6 0.449473
6 0.449473
6 0.13486
6 0.13486
6 0.147402
6 0.147402

7 4.60096
7 5.58101
7 5.58101
7 4.60096
7 1.66716
7 1.66716
7 9.15985
7 9.15985
7 10.1703
7 10.1703
7 10.1271
7 10.1271
7 9.57251
7 9.57251
7 9.64475
7 9.64475
7 0.552546
7 0.552546
7 0.440831
7 0.440831
7 0.136719
7 0.136719
7 0.153465
7 0.153465

8 5.64456
8 5.64456
8 4.53038
8 4.53038
8 1.67687
8 1.67687
8 9.12048
8 9.12048
8 10.1818
8 10.1818
8 10.1287
8 10.1287
8 9.65794
8 9.65794
8 9.57707
8 9.57707
8 0.558024
8 0.558024
8 0.432291
8 0.432291
8 0.138844
8 0.138844
8 0.16023
8 0.16023

9 4.46054
9 5.70657
9 5.70657
9 4.46054
9 1.68813
9 1.68813
9 9.07741
9 9.07741
9 10.1936
9 10.1936
9 10.1304
9 10.1304
9 9.67192
9 9.67192
9 9.58305
9 9.58305
9 0.562876
9 0.562876
9 0.423881
9 0.423881
9 0.141227
9 0.141227
9 0.167608
9 0.167608

10 5.76693
10 5.76693
10 4.3916
10 4.3916
10 1.70099
10 1.70099
10 9.03095
10 9.03095
10 10.2052
10 10.2052
10 10.1324
10 10.1324
10 9.68664
10 9.68664
10 9.59046
10 9.59046
10 0.567045
10 0.567045
10 0.415629
10 0.415629
10 0.143858
10 0.143858
10 0.175496
10 0.175496

11 5.82557
11 5.82557
11 4.32371
11 4.32371
11 8.98142
11 8.98142
11 10.2166
11 10.2166
11 10.1345
11 10.1345
11 9.70203
11 9.70203
11 9.59929
11 9.59929
11 1.71555
11 1.71555
11 0.570477
11 0.570477
11 0.40756
11 0.40756
11 0.146727
11 0.146727
11 0.183788
11 0.183788

12 4.25701
12 5.8824
12 5.8824
12 4.25701
12 8.92906
12 8.92906
12 10.2275
12 10.2275
12 10.1368
12 10.1368
12 9.60952
12 9.60952
12 9.71803
12 9.71803
12 1.73189
12 1.73189
12 0.57312
12 0.57312
12 0.399694
12 0.399694
12 0.149822
12 0.149822
12 0.192372
12 0.192372

13 4.19164
13 5.93736
13 5.93736
13 4.19164
13 1.75009
13 1.75009
13 8.87412
13 8.87412
13 10.2378
13 10.2378
13 10.1392
13 10.1392
13 9.7346
13 9.7346
13 9.62112
13 9.62112
13 0.574928
13 0.574928
13 0.392051
13 0.392051
13 0.153133
13 0.153133
13 0.201134
13 0.201134

14 4.12773
14 5.9904
14 5.9904
14 4.12773
14 1.77023
14 1.77023
14 8.81681
14 8.81681
14 10.2474
14 10.2474
14 10.1418
14 10.1418
14 9.75165
14 9.75165
14 9.63405
14 9.63405
14 0.575855
14 0.575855
14 0.384646
14 0.384646
14 0.156644
14 0.156644
14 0.20996
14 0.20996

15 4.06541
15 6.04146
15 6.04146
15 4.06541
15 1.79239
15 1.79239
15 8.75731
15 8.75731
15 10.2562
15 10.2562
15 10.1445
15 10.1445
15 9.76915
15 9.76915
15 9.64828
15 9.64828
15 0.575862
15 0.575862
15 0.377493
15 0.377493
15 0.160343
15 0.160343
15 0.218736
15 0.218736

16 4.00479
16 6.09051
16 6.09051
16 4.00479
16 1.81662
16 1.81662
16 8.69582
16 8.69582
16 10.2642
16 10.2642
16 10.1474
16 10.1474
16 9.78702
16 9.78702
16 9.66375
16 9.66375
16 0.574917
16 0.574917
16 0.370605
16 0.370605
16 0.164215
16 0.164215
16 0.227356
16 0.227356

17 3.94599
17 6.13753
17 6.13753
17 3.94599
17 1.84299
17 1.84299
17 8.63249
17 8.63249
17 10.2713
17 10.2713
17 10.1503
17 10.1503
17 9.80521
17 9.80521
17 9.68039
17 9.68039
17 0.572994
17 0.572994
17 0.363989
17 0.363989
17 0.168244
17 0.168244
17 0.235718
17 0.235718

18 3.88909
18 6.18251
18 6.18251
18 3.88909
18 1.87153
18 1.87153
18 8.56748
18 8.56748
18 10.2775
18 10.2775
18 10.1534
18 10.1534
18 9.82366
18 9.82366
18 9.69812
18 9.69812
18 0.570074
18 0.570074
18 0.357652
18 0.357652
18 0.172416
18 0.172416
18 0.24373
18 0.24373

19 3.83419
19 6.22545
19 6.22545
19 3.83419
19 1.90226
19 1.90226
19 8.50096
19 8.50096
19 10.2828
19 10.2828
19 10.1566
19 10.1566
19 9.84231
19 9.84231
19 9.71688
19 9.71688
19 0.566148
19 0.566148
19 0.176712
19 0.176712
19 0.3516
19 0.3516
19 0.251309
19 0.251309

20 3.78136
20 6.26635
20 6.26635
20 3.78136
20 1.93518
20 1.93518
20 8.43307
20 8.43307
20 10.2872
20 10.2872
20 10.1598
20 10.1598
20 9.8611
20 9.8611
20 9.73657
20 9.73657
20 0.561214
20 0.561214
20 0.181117
20 0.181117
20 0.345835
20 0.345835
20 0.258385
20 0.258385

21 6.30524
21 6.30524
21 3.73067
21 3.73067
21 1.97029
21 1.97029
21 8.36396
21 8.36396
21 10.2907
21 10.2907
21 10.1631
21 10.1631
21 9.87997
21 9.87997
21 9.7571
21 9.7571
21 0.555283
21 0.555283
21 0.185613
21 0.185613
21 0.340358
21 0.340358
21 0.264902
21 0.264902

22 6.34213
22 6.34213
22 3.68217
22 3.68217
22 2.00753
22 2.00753
22 8.29377
22 8.29377
22 10.2933
22 10.2933
22 10.1665
22 10.1665
22 9.77836
22 9.77836
22 9.89886
22 9.89886
22 0.548374
22 0.548374
22 0.190182
22 0.190182
22 0.335168
22 0.335168
22 0.270816
22 0.270816

23 3.6359
23 6.37706
23 6.37706
23 3.6359
23 2.04686
23 2.04686
23 8.22267
23 8.22267
23 10.2951
23 10.2951
23 10.1699
23 10.1699
23 9.80024
23 9.80024
23 9.91772
23 9.91772
23 0.540518
23 0.540518
23 0.194806
23 0.194806
23 0.330264
23 0.330264
23 0.276097
23 0.276097

24 6.41008
24 6.41008
24 3.59189
24 3.59189
24 2.08819
24 2.08819
24 8.1508
24 8.1508
24 10.2962
24 10.2962
24 10.1733
24 10.1733
24 9.82263
24 9.82263
24 9.93649
24 9.93649
24 0.531758
24 0.531758
24 0.199467
24 0.199467
24 0.325642
24 0.325642
24 0.28073
24 0.28073

25 6.44122
25 6.44122
25 3.55014
25 3.55014
25 2.13143
25 2.13143
25 8.07833
25 8.07833
25 10.2964
25 10.2964
25 10.1768
25 10.1768
25 9.84542
25 9.84542
25 9.95511
25 9.95511
25 0.522144
25 0.522144
25 0.204147
25 0.204147
25 0.321297
25 0.321297
25 0.284709
25 0.284709

26 6.47054
26 6.47054
26 3.51066
26 3.51066
26 2.17643
26 2.17643
26 8.00541
26 8.00541
26 10.2961
26 10.2961
26 10.1802
26 10.1802
26 9.86849
26 9.86849
26 9.97353
26 9.97353
26 0.511741
26 0.511741
26 0.208827
26 0.208827
26 0.317223
26 0.317223
26 0.288043
26 0.288043

27 6.49809
27 6.49809
27 3.47343
27 3.47343
27 2.22306
27 2.22306
27 7.93223
27 7.93223
27 10.295
27 10.295
27 10.1837
27 10.1837
27 9.89172
27 9.89172
27 9.99168
27 9.99168
27 0.500622
27 0.500622
27 0.213488
27 0.213488
27 0.313414
27 0.313414
27 0.29075
27 0.29075

28 3.43844
28 2.27115
28 2.27115
28 3.43844
28 6.52393
28 6.52393
28 7.85896
28 7.85896
28 10.1871
28 10.2934
28 10.2934
28 10.1871
28 9.91498
28 9.91498
28 10.0095
28 10.0095
28 0.488868
28 0.488868
28 0.218113
28 0.218113
28 0.309862
28 0.309862
28 0.292857
28 0.292857

29 3.40565
29 2.3205
29 2.3205
29 3.40565
29 6.54811
29 6.54811
29 7.7858
29 7.7858
29 10.2913
29 10.2913
29 10.1904
29 10.1904
29 9.93816
29 9.93816
29 10.027
29 10.027
29 0.476572
29 0.476572
29 0.222682
29 0.222682
29 0.306558
29 0.306558
29 0.294399
29 0.294399

30 3.37501
30 2.37092
30 2.37092
30 3.37501
30 6.57071
30 6.57071
30 7.71295
30 7.71295
30 10.2887
30 10.2887
30 10.1938
30 10.1938
30 9.96114
30 9.96114
30 10.044
30 10.044
30 0.463831
30 0.463831
30 0.227179
30 0.227179
30 0.303494
30 0.303494
30 0.295418
30 0.295418

31 3.34648
31 2.42215
31 2.42215
31 3.34648
31 6.59177
31 6.59177
31 7.64063
31 7.64063
31 10.2858
31 10.2858
31 10.197
31 10.197
31 9.9838
31 9.9838
31 10.0606
31 10.0606
31 0.45075
31 0.45075
31 0.231585
31 0.231585
31 0.300661
31 0.300661
31 0.295958
31 0.295958

32 3.31999
32 2.47396
32 2.47396
32 3.31999
32 6.61136
32 6.61136
32 7.56907
32 7.56907
32 10.2825
32 10.2825
32 10.006
32 10.006
32 10.0767
32 10.0767
32 10.2002
32 10.2002
32 0.437439
32 0.437439
32 0.235882
32 0.235882
32 0.298049
32 0.298049
32 0.29607
32 0.29607

33 3.29549
33 2.52608
33 2.52608
33 3.29549
33 6.62953
33 6.62953
33 7.49852
33 7.49852
33 10.2789
33 10.2789
33 10.0277
33 10.0277
33 10.0922
33 10.0922
33 10.2032
33 10.2032
33 0.424011
33 0.424011
33 0.240054
33 0.240054
33 0.295648
33 0.295648
33 0.295804
33 0.295804

34 3.27289
34 2.5782
34 2.5782
34 3.27289
34 6.64635
34 6.64635
34 7.42924
34 7.42924
34 10.2752
34 10.0488
34 10.2752
34 10.0488
34 10.107
34 10.107
34 10.2062
34 10.2062
34 0.41058
34 0.41058
34 0.244085
34 0.244085
34 0.293449
34 0.293449
34 0.295214
34 0.295214

35 2.63002
35 3.25214
35 2.63002
35 3.25214
35 6.66186
35 6.66186
35 7.36151
35 7.36151
35 10.069
35 10.2713
35 10.2713
35 10.069
35 10.1213
35 10.1213
35 10.2091
35 10.2091
35 0.397263
35 0.397263
35 0.247958
35 0.247958
35 0.291441
35 0.291441
35 0.294352
35 0.294352

36 6.67612
36 6.67612
36 7.29564
36 7.29564
36 2.6812
36 2.6812
36 3.23316
36 3.23316
36 10.2673
36 10.2673
36 10.0885
36 10.0885
36 10.1348
36 10.1348
36 10.2118
36 10.2118
36 0.384174
36 0.384174
36 0.251658
36 0.251658
36 0.289615
36 0.289615
36 0.29327
36 0.29327

37 3.21587
37 6.68918
37 6.68918
37 7.23194
37 7.23194
37 3.21587
37 2.73139
37 2.73139
37 10.2633
37 10.2633
37 10.107
37 10.107
37 10.1475
37 10.1475
37 10.2144
37 10.2144
37 0.371428
37 0.371428
37 0.255171
37 0.255171
37 0.287961
37 0.287961
37 0.29202
37 0.29202

38 7.17075
38 6.70108
38 6.70108
38 7.17075
38 2.78023
38 2.78023
38 3.2002
38 3.2002
38 10.2594
38 10.2594
38 10.1245
38 10.1245
38 10.1595
38 10.1595
38 10.2168
38 10.2168
38 0.359133
38 0.359133
38 0.258482
38 0.258482
38 0.286471
38 0.286471
38 0.290651
38 0.290651

39 6.71188
39 6.71188
39 7.11243
39 7.11243
39 2.82731
39 2.82731
39 3.18608
39 3.18608
39 10.2555
39 10.2555
39 10.1408
39 10.1408
39 10.1707
39 10.1707
39 10.2191
39 10.2191
39 0.347397
39 0.347397
39 0.261579
39 0.261579
39 0.285135
39 0.285135
39 0.289209
39 0.289209

40 6.7216
40 6.7216
40 7.05735
40 7.05735
40 2.87225
40 2.87225
40 3.17344
40 3.17344
40 10.2518
40 10.2518
40 10.156
40 10.156
40 10.181
40 10.181
40 10.2212
40 10.2212
40 0.33632
40 0.33632
40 0.264449
40 0.264449
40 0.283945
40 0.283945
40 0.287739
40 0.287739

41 6.73028
41 6.73028
41 7.00589
41 7.00589
41 3.16222
41 2.91463
41 2.91463
41 3.16222
41 10.17
41 10.2483
41 10.2483
41 10.17
41 10.1904
41 10.1904
41 10.2231
41 10.2231
41 0.325995
41 0.325995
41 0.267081
41 0.267081
41 0.282894
41 0.282894
41 0.286281
41 0.286281

42 6.73796
42 6.73796
42 6.95844
42 6.95844
42 2.95403
42 2.95403
42 3.15235
42 3.15235
42 10.2451
42 10.1827
42 10.2451
42 10.1827
42 10.1989
42 10.1989
42 10.2249
42 10.2249
42 0.316512
42 0.316512
42 0.269465
42 0.269465
42 0.281974
42 0.281974
42 0.284873
42 0.284873

43 6.9154
43 6.74467
43 6.74467
43 6.9154
43 2.99003
43 2.99003
43 3.14378
43 3.14378
43 10.2421
43 10.2421
43 10.194
43 10.194
43 10.2065
43 10.2065
43 10.2265
43 10.2265
43 0.30795
43 0.30795
43 0.271591
43 0.271591
43 0.281178
43 0.281178
43 0.283549
43 0.283549

44 6.87714
44 6.75044
44 6.75044
44 6.87714
44 3.02224
44 3.02224
44 3.13646
44 3.13646
44 10.2394
44 10.2038
44 10.2394
44 10.2038
44 10.2131
44 10.2131
44 10.2278
44 10.2278
44 0.30038
44 0.30038
44 0.273451
44 0.273451
44 0.280501
44 0.280501
44 0.282339
44 0.282339

45 6.75527
45 6.75527
45 6.84405
45 6.84405
45 3.05025
45 3.05025
45 3.13034
45 3.13034
45 10.2371
45 10.2371
45 10.2123
45 10.2123
45 10.2188
45 10.2188
45 10.229
45 10.229
45 0.293866
45 0.293866
45 0.275038
45 0.275038
45 0.279937
45 0.279937
45 0.28127
45 0.28127

46 6.75921
46 6.81644
46 6.75921
46 6.81644
46 3.12539
46 3.07371
46 3.07371
46 3.12539
46 10.2352
46 10.2192
46 10.2352
46 10.2192
46 10.2234
46 10.2234
46 10.23
46 10.23
46 0.288461
46 0.288461
46 0.276344
46 0.276344
46 0.280365
46 0.280365
46 0.279482
46 0.279482

47 6.79464
47 6.76225
47 6.76225
47 6.79464
47 3.09231
47 3.09231
47 3.12157
47 3.12157
47 10.2247
47 10.2247
47 10.227
47 10.227
47 10.2337
47 10.2337
47 10.2307
47 10.2307
47 0.284211
47 0.284211
47 0.277366
47 0.277366
47 0.279132
47 0.279132
47 0.279641
47 0.279641

48 6.77887
48 6.76442
48 6.76442
48 6.77887
48 3.11886
48 3.1058
48 3.1058
48 3.11886
48 10.2326
48 10.2326
48 10.2286
48 10.2286
48 10.2296
48 10.2296
48 10.2313
48 10.2313
48 0.28115
48 0.28115
48 0.278099
48 0.278099
48 0.278884
48 0.278884
48 0.279114
48 0.279114

49 6.76933
49 6.76571
49 6.76571
49 6.76933
49 3.11397
49 3.11724
49 3.11724
49 3.11397
49 0.279304
49 10.2309
49 10.2309
49 10.2312
49 10.2312
49 10.2319
49 10.2319
49 10.2316
49 10.2316
49 0.279304
49 0.278539
49 0.278539
49 0.278736
49 0.278736
49 0.278794
49 0.278794

50 3.1167
50 3.1167
50 6.76614
50 6.76614
50 6.76614
50 6.76614
50 3.1167
50 3.1167
50 0.278686
50 0.278686
50 0.278686
50 0.278686
50 0.278686
50 0.278686
50 0.278686
50 10.2317
50 10.2317
50 10.2317
50 10.2317
50 10.2317
50 10.2317
50 10.2317
50 10.2317
50 0.278686

51 6.77364
51 3.11015
51 6.7664
51 6.7664
51 6.7664
51 3.11669
51 3.11669
51 3.11669
51 10.2323
51 10.2323
51 0.278392
51 0.278392
51 10.2308
51 10.2308
51 10.2308
51 10.2309
51 10.2309
51 10.2309
51 0.279509
51 0.279509
51 0.279509
51 0.278687
51 0.278687
51 0.278687

52 6.79594
52 3.09067
52 6.76717
52 3.11667
52 3.11667
52 6.76717
52 6.76717
52 3.11667
52 10.2341
52 10.2341
52 0.27751
52 0.27751
52 0.278687
52 0.278687
52 0.278687
52 0.281965
52 0.281965
52 0.281965
52 10.2284
52 10.2284
52 10.2284
52 10.2286
52 10.2286
52 10.2286

53 3.05881
53 6.83249
53 3.11669
53 3.11669
53 6.76844
53 6.76844
53 3.11669
53 0.276046
53 0.276046
53 6.76844
53 10.2372
53 10.2372
53 0.286018
53 0.286018
53 0.286018
53 0.278689
53 0.278689
53 0.278689
53 10.2242
53 10.2242
53 10.2242
53 10.2248
53 10.2248
53 10.2248

54 3.01539
54 6.88246
54 0.274005
54 0.274005
54 10.2415
54 10.2415
54 3.11682
54 3.11682
54 3.11682
54 6.77018
54 6.77018
54 6.77018
54 0.278693
54 0.278693
54 0.278693
54 0.291611
54 0.291611
54 0.291611
54 10.2184
54 10.2184
54 10.2184
54 10.2195
54 10.2195
54 10.2195

55 6.94477
55 2.96145
55 0.271398
55 0.271398
55 10.247
55 10.247
55 6.77234
55 6.77234
55 6.77234
55 3.11717
55 3.11717
55 3.11717
55 0.298661
55 0.298661
55 0.298661
55 0.278701
55 0.278701
55 0.278701
55 10.211
55 10.211
55 10.211
55 10.2126
55 10.2126
55 10.2126

56 2.89816
56 7.01821
56 0.268237
56 10.2536
56 10.2536
56 0.268237
56 3.11787
56 3.11787
56 3.11787
56 6.77488
56 6.77488
56 6.77488
56 0.278714
56 0.278714
56 0.278714
56 0.307064
56 0.307064
56 0.307064
56 10.202
56 10.202
56 10.202
56 10.2042
56 10.2042
56 10.2042

57 7.10154
57 2.82674
57 0.264537
57 10.2614
57 10.2614
57 0.264537
57 6.77774
57 6.77774
57 6.77774
57 3.11907
57 3.11907
57 3.11907
57 0.316694
57 0.316694
57 0.316694
57 0.278734
57 0.278734
57 0.278734
57 10.1914
57 10.1914
57 10.1914
57 10.1944
57 10.1944
57 10.1944

58 7.1935
58 2.7484
58 0.260316
58 10.2703
58 10.2703
58 0.260316
58 6.78085
58 6.78085
58 6.78085
58 3.12096
58 3.12096
58 3.12096
58 0.278765
58 0.278765
58 0.278765
58 0.327403
58 0.327403
58 0.327403
58 10.1793
58 10.1793
58 10.1793
58 10.1831
58 10.1831
58 10.1831

59 7.29289
59 2.66428
59 0.255593
59 10.2803
59 10.2803
59 0.255593
59 6.78412
59 6.78412
59 6.78412
59 3.12375
59 3.12375
59 3.12375
59 0.339024
59 0.339024
59 0.339024
59 0.278808
59 0.278808
59 0.278808
59 10.1658
59 10.1658
59 10.1658
59 10.1703
59 10.1703
59 10.1703

60 7.39858
60 2.57545
60 0.250391
60 10.2912
60 10.2912
60 0.250391
60 6.78747
60 6.78747
60 6.78747
60 3.12767
60 3.12767
60 3.12767
60 0.351373
60 0.351373
60 0.351373
60 0.278866
60 0.278866
60 0.278866
60 10.1508
60 10.1508
60 10.1508
60 10.1562
60 10.1562
60 10.1562

61 7.50954
61 2.48287
61 0.244733
61 10.3032
61 10.3032
61 0.244733
61 6.7908
61 6.7908
61 6.7908
61 3.13297
61 3.13297
61 3.13297
61 0.364247
61 0.364247
61 0.364247
61 0.278942
61 0.278942
61 0.278942
61 10.1345
61 10.1345
61 10.1345
61 10.1406
61 10.1406
61 10.1406

62 2.38741
62 7.62484
62 0.238645
62 10.3161
62 10.3161
62 0.238645
62 3.1399
62 3.1399
62 3.1399
62 6.79399
62 6.79399
62 6.79399
62 0.377433
62 0.377433
62 0.377433
62 0.27904
62 0.27904
62 0.27904
62 10.1168
62 10.1168
62 10.1168
62 10.1237
62 10.1237
62 10.1237

63 2.28984
63 7.74361
63 0.232155
63 10.3298
63 10.3298
63 0.232155
63 3.14874
63 3.14874
63 3.14874
63 6.79695
63 6.79695
63 6.79695
63 0.279163
63 0.279163
63 0.279163
63 0.390706
63 0.390706
63 0.390706
63 10.0979
63 10.0979
63 10.0979
63 10.1055
63 10.1055
63 10.1055

64 2.19084
64 7.86511
64 0.225293
64 10.3444
64 10.3444
64 0.225293
64 3.15977
64 3.15977
64 3.15977
64 6.79953
64 6.79953
64 6.79953
64 0.403837
64 0.403837
64 0.403837
64 0.279313
64 0.279313
64 0.279313
64 10.0779
64 10.0779
64 10.0779
64 10.086
64 10.086
64 10.086

65 2.09102
65 7.98863
65 0.218089
65 10.3597
65 10.3597
65 0.218089
65 3.17326
65 3.17326
65 3.17326
65 6.80162
65 6.80162
65 6.80162
65 0.416594
65 0.416594
65 0.416594
65 0.279494
65 0.279494
65 0.279494
65 10.0567
65 10.0567
65 10.0567
65 10.0653
65 10.0653
65 10.0653

66 1.99088
66 8.11357
66 0.210575
66 10.3758
66 10.3758
66 0.210575
66 6.80308
66 3.18949
66 3.18949
66 3.18949
66 6.80308
66 6.80308
66 0.428749
66 0.428749
66 0.428749
66 0.279708
66 0.279708
66 0.279708
66 10.0345
66 10.0345
66 10.0345
66 10.0435
66 10.0435
66 10.0435

67 1.89091
67 8.23936
67 0.202784
67 10.3924
67 10.3924
67 0.202784
67 3.20872
67 3.20872
67 3.20872
67 6.80376
67 6.80376
67 6.80376
67 0.279958
67 0.279958
67 0.279958
67 0.440084
67 0.440084
67 0.440084
67 10.0114
67 10.0114
67 10.0114
67 10.0206
67 10.0206
67 10.0206

68 8.36549
68 1.7915
68 0.19475
68 10.4096
68 10.4096
68 0.19475
68 3.23119
68 3.23119
68 3.23119
68 6.80352
68 6.80352
68 6.80352
68 0.280247
68 0.280247
68 0.280247
68 0.450396
68 0.450396
68 0.450396
68 9.98749
68 9.98749
68 9.98749
68 9.99671
68 9.99671
68 9.99671

69 1.69302
69 8.4915
69 0.186508
69 10.4273
69 10.4273
69 0.186508
69 3.25713
69 3.25713
69 3.25713
69 6.80219
69 6.80219
69 6.80219
69 0.280576
69 0.280576
69 0.280576
69 0.459499
69 0.459499
69 0.459499
69 9.9628
69 9.9628
69 9.9628
69 9.97189
69 9.97189
69 9.97189

70 1.59578
70 8.61696
70 0.178091
70 10.4454
70 10.4454
70 0.178091
70 3.28671
70 3.28671
70 3.28671
70 6.79964
70 6.79964
70 6.79964
70 0.280946
70 0.280946
70 0.280946
70 0.467236
70 0.467236
70 0.467236
70 9.93745
70 9.93745
70 9.93745
70 9.94624
70 9.94624
70 9.94624

71 8.74148
71 1.50006
71 0.169536
71 10.4638
71 10.4638
71 0.169536
71 6.79568
71 3.32011
71 3.32011
71 3.32011
71 6.79568
71 6.79568
71 0.473477
71 0.473477
71 0.473477
71 0.28136
71 0.28136
71 0.28136
71 9.91155
71 9.91155
71 9.91155
71 9.91986
71 9.91986
71 9.91986

72 1.40612
72 8.8647
72 0.160878
72 10.4825
72 10.4825
72 0.160878
72 6.79016
72 3.35744
72 3.35744
72 3.35744
72 6.79016
72 6.79016
72 0.478125
72 0.478125
72 0.478125
72 0.281818
72 0.281818
72 0.281818
72 9.88519
72 9.88519
72 9.88519
72 9.89286
72 9.89286
72 9.89286

73 1.31417
73 8.98627
73 0.152153
73 10.5014
73 10.5014
73 0.152153
73 6.78291
73 3.39878
73 3.39878
73 3.39878
73 6.78291
73 6.78291
73 0.282319
73 0.282319
73 0.282319
73 0.481118
73 0.481118
73 0.481118
73 9.85847
73 9.85847
73 9.85847
73 9.86536
73 9.86536
73 9.86536

74 1.22441
74 9.10589
74 0.143395
74 10.5204
74 10.5204
74 0.143395
74 3.44416
74 3.44416
74 3.44416
74 6.77376
74 6.77376
74 6.77376
74 0.48243
74 0.48243
74 0.48243
74 0.282864
74 0.282864
74 0.282864
74 9.83149
74 9.83149
74 9.83149
74 9.83746
74 9.83746
74 9.83746

75 1.13702
75 0.134639
75 9.22325
75 10.5394
75 10.5394
75 0.134639
75 3.49358
75 3.49358
75 3.49358
75 6.76254
75 6.76254
75 6.76254
75 0.283451
75 0.283451
75 0.283451
75 0.482071
75 0.482071
75 0.482071
75 9.80438
75 9.80438
75 9.80438
75 9.80932
75 9.80932
75 9.80932

76 1.05216
76 0.125921
76 9.33809
76 10.5584
76 10.5584
76 0.125921
76 3.54699
76 3.54699
76 3.54699
76 6.74908
76 6.74908
76 6.74908
76 0.284078
76 0.284078
76 0.284078
76 0.480082
76 0.480082
76 0.480082
76 9.77722
76 9.77722
76 9.77722
76 9.78104
76 9.78104
76 9.78104

77 0.969978
77 9.45013
77 10.5773
77 10.5773
77 0.117274
77 0.117274
77 3.6043
77 6.73323
77 3.6043
77 3.6043
77 6.73323
77 6.73323
77 0.284743
77 0.284743
77 0.284743
77 0.476537
77 0.476537
77 0.476537
77 9.75278
77 9.75013
77 9.75013
77 9.75013
77 9.75278
77 9.75278

78 0.890591
78 9.55914
78 10.596
78 10.596
78 0.10873
78 0.10873
78 6.71481
78 6.71481
78 3.66541
78 3.66541
78 3.66541
78 6.71481
78 0.285444
78 0.285444
78 0.285444
78 0.471537
78 0.471537
78 0.471537
78 9.72321
78 9.72321
78 9.72321
78 9.72466
78 9.72466
78 9.72466

79 0.81412
79 9.66489
79 10.6144
79 10.6144
79 0.100323
79 0.100323
79 3.73015
79 6.69367
79 6.69367
79 3.73015
79 3.73015
79 6.69367
79 0.465205
79 0.465205
79 0.465205
79 0.286176
79 0.286176
79 0.286176
79 9.69657
79 9.69657
79 9.69657
79 9.69685
79 9.69685
79 9.69685

80 0.740667
80 9.76714
80 10.6325
80 10.6325
80 0.0920842
80 0.0920842
80 3.79836
80 3.79836
80 3.79836
80 6.66968
80 6.66968
80 6.66968
80 0.286935
80 0.286935
80 0.286935
80 0.457683
80 0.457683
80 0.457683
80 9.66946
80 9.67032
80 9.67032
80 9.67032
80 9.66946
80 9.66946

81 0.670328
81 9.8657
81 10.6502
81 10.6502
81 0.0840437
81 0.0840437
81 3.86983
81 3.86983
81 3.86983
81 6.64269
81 6.64269
81 6.64269
81 0.449128
81 0.449128
81 0.449128
81 0.287716
81 0.287716
81 0.287716
81 9.64456
81 9.64456
81 9.64456
81 9.64265
81 9.64265
81 9.64265

82 9.96037
82 0.603185
82 10.6675
82 10.6675
82 0.0762309
82 0.0762309
82 6.6126
82 3.94435
82 6.6126
82 3.94435
82 3.94435
82 6.6126
82 0.439706
82 0.439706
82 0.439706
82 0.288515
82 0.288515
82 0.288515
82 9.6194
82 9.6194
82 9.6194
82 9.61654
82 9.61654
82 9.61654

83 10.051
83 0.539316
83 10.6842
83 10.6842
83 0.0686742
83 0.0686742
83 4.02168
83 4.02168
83 4.02168
83 6.57929
83 6.57929
83 6.57929
83 0.429591
83 0.429591
83 0.429591
83 0.289325
83 0.289325
83 0.289325
83 9.59494
83 9.59494
83 9.59494
83 9.59128
83 9.59128
83 9.59128

84 10.1373
84 0.478789
84 10.7003
84 10.7003
84 0.0614004
84 0.0614004
84 4.10158
84 4.10158
84 4.10158
84 6.54267
84 6.54267
84 6.54267
84 0.29014
84 0.29014
84 0.29014
84 0.418957
84 0.418957
84 0.418957
84 9.57128
84 9.57128
84 9.57128
84 9.56696
84 9.56696
84 9.56696

85 10.2192
85 0.421666
85 10.7158
85 10.7158
85 0.0544353
85 0.0544353
85 4.18381
85 4.18381
85 4.18381
85 6.50269
85 6.50269
85 6.50269
85 0.290954
85 0.290954
85 0.290954
85 0.40798
85 0.40798
85 0.40798
85 9.54851
85 9.54851
85 9.54851
85 9.54372
85 9.54372
85 9.54372

86 10.2966
86 0.368003
86 10.7306
86 10.7306
86 0.0478031
86 0.0478031
86 4.26809
86 4.26809
86 4.26809
86 6.45928
86 6.45928
86 6.45928
86 0.29176
86 0.29176
86 0.29176
86 0.396831
86 0.396831
86 0.396831
86 9.52673
86 9.52673
86 9.52673
86 9.52165
86 9.52165
86 9.52165

87 10.3692
87 0.31785
87 10.7445
87 10.7445
87 0.0415269
87 0.0415269
87 4.35417
87 6.41243
87 6.41243
87 4.35417
87 6.41243
87 4.35417
87 0.385676
87 0.385676
87 0.385676
87 0.29255
87 0.29255
87 0.29255
87 9.50603
87 9.50603
87 9.50603
87 9.50084
87 9.50084
87 9.50084

88 10.4371
88 0.271251
88 10.7577
88 10.7577
88 0.035628
88 0.035628
88 4.44179
88 6.36214
88 6.36214
88 4.44179
88 4.44179
88 6.36214
88 0.374675
88 0.374675
88 0.374675
88 0.293318
88 0.293318
88 0.293318
88 9.48649
88 9.48649
88 9.48649
88 9.48137
88 9.48137
88 9.48137

89 10.4999
89 0.228246
89 10.77
89 10.77
89 0.0301264
89 0.0301264
89 4.53068
89 6.30842
89 4.53068
89 6.30842
89 4.53068
89 6.30842
89 0.363978
89 0.363978
89 0.363978
89 0.294057
89 0.294057
89 0.294057
89 9.4682
89 9.4682
89 9.4682
89 9.46331
89 9.46331
89 9.46331

90 10.5576
90 0.188872
90 10.7814
90 10.7814
90 0.0250407
90 0.0250407
90 4.62057
90 4.62057
90 6.25132
90 6.25132
90 4.62057
90 6.25132
90 0.353726
90 0.353726
90 0.353726
90 0.294759
90 0.294759
90 0.294759
90 9.45122
90 9.45122
90 9.45122
90 9.44671
90 9.44671
90 9.44671

91 10.6102
91 0.153159
91 10.7918
91 10.7918
91 0.0203878
91 0.0203878
91 6.1909
91 6.1909
91 4.71121
91 4.71121
91 4.71121
91 6.1909
91 0.34405
91 0.34405
91 0.34405
91 0.295418
91 0.295418
91 0.295418
91 9.43564
91 9.43564
91 9.43564
91 9.43161
91 9.43161
91 9.43161

92 10.6575
92 0.121135
92 10.8013
92 10.8013
92 0.016183
92 0.016183
92 4.80233
92 4.80233
92 4.80233
92 6.12725
92 6.12725
92 6.12725
92 0.335069
92 0.335069
92 0.335069
92 0.296027
92 0.296027
92 0.296027
92 9.42152
92 9.42152
92 9.42152
92 9.41806
92 9.41806
92 9.41806

93 10.6994
93 0.092825
93 10.8097
93 10.8097
93 0.0124403
93 0.0124403
93 4.89368
93 6.06048
93 6.06048
93 6.06048
93 4.89368
93 4.89368
93 0.326889
93 0.326889
93 0.326889
93 0.296581
93 0.296581
93 0.296581
93 9.40892
93 9.40892
93 9.40892
93 9.40606
93 9.40606
93 9.40606

94 10.7359
94 0.068249
94 10.817
94 10.817
94 0.00917176
94 0.00917176
94 4.98499
94 4.98499
94 5.99071
94 5.99071
94 4.98499
94 5.99071
94 0.319606
94 0.319606
94 0.319606
94 0.297073
94 0.297073
94 0.297073
94 9.39788
94 9.39788
94 9.39788
94 9.39565
94 9.39565
94 9.39565

95 10.7669
95 0.00638807
95 0.0474249
95 10.8233
95 10.8233
95 0.00638807
95 5.91809
95 5.91809
95 5.07601
95 5.07601
95 5.07601
95 5.91809
95 0.297498
95 0.297498
95 0.297498
95 0.313303
95 0.313303
95 0.313303
95 9.38847
95 9.38847
95 9.38847
95 9.38684
95 9.38684
95 9.38684

96 10.7923
96 0.00409821
96 0.0303675
96 10.8285
96 10.8285
96 0.00409821
96 5.1665
96 5.1665
96 5.84278
96 5.84278
96 5.84278
96 5.1665
96 0.297853
96 0.297853
96 0.297853
96 0.30805
96 0.30805
96 0.30805
96 9.38071
96 9.38071
96 9.38071
96 9.37962
96 9.37962
96 9.37962

97 10.8122
97 0.00230955
97 0.0170884
97 10.8325
97 10.8325
97 0.00230955
97 5.76494
97 5.25621
97 5.25621
97 5.25621
97 5.76494
97 5.76494
97 0.298132
97 0.298132
97 0.298132
97 0.303904
97 0.303904
97 0.303904
97 9.37464
97 9.37464
97 9.37464
97 9.37401
97 9.37401
97 9.37401

98 10.8263
98 0.00102784
98 0.007597
98 10.8354
98 10.8354
98 0.00102784
98 5.68478
98 5.34489
98 5.34489
98 5.68478
98 5.68478
98 5.34489
98 0.298334
98 0.298334
98 0.298334
98 0.300911
98 0.300911
98 0.300911
98 9.37028
98 9.37028
98 9.37028
98 9.37
98 9.37
98 9.37

99 10.8349
99 0.000257164
99 0.00189957
99 10.8371
99 10.8371
99 0.000257164
99 5.43232
99 5.43232
99 5.43232
99 5.60248
99 5.60248
99 5.60248
99 0.299102
99 0.299102
99 0.299102
99 0.298456
99 0.298456
99 0.298456
99 9.36766
99 9.36766
99 9.36766
99 9.36759
99 9.36759
99 9.36759

100 2.47817e-15
100 8.5989e-16
100 10.8377
100 10.8377
100 10.8377
100 5.4455e-16
100 5.51825
100 5.51825
100 9.36679
100 9.36679
100 9.36679
100 9.36679
100 9.36679
100 9.36679
100 5.51825
100 5.51825
100 5.51825
100 5.51825
100 0.298497
100 0.298497
100 0.298497
100 0.298497
100 0.298497
100 0.298497

101 0.00277195
101 10.8351
101 5.68837
101 5.34795
101 0.000223312
101 10.8363
101 10.8363
101 0.000223312
101 9.36832
101 9.36832
101 0.298117
101 0.298117
101 5.51659
101 5.51659
101 5.51659
101 5.51659
101 9.36769
101 9.36769
101 9.36769
101 9.36769
101 0.299251
101 0.299251
101 0.299251
101 0.299251

102 10.8274
102 5.85811
102 5.17761
102 0.0110848
102 0.000893076
102 10.8322
102 10.8322
102 0.000893076
102 0.296981
102 9.37293
102 9.37293
102 0.296981
102 5.51164
102 5.51164
102 5.51164
102 5.51164
102 9.3704
102 9.3704
102 9.3704
102 9.3704
102 0.301502
102 0.301502
102 0.301502
102 0.301502

103 10.8145
103 6.02733
103 5.00741
103 0.0249294
103 0.00200877
103 10.8253
103 10.8253
103 0.00200877
103 9.38057
103 9.38057
103 0.295097
103 0.295097
103 5.50348
103 5.50348
103 5.50348
103 5.50348
103 9.37484
103 9.37484
103 9.37484
103 9.37484
103 0.305222
103 0.305222
103 0.305222
103 0.305222

104 10.7965
104 0.0442907
104 4.83753
104 6.19585
104 0.00356951
104 9.39122
104 10.8157
104 10.8157
104 9.39122
104 0.00356951
104 0.292478
104 0.292478
104 5.49224
104 5.49224
104 5.49224
104 5.49224
104 9.38094
104 9.38094
104 9.38094
104 9.38094
104 0.31036
104 0.31036
104 0.31036
104 0.31036

105 10.7734
105 6.36352
105 4.66813
105 0.0691476
105 0.00557399
105 10.8034
105 10.8034
105 9.40483
105 9.40483
105 0.00557399
105 0.289142
105 0.289142
105 5.47811
105 5.47811
105 5.47811
105 5.47811
105 9.38858
105 9.38858
105 9.38858
105 9.38858
105 0.316848
105 0.316848
105 0.316848
105 0.316848

106 10.7452
106 6.53016
106 4.49937
106 0.099473
106 0.00802045
106 10.7885
106 10.7885
106 9.42134
106 9.42134
106 0.00802045
106 0.285113
106 0.285113
106 5.46134
106 5.46134
106 5.46134
106 5.46134
106 9.3976
106 9.3976
106 9.3976
106 9.3976
106 0.324598
106 0.324598
106 0.324598
106 0.324598

107 10.7119
107 6.69561
107 4.33144
107 0.135234
107 9.44066
107 10.771
107 10.771
107 9.44066
107 0.0109066
107 0.0109066
107 0.280418
107 0.280418
107 5.44218
107 5.44218
107 5.44218
107 5.44218
107 9.40785
107 9.40785
107 9.40785
107 9.40785
107 0.333505
107 0.333505
107 0.333505
107 0.333505

108 10.6736
108 6.85972
108 4.16449
108 0.176391
108 10.751
108 10.751
108 9.4627
108 9.4627
108 0.0142296
108 0.0142296
108 0.27509
108 0.27509
108 5.42096
108 5.42096
108 5.42096
108 5.42096
108 9.41913
108 9.41913
108 9.41913
108 9.41913
108 0.343444
108 0.343444
108 0.343444
108 0.343444

109 10.6303
109 7.02233
109 3.99871
109 0.2229
109 10.7285
109 10.7285
109 9.48738
109 9.48738
109 0.0179859
109 0.0179859
109 0.269165
109 0.269165
109 5.39802
109 5.39802
109 5.39802
109 5.39802
109 9.43125
109 9.43125
109 9.43125
109 9.43125
109 0.354276
109 0.354276
109 0.354276
109 0.354276

110 10.582
110 7.18328
110 3.83424
110 0.27471
110 10.7036
110 10.7036
110 9.51456
110 9.51456
110 0.022171
110 0.022171
110 0.26268
110 0.26268
110 9.44398
110 9.44398
110 9.44398
110 9.44398
110 5.37371
110 5.37371
110 5.37371
110 5.37371
110 0.365846
110 0.365846
110 0.365846
110 0.365846

111 10.5287
111 7.34242
111 3.67128
111 0.331764
111 10.6764
111 10.6764
111 9.54413
111 9.54413
111 0.0267798
111 0.0267798
111 0.255679
111 0.255679
111 9.45712
111 5.34844
111 5.34844
111 5.34844
111 5.34844
111 9.45712
111 9.45712
111 9.45712
111 0.377984
111 0.377984
111 0.377984
111 0.377984

112 10.4706
112 7.4996
112 3.50997
112 0.394001
112 10.647
112 10.647
112 9.57596
112 9.57596
112 0.0318059
112 0.0318059
112 0.248205
112 0.248205
112 5.32258
112 5.32258
112 5.32258
112 5.32258
112 9.47045
112 9.47045
112 9.47045
112 9.47045
112 0.390509
112 0.390509
112 0.390509
112 0.390509

113 10.4077
113 7.65466
113 3.35049
113 0.461354
113 10.6155
113 10.6155
113 9.6099
113 9.6099
113 0.037242
113 0.037242
113 0.240305
113 0.240305
113 5.29656
113 5.29656
113 5.29656
113 5.29656
113 9.48375
113 9.48375
113 9.48375
113 9.48375
113 0.40323
113 0.40323
113 0.40323
113 0.40323

114 10.34
114 7.80747
114 3.193
114 0.533749
114 10.5821
114 10.5821
114 9.6458
114 9.6458
114 0.0430794
114 0.0430794
114 0.232026
114 0.232026
114 9.49682
114 9.49682
114 9.49682
114 9.49682
114 5.27077
114 5.27077
114 5.27077
114 5.27077
114 0.415947
114 0.415947
114 0.415947
114 0.415947

115 7.95787
115 10.2676
115 3.03766
115 0.611107
115 10.5468
115 10.5468
115 9.68351
115 9.68351
115 0.0493079
115 0.0493079
115 0.223417
115 0.223417
115 5.24561
115 9.50947
115 9.50947
115 9.50947
115 9.50947
115 5.24561
115 5.24561
115 5.24561
115 0.428458
115 0.428458
115 0.428458
115 0.428458

116 8.10574
116 10.1905
116 2.88463
116 0.693346
116 10.5097
116 10.5097
116 9.72286
116 9.72286
116 0.055916
116 0.055916
116 0.214526
116 0.214526
116 9.5215
116 9.5215
116 9.5215
116 9.5215
116 5.22148
116 5.22148
116 5.22148
116 5.22148
116 0.440559
116 0.440559
116 0.440559
116 0.440559

117 8.25092
117 10.1088
117 2.73408
117 0.780376
117 10.471
117 10.471
117 9.76368
117 9.76368
117 0.0628904
117 0.0628904
117 0.205403
117 0.205403
117 5.19875
117 5.19875
117 5.19875
117 9.53274
117 9.53274
117 9.53274
117 9.53274
117 5.19875
117 0.452047
117 0.452047
117 0.452047
117 0.452047

118 8.39328
118 10.0227
118 2.58615
118 0.872103
118 10.4309
118 10.4309
118 9.8058
118 9.8058
118 0.0702158
118 0.0702158
118 0.196095
118 0.196095
118 9.54305
118 5.17777
118 5.17777
118 5.17777
118 9.54305
118 9.54305
118 9.54305
118 5.17777
118 0.462725
118 0.462725
118 0.462725
118 0.462725

119 8.53269
119 9.93208
119 2.441
119 0.96843
119 9.84904
119 10.3894
119 10.3894
119 9.84904
119 0.0778754
119 0.0778754
119 0.186652
119 0.186652
119 9.55227
119 9.55227
119 9.55227
119 9.55227
119 5.15886
119 5.15886
119 5.15886
119 5.15886
119 0.472408
119 0.472408
119 0.472408
119 0.472408

120 8.66903
120 2.29879
120 9.83714
120 1.06925
120 10.3468
120 10.3468
120 9.89323
120 9.89323
120 0.0858501
120 0.0858501
120 0.177118
120 0.177118
120 9.56028
120 9.56028
120 9.56028
120 9.56028
120 5.14233
120 5.14233
120 5.14233
120 5.14233
120 0.480922
120 0.480922
120 0.480922
120 0.480922

121 8.80216
121 9.73792
121 2.15966
121 1.17446
121 10.3032
121 10.3032
121 9.93817
121 9.93817
121 0.0941186
121 0.0941186
121 0.16754
121 0.16754
121 9.56698
121 0.488115
121 9.56698
121 9.56698
121 9.56698
121 5.12844
121 5.12844
121 5.12844
121 5.12844
121 0.488115
121 0.488115
121 0.488115

122 8.93197
122 2.02376
122 1.28394
122 9.63454
122 10.2587
122 10.2587
122 9.98369
122 9.98369
122 0.102657
122 0.102657
122 0.157962
122 0.157962
122 5.1174
122 5.1174
122 5.1174
122 5.1174
122 9.57229
122 9.57229
122 9.57229
122 9.57229
122 0.493854
122 0.493854
122 0.493854
122 0.493854

123 1.89123
123 1.39758
123 9.05833
123 9.52706
123 10.2135
123 10.2135
123 10.0296
123 10.0296
123 0.111441
123 0.111441
123 0.148424
123 0.148424
123 5.10938
123 5.10938
123 5.10938
123 0.498032
123 5.10938
123 9.57612
123 9.57612
123 9.57612
123 9.57612
123 0.498032
123 0.498032
123 0.498032

124 9.18113
124 9.4156
124 1.76221
124 1.51526
124 10.0757
124 10.1679
124 10.1679
124 10.0757
124 0.120441
124 0.120441
124 0.138966
124 0.138966
124 9.57844
124 9.57844
124 9.57844
124 9.57844
124 5.10452
124 5.10452
124 5.10452
124 5.10452
124 0.500571
124 0.500571
124 0.500571
124 0.500571

125 1.63685
125 1.63685
125 0.501422
125 0.501422
125 9.30026
125 9.30026
125 9.57922
125 9.57922
125 9.57922
125 9.57922
125 0.501422
125 0.501422
125 10.1219
125 10.1219
125 10.1219
125 10.1219
125 5.1029
125 5.1029
125 5.1029
125 5.1029
125 0.129627
125 0.129627
125 0.129627
125 0.129627

126 9.18113
126 9.4156
126 1.76221
126 1.51526
126 10.1679
126 10.1679
126 10.0757
126 10.0757
126 0.138966
126 0.138966
126 0.120441
126 0.120441
126 9.57844
126 9.57844
126 9.57844
126 9.57844
126 5.10452
126 5.10452
126 5.10452
126 5.10452
126 0.500571
126 0.500571
126 0.500571
126 0.500571

127 9.05833
127 1.89123
127 1.39758
127 9.52706
127 10.2135
127 10.2135
127 10.0296
127 10.0296
127 0.148424
127 0.148424
127 0.111441
127 0.111441
127 5.10938
127 5.10938
127 5.10938
127 5.10938
127 9.57612
127 9.57612
127 9.57612
127 9.57612
127 0.498032
127 0.498032
127 0.498032
127 0.498032

128 8.93197
128 2.02376
128 1.28394
128 9.63454
128 10.2587
128 10.2587
128 9.98369
128 9.98369
128 0.102657
128 0.102657
128 0.157962
128 0.157962
128 9.57229
128 9.57229
128 5.1174
128 5.1174
128 5.1174
128 5.1174
128 9.57229
128 9.57229
128 0.493854
128 0.493854
128 0.493854
128 0.493854

129 8.80216
129 2.15966
129 9.73792
129 1.17446
129 10.3032
129 10.3032
129 9.93817
129 9.93817
129 0.0941186
129 0.0941186
129 0.16754
129 0.16754
129 5.12844
129 5.12844
129 5.12844
129 5.12844
129 9.56698
129 9.56698
129 9.56698
129 9.56698
129 0.488115
129 0.488115
129 0.488115
129 0.488115

130 8.66903
130 2.29879
130 9.83714
130 1.06925
130 10.3468
130 10.3468
130 9.89323
130 9.89323
130 0.0858501
130 0.0858501
130 0.177118
130 0.177118
130 9.56028
130 9.56028
130 9.56028
130 9.56028
130 5.14233
130 5.14233
130 5.14233
130 5.14233
130 0.480922
130 0.480922
130 0.480922
130 0.480922

131 8.53269
131 9.93208
131 2.441
131 0.96843
131 9.84904
131 10.3894
131 10.3894
131 9.84904
131 0.0778754
131 0.0778754
131 0.186652
131 0.186652
131 5.15886
131 5.15886
131 5.15886
131 9.55227
131 9.55227
131 9.55227
131 9.55227
131 5.15886
131 0.472408
131 0.472408
131 0.472408
131 0.472408

132 8.39328
132 10.0227
132 2.58615
132 0.872103
132 10.4309
132 10.4309
132 9.8058
132 9.8058
132 0.0702158
132 0.0702158
132 0.196095
132 0.196095
132 9.54305
132 9.54305
132 9.54305
132 9.54305
132 5.17777
132 5.17777
132 5.17777
132 5.17777
132 0.462725
132 0.462725
132 0.462725
132 0.462725

133 8.25092
133 10.1088
133 2.73408
133 0.780376
133 10.471
133 10.471
133 9.76368
133 9.76368
133 0.0628904
133 0.0628904
133 0.205403
133 0.205403
133 5.19875
133 5.19875
133 9.53274
133 9.53274
133 9.53274
133 9.53274
133 5.19875
133 5.19875
133 0.452047
133 0.452047
133 0.452047
133 0.452047

134 8.10574
134 10.1905
134 2.88463
134 0.693346
134 10.5097
134 10.5097
134 9.72286
134 9.72286
134 0.055916
134 0.055916
134 0.214526
134 0.214526
134 9.5215
134 5.22148
134 9.5215
134 9.5215
134 9.5215
134 5.22148
134 5.22148
134 5.22148
134 0.440559
134 0.440559
134 0.440559
134 0.440559

135 7.95787
135 10.2676
135 3.03766
135 0.611107
135 10.5468
135 10.5468
135 9.68351
135 9.68351
135 0.0493079
135 0.0493079
135 0.223417
135 0.223417
135 9.50947
135 5.24561
135 9.50947
135 9.50947
135 9.50947
135 5.24561
135 5.24561
135 5.24561
135 0.428458
135 0.428458
135 0.428458
135 0.428458

136 10.34
136 7.80747
136 3.193
136 0.533749
136 10.5821
136 10.5821
136 9.6458
136 9.6458
136 0.0430794
136 0.0430794
136 0.232026
136 0.232026
136 5.27077
136 5.27077
136 5.27077
136 5.27077
136 9.49682
136 9.49682
136 9.49682
136 9.49682
136 0.415947
136 0.415947
136 0.415947
136 0.415947

137 10.4077
137 7.65466
137 3.35049
137 0.461354
137 10.6155
137 10.6155
137 9.6099
137 9.6099
137 0.037242
137 0.037242
137 0.240305
137 0.240305
137 9.48375
137 9.48375
137 9.48375
137 9.48375
137 5.29656
137 5.29656
137 5.29656
137 5.29656
137 0.40323
137 0.40323
137 0.40323
137 0.40323

138 10.4706
138 7.4996
138 3.50997
138 0.394001
138 10.647
138 10.647
138 9.57596
138 9.57596
138 0.0318059
138 0.0318059
138 0.248205
138 0.248205
138 5.32258
138 5.32258
138 5.32258
138 5.32258
138 9.47045
138 9.47045
138 9.47045
138 9.47045
138 0.390509
138 0.390509
138 0.390509
138 0.390509

139 10.5287
139 7.34242
139 3.67128
139 0.331764
139 10.6764
139 10.6764
139 9.54413
139 9.54413
139 0.0267798
139 0.0267798
139 0.255679
139 0.255679
139 5.34844
139 5.34844
139 5.34844
139 5.34844
139 9.45712
139 9.45712
139 9.45712
139 9.45712
139 0.377984
139 0.377984
139 0.377984
139 0.377984

140 10.582
140 7.18328
140 3.83424
140 0.27471
140 10.7036
140 10.7036
140 9.51456
140 9.51456
140 0.022171
140 0.022171
140 0.26268
140 0.26268
140 5.37371
140 5.37371
140 5.37371
140 5.37371
140 9.44398
140 9.44398
140 9.44398
140 9.44398
140 0.365846
140 0.365846
140 0.365846
140 0.365846

141 10.6303
141 7.02233
141 3.99871
141 0.2229
141 10.7285
141 10.7285
141 9.48738
141 9.48738
141 0.0179859
141 0.0179859
141 0.269165
141 0.269165
141 5.39802
141 9.43125
141 9.43125
141 5.39802
141 5.39802
141 5.39802
141 9.43125
141 9.43125
141 0.354276
141 0.354276
141 0.354276
141 0.354276

142 10.6736
142 6.85972
142 4.16449
142 0.176391
142 10.751
142 10.751
142 9.4627
142 9.4627
142 0.0142296
142 0.0142296
142 0.27509
142 0.27509
142 5.42096
142 5.42096
142 5.42096
142 5.42096
142 9.41913
142 9.41913
142 9.41913
142 9.41913
142 0.343444
142 0.343444
142 0.343444
142 0.343444

143 10.7119
143 6.69561
143 4.33144
143 0.135234
143 0.0109066
143 10.771
143 10.771
143 9.44066
143 9.44066
143 0.0109066
143 0.280418
143 0.280418
143 5.44218
143 5.44218
143 5.44218
143 5.44218
143 9.40785
143 9.40785
143 9.40785
143 9.40785
143 0.333505
143 0.333505
143 0.333505
143 0.333505

144 10.7452
144 6.53016
144 4.49937
144 0.099473
144 0.00802045
144 10.7885
144 10.7885
144 9.42134
144 9.42134
144 0.00802045
144 0.285113
144 0.285113
144 5.46134
144 5.46134
144 5.46134
144 5.46134
144 9.3976
144 9.3976
144 9.3976
144 9.3976
144 0.324598
144 0.324598
144 0.324598
144 0.324598

145 10.7734
145 6.36352
145 4.66813
145 0.0691476
145 0.00557399
145 10.8034
145 10.8034
145 9.40483
145 9.40483
145 0.00557399
145 0.289142
145 0.289142
145 5.47811
145 5.47811
145 5.47811
145 5.47811
145 9.38858
145 9.38858
145 9.38858
145 9.38858
145 0.316848
145 0.316848
145 0.316848
145 0.316848

146 10.7965
146 6.19585
146 4.83753
146 0.0442907
146 0.00356951
146 9.39122
146 10.8157
146 10.8157
146 9.39122
146 0.00356951
146 0.292478
146 0.292478
146 5.49224
146 5.49224
146 5.49224
146 5.49224
146 9.38094
146 9.38094
146 9.38094
146 9.38094
146 0.31036
146 0.31036
146 0.31036
146 0.31036

147 10.8145
147 5.00741
147 6.02733
147 0.0249294
147 0.00200877
147 10.8253
147 10.8253
147 0.295097
147 0.00200877
147 9.38057
147 9.38057
147 0.295097
147 5.50348
147 5.50348
147 5.50348
147 5.50348
147 9.37484
147 9.37484
147 9.37484
147 9.37484
147 0.305222
147 0.305222
147 0.305222
147 0.305222

148 10.8274
148 5.85811
148 5.17761
148 0.0110848
148 0.000893076
148 10.8322
148 10.8322
148 0.000893076
148 0.296981
148 9.37293
148 9.37293
148 0.296981
148 5.51164
148 5.51164
148 5.51164
148 5.51164
148 9.3704
148 9.3704
148 9.3704
148 9.3704
148 0.301502
148 0.301502
148 0.301502
148 0.301502

149 10.8351
149 0.00277195
149 5.34795
149 5.68837
149 0.000223312
149 10.8363
149 10.8363
149 0.000223312
149 9.36832
149 0.298117
149 9.36832
149 0.298117
149 5.51659
149 5.51659
149 5.51659
149 5.51659
149 9.36769
149 9.36769
149 9.36769
149 9.36769
149 0.299251
149 0.299251
149 0.299251
149 0.299251

150 2.5083e-15
150 1.06747e-15
150 10.8377
150 10.8377
150 10.8377
150 1.74196e-15
150 5.51825
150 5.51825
150 5.51825
150 5.51825
150 9.36679
150 9.36679
150 9.36679
150 9.36679
150 9.36679
150 9.36679
150 5.51825
150 5.51825
150 0.298497
150 0.298497
150 0.298497
150 0.298497
150 0.298497
150 0.298497

151 10.837
151 10.836
151 5.51645
151 5.5184
151 0.000111736
151 0.00129624
151 10.8375
151 5.43272
151 5.43272
151 5.60291
151 5.60291
151 0.000201353
151 0.299197
151 9.36721
151 9.36728
151 9.36741
151 9.36741
151 9.36739
151 9.36739
151 0.298551
151 0.298588
151 0.298588
151 0.298593
151 0.298593

152 10.8349
152 10.8307
152 5.51103
152 5.51884
152 10.8368
152 0.000447818
152 0.00518348
152 5.34644
152 5.34644
152 5.68655
152 5.68655
152 9.36845
152 0.301292
152 0.000804836
152 9.36875
152 9.36928
152 9.36928
152 9.36918
152 9.36918
152 0.298713
152 0.298891
152 0.298891
152 0.298851
152 0.298851

153 10.8315
153 10.822
153 5.5196
153 5.50202
153 0.0116573
153 0.00101086
153 10.8356
153 5.25956
153 5.25956
153 5.76904
153 5.76904
153 0.304766
153 9.37052
153 0.00180872
153 9.3712
153 9.37245
153 9.37245
153 9.37211
153 9.37211
153 0.298981
153 0.299405
153 0.299405
153 0.299268
153 0.299268

154 10.8267
154 10.8099
154 5.52071
154 5.48945
154 0.0207102
154 0.0018052
154 10.8339
154 5.17221
154 5.17221
154 5.85024
154 5.85024
154 0.309591
154 9.37339
154 0.00321013
154 9.37695
154 9.37695
154 9.37614
154 9.37614
154 9.37462
154 0.299353
154 0.300146
154 0.300146
154 0.299822
154 0.299822

155 10.8206
155 10.7942
155 5.47336
155 5.5222
155 0.032332
155 0.00283684
155 10.8318
155 0.315732
155 5.08453
155 5.08453
155 5.93003
155 5.93003
155 9.37703
155 0.00500507
155 9.3828
155 9.3828
155 9.38123
155 9.38123
155 9.37901
155 0.299827
155 0.301125
155 0.301125
155 0.300495
155 0.300495

156 10.8131
156 10.7752
156 5.52412
156 5.45382
156 0.00411342
156 0.0465094
156 10.8292
156 0.323139
156 4.99666
156 4.99666
156 6.00828
156 6.00828
156 9.38141
156 0.00718839
156 9.39002
156 9.39002
156 9.38733
156 9.38733
156 9.38436
156 0.300398
156 0.30235
156 0.30235
156 0.301266
156 0.301266

157 10.8043
157 10.7527
157 5.52653
157 5.43088
157 0.0632263
157 0.00564416
157 0.331755
157 10.8261
157 4.90875
157 4.90875
157 6.08487
157 6.08487
157 9.3865
157 0.00975388
157 9.39865
157 9.39865
157 9.3944
157 9.3944
157 9.39066
157 0.301062
157 0.30383
157 0.30383
157 0.302118
157 0.302118

158 10.7942
158 10.7268
158 5.52951
158 5.40462
158 0.00743971
158 0.0824637
158 0.341512
158 10.8226
158 4.82091
158 4.82091
158 6.15969
158 6.15969
158 9.39225
158 0.0126942
158 9.40868
158 9.40868
158 9.40238
158 9.40238
158 9.3979
158 0.305569
158 0.305569
158 0.301813
158 0.30303
158 0.30303

159 10.7829
159 10.6976
159 5.37512
159 5.53315
159 0.00951216
159 0.1042
159 0.352333
159 10.8186
159 4.7333
159 4.7333
159 6.23262
159 6.23262
159 9.39862
159 0.016001
159 9.42013
159 9.42013
159 9.41123
159 9.41123
159 9.40607
159 0.302646
159 0.307571
159 0.307571
159 0.303982
159 0.303982

160 10.7704
160 10.665
160 5.53752
160 5.34247
160 0.0118748
160 0.12841
160 10.8141
160 9.40555
160 0.364129
160 4.64603
160 4.64603
160 6.30358
160 6.30358
160 9.433
160 9.433
160 9.42091
160 9.42091
160 9.41514
160 0.019665
160 0.309838
160 0.309838
160 0.303552
160 0.304954
160 0.304954

161 10.7566
161 10.6291
161 5.30677
161 5.54273
161 0.0145422
161 0.155067
161 0.376806
161 10.8091
161 4.55925
161 4.55925
161 6.37245
161 6.37245
161 9.413
161 0.0236756
161 9.44728
161 9.44728
161 9.43136
161 9.43136
161 9.42512
161 0.312371
161 0.312371
161 0.304526
161 0.305927
161 0.305927

162 10.7418
162 10.59
162 5.26812
162 5.54889
162 0.0175297
162 0.184141
162 0.390259
162 10.8036
162 9.42092
162 4.47308
162 4.47308
162 6.43917
162 6.43917
162 0.0280216
162 9.46296
162 9.46296
162 9.44253
162 9.44253
162 9.43598
162 0.315166
162 0.315166
162 0.305557
162 0.306882
162 0.306882

163 5.22663
163 5.55612
163 10.7258
163 10.5476
163 0.0208539
163 0.404375
163 0.215599
163 9.42925
163 10.7976
163 4.38764
163 4.38764
163 6.50366
163 6.50366
163 9.48002
163 9.48002
163 9.45437
163 9.45437
163 9.44769
163 0.0326908
163 0.31822
163 0.31822
163 0.306638
163 0.307799
163 0.307799

164 10.7088
164 10.5021
164 5.56455
164 5.1824
164 9.43794
164 10.7912
164 0.0245317
164 0.419036
164 0.249406
164 4.30306
164 4.30306
164 6.56585
164 6.56585
164 9.49841
164 9.49841
164 9.46683
164 9.46683
164 9.46025
164 0.03767
164 0.321527
164 0.321527
164 0.307758
164 0.308662
164 0.308662

165 10.6908
165 10.4535
165 5.57429
165 5.13555
165 9.44696
165 10.7842
165 0.0285807
165 0.434116
165 4.21947
165 4.21947
165 6.6257
165 6.6257
165 0.285525
165 9.5181
165 9.5181
165 9.47985
165 9.47985
165 9.47363
165 0.0429452
165 0.325081
165 0.325081
165 0.308908
165 0.309452
165 0.309452

166 5.08618
166 5.5855
166 10.6718
166 10.4019
166 0.033019
166 0.449485
166 9.45625
166 10.7768
166 4.13698
166 4.13698
166 6.68317
166 6.68317
166 0.323916
166 9.53903
166 9.53903
166 9.49339
166 9.49339
166 9.4878
166 0.0485018
166 0.328871
166 0.328871
166 0.310077
166 0.310154
166 0.310154

167 10.6519
167 10.3472
167 5.5983
167 5.03441
167 0.0378647
167 9.46577
167 0.465007
167 10.7688
167 0.364536
167 4.0557
167 4.0557
167 6.73823
167 6.73823
167 9.56115
167 9.56115
167 9.50738
167 9.50738
167 9.50275
167 0.0543244
167 0.332886
167 0.332886
167 0.311253
167 0.310754
167 0.310754

168 4.98035
168 5.61284
168 10.6312
168 10.2896
168 9.47548
168 0.0431359
168 0.480545
168 0.40734
168 10.7604
168 3.97576
168 3.97576
168 6.79086
168 6.79086
168 9.58436
168 9.58436
168 9.52178
168 9.52178
168 9.51844
168 0.0603968
168 0.337114
168 0.337114
168 0.311236
168 0.311236
168 0.312426

169 4.92411
169 5.62926
169 10.6097
169 10.2291
169 0.0488505
169 0.495958
169 0.452283
169 9.48535
169 10.7514
169 3.89725
169 3.89725
169 6.84108
169 6.84108
169 9.6086
169 9.6086
169 9.53653
169 9.53653
169 9.53486
169 0.0667023
169 0.34154
169 0.34154
169 0.313583
169 0.31159
169 0.31159

170 4.8658
170 5.6477
170 10.5875
170 10.1658
170 0.055026
170 9.49536
170 0.511107
170 0.499316
170 10.742
170 3.82029
170 3.82029
170 6.88888
170 6.88888
170 9.63375
170 9.63375
170 9.55157
170 9.55157
170 9.55197
170 0.0732236
170 0.346148
170 0.346148
170 0.314713
170 0.311805
170 0.311805

171 4.80552
171 5.66831
171 10.5646
171 10.0998
171 0.0616791
171 0.548388
171 0.525852
171 9.50547
171 10.732
171 3.74497
171 3.74497
171 6.93428
171 6.93428
171 9.65973
171 9.65973
171 9.56684
171 9.56684
171 9.56974
171 0.0799431
171 0.35092
171 0.35092
171 0.315802
171 0.311873
171 0.311873

172 4.74339
172 5.69123
172 10.5411
172 10.0312
172 0.0688258
172 0.599447
172 0.540057
172 9.51566
172 10.7215
172 3.67141
172 3.67141
172 6.97733
172 6.97733
172 9.68642
172 9.68642
172 9.58229
172 9.58229
172 9.58816
172 0.0868424
172 0.355838
172 0.355838
172 0.311785
172 0.311785
172 0.316838

173 4.6795
173 5.71658
173 10.517
173 0.0764808
173 0.652438
173 0.55359
173 9.95996
173 9.52593
173 10.7105
173 3.59968
173 3.59968
173 7.01805
173 7.01805
173 9.7137
173 9.7137
173 9.59786
173 9.59786
173 9.60718
173 0.0939031
173 0.360882
173 0.360882
173 0.317809
173 0.311538
173 0.311538

174 4.61395
174 5.74449
174 10.4925
174 0.0846576
174 0.707307
174 0.566322
174 9.88627
174 9.53626
174 3.52989
174 3.52989
174 10.699
174 7.0565
174 7.0565
174 9.74144
174 9.74144
174 9.61349
174 9.61349
174 9.62678
174 0.101106
174 0.36603
174 0.36603
174 0.311128
174 0.311128
174 0.318701

175 10.687
175 10.4676
175 5.77507
175 4.54684
175 9.81019
175 9.54664
175 0.763995
175 0.578135
175 0.108433
175 0.0933681
175 9.64692
175 7.09274
175 7.09274
175 3.46212
175 3.46212
175 0.319502
175 9.76952
175 9.76952
175 9.62913
175 9.62913
175 0.371261
175 0.371261
175 0.310555
175 0.310555

176 5.8262
176 4.44345
176 10.668
176 10.4295
176 0.852312
176 0.59389
176 0.119612
176 0.107456
176 9.56232
176 9.69179
176 9.67808
176 7.14307
176 7.14307
176 3.36444
176 3.36444
176 0.320504
176 9.81198
176 9.81198
176 9.65248
176 9.65248
176 0.379211
176 0.379211
176 0.309392
176 0.309392

177 4.33706
177 5.88389
177 10.6479
177 10.3909
177 0.94439
177 0.606998
177 0.13096
177 0.122792
177 9.56857
177 9.57814
177 9.71029
177 7.18879
177 7.18879
177 3.27175
177 3.27175
177 0.321229
177 9.85444
177 9.85444
177 9.67553
177 9.67553
177 0.387214
177 0.387214
177 0.307878
177 0.307878

178 5.94838
178 4.22796
178 10.6266
178 10.352
178 9.44086
178 9.59414
178 9.74344
178 1.04002
178 0.617185
178 0.142412
178 0.139389
178 0.321635
178 7.23014
178 7.23014
178 3.18429
178 3.18429
178 9.69807
178 9.89644
178 9.89644
178 9.69807
178 0.306039
178 0.306039
178 0.395188
178 0.395188

179 4.11642
179 6.01984
179 10.6042
179 1.13899
179 10.3129
179 9.30903
179 0.624247
179 9.61038
179 0.153902
179 0.157247
179 9.7774
179 0.321682
179 3.10228
179 3.10228
179 7.26736
179 7.26736
179 9.93755
179 9.71994
179 9.93755
179 9.71994
179 0.403049
179 0.403049
179 0.303911
179 0.303911

180 4.00271
180 6.09834
180 1.24109
180 10.5806
180 9.17348
180 10.2738
180 0.628047
180 9.62691
180 9.81207
180 0.165367
180 0.176348
180 0.321331
180 3.02591
180 3.02591
180 7.3007
180 7.3007
180 9.97731
180 9.97731
180 9.74095
180 9.74095
180 0.410712
180 0.410712
180 0.301539
180 0.301539

181 6.18388
181 3.88706
181 1.3461
181 10.556
181 9.0346
181 10.235
181 9.64383
181 9.84733
181 0.628519
181 0.176745
181 0.19666
181 7.3304
181 7.3304
181 0.320547
181 2.95535
181 2.95535
181 9.76092
181 10.0153
181 10.0153
181 9.76092
181 0.418095
181 0.418095
181 0.298981
181 0.298981

182 6.27638
182 3.76972
182 10.5302
182 8.89283
182 1.4538
182 10.1966
182 9.66122
182 9.88307
182 0.62567
182 0.187974
182 0.218131
182 0.319294
182 7.35668
182 7.35668
182 2.89074
182 2.89074
182 10.0512
182 10.0512
182 9.77969
182 9.77969
182 0.425118
182 0.425118
182 0.296302
182 0.296302

183 6.37566
183 3.65091
183 8.7486
183 1.56397
183 10.5034
183 9.67919
183 10.1587
183 9.91918
183 0.61957
183 0.198997
183 0.240688
183 0.317544
183 7.37976
183 7.37976
183 2.83221
183 2.83221
183 9.79711
183 9.79711
183 10.0846
183 10.0846
183 0.431702
183 0.431702
183 0.293571
183 0.293571

184 6.48149
184 3.53085
184 8.60238
184 1.67639
184 10.4755
184 9.69784
184 9.95554
184 0.610348
184 0.209758
184 0.315269
184 0.264239
184 10.1217
184 7.39983
184 7.39983
184 2.77987
184 2.77987
184 9.81303
184 9.81303
184 10.1152
184 10.1152
184 0.437774
184 0.437774
184 0.290867
184 0.290867

185 6.59354
185 3.40974
185 1.79084
185 8.45462
185 10.4466
185 9.71727
185 9.99205
185 10.0855
185 0.598189
185 0.220206
185 0.312446
185 7.41706
185 7.41706
185 2.73378
185 2.73378
185 0.288668
185 10.1427
185 9.82731
185 9.82731
185 10.1427
185 0.443267
185 0.443267
185 0.288266
185 0.288266

186 6.71146
186 3.28778
186 8.30584
186 1.90711
186 10.4167
186 9.73758
186 10.0286
186 10.0503
186 0.583315
186 0.230291
186 0.309056
186 0.313836
186 7.4316
186 7.4316
186 2.69403
186 2.69403
186 10.1668
186 10.1668
186 9.83984
186 9.83984
186 0.448118
186 0.448118
186 0.285847
186 0.285847

187 3.16518
187 2.02499
187 6.83483
187 8.15652
187 10.386
187 9.75888
187 10.0651
187 10.0162
187 0.565987
187 0.239969
187 0.339581
187 0.305084
187 10.1873
187 7.44358
187 7.44358
187 2.66066
187 2.66066
187 10.1873
187 9.85051
187 9.85051
187 0.452273
187 0.452273
187 0.283683
187 0.283683

188 3.04212
188 2.14426
188 6.96318
188 8.0072
188 10.3543
188 9.78124
188 10.1014
188 9.98325
188 0.546487
188 0.365719
188 0.2492
188 0.30052
188 2.63371
188 10.2042
188 7.45311
188 7.45311
188 2.63371
188 10.2042
188 9.85923
188 9.85923
188 0.455684
188 0.455684
188 0.281843
188 0.281843

189 7.09602
189 7.85839
189 2.91881
189 2.26471
189 10.3218
189 10.1375
189 9.80475
189 9.95158
189 0.525115
189 0.39204
189 0.257947
189 0.295359
189 7.46027
189 7.46027
189 2.61321
189 2.61321
189 10.2171
189 10.2171
189 9.86593
189 9.86593
189 0.458314
189 0.458314
189 0.280385
189 0.280385

190 7.23283
190 7.71064
190 2.79543
190 2.38615
190 10.2886
190 10.1732
190 9.82948
190 9.92121
190 0.502179
190 0.418314
190 0.26618
190 0.289599
190 7.46513
190 7.46513
190 2.59917
190 2.59917
190 10.226
190 10.226
190 9.87054
190 9.87054
190 0.460132
190 0.460132
190 0.279358
190 0.279358

191 7.37309
191 7.5645
191 2.67217
191 2.50836
191 10.2547
191 10.2085
191 9.85547
191 9.89215
191 0.477984
191 0.444288
191 0.273871
191 0.283247
191 7.46774
191 7.46774
191 2.5916
191 2.5916
191 10.2308
191 10.2308
191 9.87304
191 9.87304
191 0.461117
191 0.461117
191 0.278795
191 0.278795

192 7.42051
192 7.51623
192 2.63115
192 2.54923
192 10.2432
192 10.2201
192 9.86442
192 9.88276
192 0.469692
192 0.452833
192 0.27631
192 0.280999
192 7.46811
192 7.46811
192 2.59052
192 2.59052
192 10.2315
192 10.2315
192 9.8734
192 9.8734
192 0.461258
192 0.461258
192 0.278713
192 0.278713

193 7.27923
193 7.66172
193 2.75432
193 2.42681
193 10.2774
193 10.185
193 9.838
193 9.91138
193 0.494238
193 0.427018
193 0.268805
193 0.287547
193 7.46625
193 7.46625
193 2.59593
193 2.59593
193 10.228
193 10.228
193 9.87161
193 9.87161
193 0.460553
193 0.460553
193 0.279117
193 0.279117

194 2.87768
194 2.30509
194 7.14121
194 7.80899
194 10.3108
194 10.1494
194 9.81286
194 9.94131
194 0.517628
194 0.400816
194 0.26075
194 0.293505
194 10.2205
194 7.46214
194 7.46214
194 2.60781
194 2.60781
194 10.2205
194 9.8677
194 9.8677
194 0.459011
194 0.459011
194 0.279993
194 0.279993

195 3.00104
195 2.18429
195 7.00699
195 7.95751
195 10.3436
195 10.1135
195 9.78895
195 9.97255
195 0.539556
195 0.374483
195 0.252171
195 0.298866
195 10.2089
195 7.45575
195 7.45575
195 2.62616
195 2.62616
195 10.2089
195 9.86169
195 9.86169
195 0.45665
195 0.45665
195 0.281312
195 0.281312

196 6.87708
196 8.10672
196 3.1242
196 2.0646
196 10.3755
196 9.76621
196 10.0772
196 10.0051
196 0.559714
196 0.243098
196 0.34826
196 0.303629
196 2.65096
196 2.65096
196 7.44702
196 7.44702
196 10.1934
196 10.1934
196 9.85364
196 9.85364
196 0.453495
196 0.453495
196 0.28303
196 0.28303

197 6.752
197 3.24697
197 1.94624
197 8.2561
197 10.4066
197 9.74457
197 10.0408
197 10.0388
197 0.577798
197 0.233564
197 0.322362
197 0.307798
197 10.1741
197 7.43587
197 7.43587
197 2.6822
197 2.6822
197 10.1741
197 9.84361
197 9.84361
197 0.449583
197 0.449583
197 0.285093
197 0.285093

198 6.63222
198 3.36917
198 8.40512
198 1.82941
198 10.4367
198 9.72394
198 10.0042
198 10.0736
198 0.59352
198 0.22361
198 0.31138
198 0.296982
198 7.4222
198 7.4222
198 2.71983
198 2.71983
198 10.1511
198 10.1511
198 9.83169
198 9.83169
198 0.444958
198 0.444958
198 0.287436
198 0.287436

199 6.51816
199 3.49058
199 8.55327
199 1.71432
199 10.466
199 9.70422
199 9.9677
199 10.1095
199 0.606611
199 0.213278
199 0.31439
199 0.272291
199 7.40588
199 7.40588
199 2.7638
199 2.7638
199 9.81798
199 9.81798
199 10.1247
199 10.1247
199 0.439672
199 0.439672
199 0.289985
199 0.289985

200 6.41022
200 3.61102
200 1.6012
200 8.70006
200 10.4942
200 9.68532
200 9.93128
200 10.1463
200 0.616835
200 0.202616
200 0.248433
200 0.316846
200 7.38678
200 7.38678
200 2.81407
200 2.81407
200 10.0951
200 9.80259
200 9.80259
200 10.0951
200 0.433786
200 0.433786
200 0.292663
200 0.292663

201 6.30873
201 3.73027
201 1.49026
201 8.84501
201 10.5214
201 10.1839
201 9.66714
201 9.89507
201 0.623993
201 0.191674
201 0.225534
201 0.318768
201 7.36472
201 7.36472
201 2.87055
201 2.87055
201 10.0626
201 10.0626
201 9.78566
201 9.78566
201 0.295393
201 0.295393
201 0.427365
201 0.427365

202 6.21395
202 3.84813
202 10.5475
202 8.98765
202 1.38171
202 10.2221
202 9.64957
202 9.8592
202 0.627936
202 0.180507
202 0.203692
202 0.320183
202 7.33953
202 7.33953
202 2.93314
202 2.93314
202 10.0275
202 10.0275
202 9.76732
202 9.76732
202 0.42048
202 0.42048
202 0.298098
202 0.298098

203 3.96436
203 6.12608
203 1.27578
203 10.5725
203 9.12754
203 10.2608
203 9.6325
203 9.82376
203 0.628575
203 0.169172
203 0.182986
203 0.32112
203 7.31099
203 7.31099
203 3.00173
203 3.00173
203 9.9902
203 9.9902
203 9.74773
203 9.74773
203 0.300704
203 0.300704
203 0.413208
203 0.413208

204 6.04522
204 4.07875
204 10.5964
204 10.2998
204 9.26424
204 9.61585
204 9.78888
204 1.17269
204 7.27889
204 7.27889
204 0.625881
204 0.15773
204 0.163477
204 3.07618
204 3.07618
204 0.321611
204 9.72705
204 9.95097
204 9.95097
204 9.72705
204 0.405629
204 0.405629
204 0.303144
204 0.303144

205 5.97142
205 4.19104
205 10.6193
205 10.3389
205 9.39735
205 9.59953
205 9.75467
205 1.07265
205 0.619895
205 0.146241
205 0.145202
205 0.321693
205 7.24299
205 7.24299
205 3.15634
205 3.15634
205 9.70545
205 9.91027
205 9.91027
205 9.70545
205 0.30536
205 0.30536
205 0.397825
205 0.397825

206 10.6409
206 5.90462
206 4.30098
206 10.378
206 9.52648
206 9.58346
206 9.72124
206 0.975882
206 0.61073
206 0.134769
206 0.128184
206 7.20305
206 7.20305
206 3.242
206 3.242
206 0.321402
206 9.86851
206 9.86851
206 9.68311
206 9.68311
206 0.389879
206 0.389879
206 0.3073
206 0.3073

207 4.4083
207 5.84468
207 10.6614
207 0.882597
207 0.598568
207 0.123379
207 0.112428
207 10.4167
207 0.320779
207 3.33297
207 3.33297
207 7.15882
207 7.15882
207 9.56758
207 9.68871
207 9.65124
207 0.308925
207 0.308925
207 0.381877
207 0.381877
207 9.82615
207 9.82615
207 9.66021
207 9.66021

208 10.6808
208 10.455
208 5.7914
208 4.51272
208 9.55185
208 9.77128
208 9.65718
208 0.793004
208 0.583662
208 0.112136
208 0.0979267
208 7.11004
208 7.11004
208 0.319864
208 3.42902
208 3.42902
208 9.78364
208 9.78364
208 9.63694
208 9.63694
208 0.3739
208 0.3739
208 0.310207
208 0.310207

209 5.74449
209 4.61395
209 10.699
209 10.4925
209 9.88627
209 9.53626
209 0.707307
209 0.566322
209 0.0846576
209 0.101106
209 9.62678
209 7.0565
209 7.0565
209 3.52989
209 3.52989
209 0.318701
209 9.74144
209 9.74144
209 9.61349
209 9.61349
209 0.36603
209 0.36603
209 0.311128
209 0.311128

210 10.7161
210 10.5291
210 5.70359
210 4.71166
210 9.99588
210 9.52079
210 9.59759
210 0.0903537
210 0.0725888
210 0.625704
210 0.546916
210 6.99798
210 6.99798
210 3.63531
210 3.63531
210 0.317333
210 9.69999
210 9.69999
210 9.59006
210 9.59006
210 0.311682
210 0.311682
210 0.358346
210 0.358346

211 5.66831
211 4.80552
211 10.732
211 10.5646
211 10.0998
211 9.50547
211 0.0799431
211 0.0616791
211 0.548388
211 0.525852
211 9.56974
211 6.93428
211 6.93428
211 3.74497
211 3.74497
211 0.315802
211 9.65973
211 9.65973
211 9.56684
211 9.56684
211 0.35092
211 0.35092
211 0.311873
211 0.311873

212 10.7468
212 10.5987
212 10.1978
212 5.63822
212 4.89521
212 9.49034
212 0.0699371
212 0.0518796
212 0.503574
212 0.475542
212 9.54333
212 6.86528
212 6.86528
212 3.85857
212 3.85857
212 0.314152
212 9.62106
212 9.62106
212 9.54401
212 9.54401
212 0.343822
212 0.343822
212 0.311716
212 0.311716

213 10.7604
213 10.6312
213 10.2896
213 5.61284
213 4.98035
213 9.47548
213 9.51844
213 0.0603968
213 0.0431359
213 0.480545
213 0.40734
213 6.79086
213 6.79086
213 3.97576
213 3.97576
213 0.312426
213 9.58436
213 9.58436
213 9.52178
213 9.52178
213 0.337114
213 0.337114
213 0.311236
213 0.311236

214 10.7729
214 10.662
214 10.3749
214 5.06059
214 5.59169
214 0.0513809
214 0.0353898
214 0.457235
214 9.46098
214 9.49518
214 0.34395
214 4.09618
214 4.09618
214 6.711
214 6.711
214 9.54995
214 9.54995
214 9.50033
214 9.50033
214 0.310665
214 0.330851
214 0.330851
214 0.310468
214 0.310468

215 10.7842
215 10.4535
215 10.6908
215 5.13555
215 5.57429
215 0.0429452
215 0.0285807
215 0.434116
215 9.44696
215 9.47363
215 0.285525
215 4.21947
215 4.21947
215 6.6257
215 6.6257
215 0.308908
215 9.5181
215 9.5181
215 9.47985
215 9.47985
215 0.325081
215 0.325081
215 0.309452
215 0.309452

216 10.7945
216 10.5253
216 10.7174
216 5.20485
216 5.56018
216 0.0351425
216 0.0226475
216 0.411645
216 0.232211
216 9.43355
216 9.45387
216 4.34524
216 4.34524
216 6.53504
216 6.53504
216 0.307193
216 9.48905
216 9.48905
216 9.46052
216 9.46052
216 0.319842
216 0.319842
216 0.308239
216 0.308239

217 10.59
217 10.8036
217 10.7418
217 5.54889
217 5.26812
217 0.0280216
217 0.0175297
217 0.184141
217 0.390259
217 9.42092
217 9.43598
217 6.43917
217 6.43917
217 4.47308
217 4.47308
217 0.305557
217 9.46296
217 9.46296
217 9.44253
217 9.44253
217 0.315166
217 0.315166
217 0.306882
217 0.306882

218 10.6475
218 10.8116
218 10.7636
218 5.325
218 5.54001
218 0.0216276
218 0.0131695
218 0.141434
218 0.370364
218 4.60257
218 4.60257
218 6.33828
218 6.33828
218 9.40921
218 9.42002
218 0.304031
218 9.43996
218 9.43996
218 9.42604
218 9.42604
218 0.311071
218 0.311071
218 0.305442
218 0.305442

219 10.6976
219 10.8186
219 10.7829
219 5.37512
219 5.53315
219 0.1042
219 0.016001
219 0.00951216
219 0.352333
219 4.7333
219 4.7333
219 6.23262
219 6.23262
219 9.39862
219 9.40607
219 0.302646
219 9.42013
219 9.42013
219 9.41123
219 9.41123
219 0.307571
219 0.307571
219 0.303982
219 0.303982

220 10.7402
220 10.8244
220 10.7994
220 5.41816
220 5.52795
220 0.0725312
220 0.0111777
220 0.00650811
220 0.336496
220 4.86481
220 4.86481
220 6.12251
220 6.12251
220 9.3893
220 9.39416
220 0.301427
220 9.40349
220 9.40349
220 9.39828
220 9.39828
220 0.304667
220 0.304667
220 0.302568
220 0.302568

221 10.7752
221 10.8292
221 10.8131
221 5.45382
221 5.52412
221 0.0465094
221 0.00718839
221 0.00411342
221 0.323139
221 4.99666
221 4.99666
221 6.00828
221 6.00828
221 9.38141
221 9.38436
221 0.300398
221 9.39002
221 9.39002
221 9.38733
221 9.38733
221 0.30235
221 0.30235
221 0.301266
221 0.301266

222 10.8025
222 10.8329
222 10.8238
222 5.48184
222 5.5214
222 0.0262008
222 0.00405871
222 0.00229091
222 0.3125
222 5.1284
222 5.1284
222 5.89032
222 5.89032
222 9.37511
222 9.37669
222 0.299578
222 9.3797
222 9.3797
222 9.37856
222 9.37856
222 0.300605
222 0.300605
222 0.300145
222 0.300145

223 10.822
223 10.8356
223 10.8315
223 5.50202
223 5.5196
223 0.0116573
223 0.00180872
223 0.00101086
223 5.25956
223 5.25956
223 5.76904
223 5.76904
223 0.304766
223 9.37052
223 9.3712
223 0.298981
223 9.37245
223 9.37245
223 9.37211
223 9.37211
223 0.299405
223 0.299405
223 0.299268
223 0.299268

224 10.8338
224 10.8372
224 10.8361
224 5.51419
224 5.51858
224 0.00291619
224 0.00045291
224 0.000251611
224 5.64487
224 5.64487
224 5.38966
224 5.38966
224 9.36773
224 9.36789
224 0.300071
224 0.298618
224 0.298716
224 9.36818
224 9.36818
224 9.36814
224 9.36814
224 0.298716
224 0.298699
224 0.298699

225 2.47817e-15
225 8.5989e-16
225 10.8377
225 10.8377
225 10.8377
225 5.4455e-16
225 5.51825
225 5.51825
225 9.36679
225 9.36679
225 9.36679
225 9.36679
225 9.36679
225 9.36679
225 5.51825
225 5.51825
225 5.51825
225 5.51825
225 0.298497
225 0.298497
225 0.298497
225 0.298497
225 0.298497
225 0.298497

