 Multi
 Tersoff
           8
   1.000000    
   4.370000000000000   0.000000000000000   0.000000000000000
   0.000000000000000   4.370000000000000   0.000000000000000
   0.000000000000000   0.000000000000000   4.370000000000000
 fra
   0.990017432993416   0.982246599079477   0.012403296691486     Si
   0.496196140717421   0.482973179194467   0.012684021758476     Si
   0.996826000310769   0.484962074602845   0.501784905115380     Si
   0.492385227503537   0.983776143406780   0.503042492696744     Si
   0.243118479040355   0.234994867873181   0.255790870154902     C 
   0.740205396020742   0.734799649330193   0.260440960267201     C 
   0.239220894889956   0.736462983155120   0.751403252262903     C 
   0.742739441100879   0.239528955580577   0.751813407227681     C 
