 Fe
 EAM_FS1
 432
   1.000000
   17.39664986       0.000000          0.000000
   0.000000          17.28535140       0.000000
   0.000000          0.000000          17.46033397
 abs
   0.3195103121E+01  0.3652273415E+01  0.9377844343E+01
   0.1711323193E+02  0.1011256624E+02  0.1658557835E+01
   0.1828648609E+01  0.7310307685E+01  0.1068675960E+02
   0.2689363215E+01  0.5701188685E+01  0.3063257556E+01
   0.1090298711E+02  0.1392064854E+02  0.3520431181E-01
   0.6265615854E+01  0.8286252365E+00  0.1584196538E+02
   0.2641066795E+01  0.1261859776E+00  0.3990970692E+01
   0.1675326313E+02  0.1483172403E+02  0.3441187104E+01
   0.5180154871E+00  0.1695538905E+02  0.1356671291E+02
   0.1192570757E+02  0.1101987987E+02  0.1162621362E+02
   0.1399890050E+02  0.1589414042E+02  0.1237924134E+02
   0.6164349629E+01  0.7650932310E+01  0.3511266879E+01
   0.1247456937E+02  0.9520380884E+01  0.9259850897E+01
   0.1266153593E+02  0.7499550505E+01  0.5165529089E+01
   0.9144719361E+01  0.4694675476E+01  0.8167836451E+00
   0.4317798925E+01  0.1275292069E+02  0.6056569957E+01
   0.5268187911E+01  0.8505035405E+01  0.1160407326E+01
   0.1396658483E+02  0.1151646505E+02  0.5601304219E+01
   0.1139559214E+01  0.7640681062E+01  0.2094878072E+01
   0.1461775598E+02  0.1096959699E+02  0.7895270507E+01
   0.7181401366E+01  0.1289569832E+01  0.2624372751E+01
   0.2510551946E+01  0.6814384155E+01  0.1312638434E+02
   0.1053558126E+02  0.2184523341E+01  0.1234792891E+02
   0.1486304405E+02  0.1635598835E+02  0.9919986099E+01
   0.2059041497E+01  0.4342501293E+01  0.5043044399E+01
   0.9695901873E+01  0.1490939524E+01  0.7897384059E+01
   0.8284798286E+01  0.2091222985E+01  0.1155453113E+02
   0.2898936200E+01  0.1334990378E+02  0.1092655807E+02
   0.6977248809E+01  0.1607959871E+02  0.2285224091E+01
   0.8986824434E+01  0.1401551539E+02  0.5478226899E+01
   0.1277750252E+02  0.5272037805E+01  0.1577120577E+02
   0.1686625453E+02  0.3335610569E+01  0.5608599261E+01
   0.9618646755E+01  0.7770362707E+01  0.8954809077E+01
   0.1079056998E+02  0.1507500136E+02  0.4032589308E+01
   0.1101300980E+02  0.1147736979E+02  0.1268016569E+01
   0.3648805323E+01  0.1637192788E+02  0.8234177959E+01
   0.1149758935E+02  0.1441338287E+01  0.5846555104E+01
   0.3010378712E+01  0.1281133060E+02  0.3619049875E+01
   0.9880104778E+00  0.1493154817E+02  0.1206833518E+02
   0.4766623548E+01  0.4177114182E-01  0.1215240384E+02
   0.3406630858E+01  0.1326674893E+02  0.1181318372E+01
   0.1368291554E+02  0.1429947550E+02  0.9609681967E+01
   0.3292438702E+01  0.6274557553E+01  0.1546976420E+02
   0.3216211248E+01  0.6041275844E+00  0.1746506857E+01
   0.5826894001E+01  0.1152481576E+02  0.8179829346E+01
   0.7192863398E+01  0.2978386145E+01  0.4753006899E+01
   0.8257732228E+01  0.1179049923E+02  0.4853065360E+01
   0.6797051136E+01  0.1115970616E+01  0.1350858685E+02
   0.1504910118E+01  0.3509722186E+01  0.7264736898E+01
   0.2721198438E+01  0.2563667119E+01  0.4098061466E+00
   0.9876028918E+01  0.5368308699E+01  0.9755098484E+01
   0.5295628052E+01  0.9113979882E+01  0.7611870984E+01
   0.2674206048E+01  0.8723148425E+01  0.6893760169E+01
   0.1450846837E+02  0.5171794370E+01  0.9345685853E+01
   0.9983642923E+01  0.1632581734E+02  0.1678851538E+02
   0.1144971312E+02  0.2971855429E+01  0.4105146621E+01
   0.3784811033E+01  0.4682134925E+01  0.5141886288E+00
   0.8780986817E+01  0.2749075585E+01  0.1382986693E+02
   0.4654297316E+01  0.3962736680E+01  0.4226882198E+01
   0.3746226513E+01  0.1098659324E+02  0.1004278801E+02
   0.9602423853E+01  0.7359201298E+01  0.1217883201E+00
   0.1601166787E+02  0.1358280122E+02  0.1533199267E+02
   0.5177264236E+00  0.1242845018E+02  0.3861878284E+01
   0.6886151211E+00  0.2408438586E+01  0.9312551654E+01
   0.2766736487E+01  0.2985219827E+01  0.2945043295E+01
   0.6807344217E+01  0.3225451391E+01  0.1531005078E+02
   0.4310357687E+01  0.2626191588E+00  0.1463207743E+02
   0.7989871402E+01  0.1096603385E+01  0.6507994571E+01
   0.3924366593E+01  0.1496586626E+02  0.4858130089E+01
   0.7465015868E+01  0.3235499669E+01  0.7483407025E+01
   0.1704830878E+02  0.1284092626E+02  0.1285629706E+02
   0.1634191079E+02  0.1517376741E+02  0.1357424836E+02
   0.1106815132E+02  0.1473898511E+02  0.6657206826E+01
   0.9888170347E+01  0.1680350837E+02  0.5892795474E+01
   0.1236922914E+01  0.1407238819E+02  0.2051695486E+01
   0.1707093700E+02  0.1430346275E+02  0.5852226887E+01
   0.1044293515E+01  0.7542828256E+01  0.8428534373E+01
   0.1306696634E+02  0.9753220959E+01  0.1519888444E+02
   0.1455762071E+02  0.7234543999E+01  0.3125770873E+01
   0.1710429685E+02  0.1186210921E+01  0.1566284835E+02
   0.5880943200E+01  0.9992857224E+01  0.3330205954E+01
   0.1434110918E+02  0.7372916753E+01  0.1593037882E+02
   0.1225114845E+02  0.1596628313E+02  0.1618627582E+02
   0.1061492265E+02  0.1536530399E+02  0.1181218747E+02
   0.3869308082E+01  0.4223614932E+01  0.6956793726E+01
   0.8645556914E+01  0.9535151043E+01  0.1327591061E+02
   0.2064460484E+01  0.1069046282E+02  0.1610774216E+02
   0.3959142680E+01  0.3108672580E+01  0.1184429136E+02
   0.1696811321E+02  0.5244761625E+01  0.1708189129E+02
   0.2370749433E+00  0.7940043616E+01  0.6221567520E+01
   0.1307676163E+02  0.6070831523E+01  0.1134061283E+02
   0.7358260714E+01  0.1707679053E+02  0.1139914439E+02
   0.1418850562E+02  0.1315233543E+01  0.1398209861E+01
   0.9299406329E+01  0.1499063028E+02  0.1601246639E+01
   0.1316872236E+02  0.1378802417E+02  0.1583199169E+02
   0.1574427119E+02  0.1669449479E+02  0.7160216652E+01
   0.1577492323E-02  0.3589739235E+01  0.1518215838E+02
   0.3369479962E+01  0.1568875064E+01  0.7782946555E+01
   0.3837456855E+00  0.2822064649E+01  0.1738694424E+02
   0.1115753421E+02  0.6142903539E+01  0.1369703897E+02
   0.5421659935E+01  0.2310882209E+01  0.6223944845E+01
   0.1527794611E+02  0.6993181803E+01  0.5400655619E+01
   0.1263149471E+02  0.1200990343E+02  0.9513796401E+01
   0.2130731415E+01  0.7960253563E+01  0.4585016469E+01
   0.1903788667E+01  0.4514881677E+01  0.1635263205E+02
   0.7671200979E+01  0.1257665678E+01  0.9267059534E+01
   0.3020929289E+01  0.2125631629E+01  0.5491507739E+01
   0.4350476934E+01  0.1436261565E+02  0.1259076135E+02
   0.6011069667E+01  0.5511006574E+01  0.1491669202E+02
   0.8131783732E+00  0.1909999789E+01  0.2056999321E+01
   0.8948727913E+01  0.7286067139E+01  0.1268661175E+02
   0.2897533221E+01  0.1621235103E+02  0.1087106827E+02
   0.6309653315E+01  0.1503974722E+02  0.4711084198E+01
   0.2280656803E+00  0.1331406984E+02  0.1033525768E+02
   0.1590247852E+02  0.2137331656E+01  0.3291840299E+01
   0.1672534580E+02  0.7517913270E+01  0.1578317941E+02
   0.1575053061E+02  0.2037350985E+01  0.7400248509E+01
   0.1676022099E+02  0.1154313834E+02  0.1697424152E+02
   0.1739098531E+02  0.8926103838E+01  0.1074402536E+02
   0.7803338420E+01  0.1685985100E+02  0.8021602558E-01
   0.3821681002E+00  0.3951057295E+01  0.3306541681E+01
   0.2366525882E+01  0.2129452433E+01  0.1547310376E+02
   0.3496843999E+01  0.1081449432E+02  0.7446209112E+01
   0.1065995061E+01  0.5370675094E+00  0.1129404896E+02
   0.1387311956E+02  0.5328040235E+01  0.2098235379E+01
   0.7862999969E+01  0.1114946073E+02  0.2705118337E+01
   0.6712285361E+00  0.5922798395E+01  0.1463820172E+02
   0.8531752386E+01  0.5272598327E+01  0.1426311938E+02
   0.1559901846E+02  0.2257321638E+00  0.1386837895E+02
   0.9301435817E+01  0.1547098896E+00  0.1911536189E+01
   0.1063249671E+02  0.1371704664E+02  0.1501201324E+02
   0.1078630154E+01  0.1473477736E+02  0.1485642531E+02
   0.1239204725E+02  0.2029329615E+01  0.1051108869E+02
   0.6673488840E+01  0.3759450860E+01  0.1279599186E+02
   0.5380568146E+01  0.2618216856E+01  0.8920639931E+01
   0.8269267236E+01  0.8634832745E+01  0.2320901618E+01
   0.8201873033E+00  0.1010814127E+02  0.5120819552E+01
   0.8480085366E+01  0.5176771629E+01  0.5923702486E+01
   0.1125382437E+02  0.1470442101E+02  0.9128911605E+01
   0.1574451075E+02  0.6843610646E+01  0.7695759703E+01
   0.5013214067E+01  0.2874532815E+01  0.1708005307E+01
   0.1105726189E+02  0.2459604384E+00  0.3612928636E+01
   0.1678766929E+02  0.1609851414E+02  0.1613951066E+02
   0.9839494168E+01  0.1022332462E+02  0.6181702230E+01
   0.6461461296E+01  0.1494990621E+02  0.1139606807E+02
   0.1201638458E+02  0.4057956684E+01  0.6460526944E+01
   0.1470060074E+02  0.6494397533E+00  0.1622491513E+02
   0.1368665625E+02  0.7680124022E+00  0.6568327001E+01
   0.1524201439E+02  0.5814850106E+01  0.1167183805E+02
   0.1092696849E+02  0.1396123377E+01  0.1493158656E+02
   0.1513834216E+02  0.2481305524E+01  0.1406173900E+02
   0.1524578644E+02  0.8156407285E+01  0.1183886855E+02
   0.2570759889E+01  0.1308492477E+02  0.1628222548E+02
   0.1666426322E+02  0.1283035964E+02  0.1840242661E+01
   0.1628677202E+02  0.8993663544E+01  0.8515033158E+01
   0.6809528008E+01  0.1198551256E+02  0.1633356521E+02
   0.1214563986E+02  0.1080869493E+02  0.7260900780E+01
   0.1045823617E+02  0.1306663125E+02  0.1272414367E+02
   0.9744595108E+01  0.3961599041E+01  0.7971414700E+01
   0.5643838823E+01  0.1236873045E+02  0.4054624750E+01
   0.6056555831E+01  0.4872202704E+01  0.6231344673E+01
   0.1358483691E+02  0.4761883769E+01  0.1352049731E+02
   0.1319027383E+02  0.5184830598E+01  0.4548215407E+01
   0.1498216420E+02  0.1365669420E+02  0.6814541315E+01
   0.7873654506E+01  0.9279115344E+01  0.4821327513E+01
   0.1038929534E+02  0.1618871820E+02  0.1444736671E+02
   0.3684418565E+01  0.1619660115E+00  0.1685197220E+02
   0.2274942982E+01  0.1690379313E+02  0.6226141934E+01
   0.1529181862E+02  0.4912471766E+01  0.1525781965E+02
   0.1592133190E+02  0.9521026487E+01  0.6101103306E+01
   0.3771839367E+01  0.1503688180E+02  0.1526677524E+02
   0.8338605877E+01  0.1220739661E+02  0.1405838873E+02
   0.1331837753E+02  0.3537826030E+01  0.4914376701E+00
   0.1027764375E+02  0.1284741480E+02  0.1021362107E+02
   0.6999992848E+01  0.1091489806E+02  0.1188795563E+02
   0.1239893736E+02  0.1638347018E+02  0.5435787760E+01
   0.1552964863E+02  0.1690181566E+02  0.2874093129E+01
   0.1313342318E+02  0.2814156020E+00  0.1439040490E+02
   0.6730134328E+01  0.1327973143E+02  0.6385665917E+01
   0.1184955673E+02  0.1179122529E+02  0.1624773381E+02
   0.1634986863E+02  0.8009298248E+00  0.7390362779E+00
   0.1211238029E+02  0.6826822973E+01  0.2875617173E+01
   0.2256691415E+01  0.6193493510E+01  0.6678500906E+01
   0.7628509990E+01  0.3894520556E+01  0.9948267661E+01
   0.1161203556E+02  0.4262106281E+01  0.1175347054E+02
   0.1430062706E+02  0.1175596623E+02  0.1629703336E+02
   0.1348156700E+01  0.4776572522E+01  0.1293022601E+01
   0.5231899025E+01  0.1342912248E+00  0.9839177742E+01
   0.1451327338E+02  0.1423415826E+02  0.2351300542E+01
   0.1246780981E+02  0.1650265980E+02  0.1032150051E+02
   0.7505527523E+01  0.2194915306E+01  0.2832786125E+00
   0.2049315351E+01  0.1466910478E+02  0.9191151795E+01
   0.5231036744E+01  0.1503238120E+02  0.7171998278E+01
   0.1316649079E+02  0.2820086078E+01  0.1549456686E+02
   0.1032002428E+02  0.5548383643E+01  0.1604518650E+02
   0.1423961209E+02  0.3584514421E+01  0.1154374017E+02
   0.1485210229E+02  0.1574465924E+02  0.5026824938E+01
   0.1470635702E+02  0.5608714571E+01  0.6531294995E-01
   0.2816091755E+01  0.1603363244E+02  0.1327355692E+02
   0.8835218776E+01  0.1407367572E+02  0.8080852250E+01
   0.1719863412E+02  0.9935779980E+01  0.1501606941E+02
   0.2971026167E+01  0.1541421030E+02  0.2558279676E+01
   0.5934419903E+01  0.2067334346E+01  0.1120742005E+02
   0.7036511330E+00  0.1036609097E+02  0.7424735057E+01
   0.2829074845E+01  0.5167640535E+01  0.1132915048E+02
   0.9023607756E+01  0.3453747026E+01  0.1615433561E+02
   0.6944004225E+01  0.1599146533E+02  0.9012329064E+01
   0.3508476320E+01  0.6105287100E+01  0.9139230766E+01
   0.8095471018E+01  0.1310366756E+02  0.1146401683E+02
   0.1521015051E+02  0.1391693954E+02  0.1742807101E+02
   0.5623334602E+01  0.5438470494E+00  0.9375215249E+00
   0.5734309554E+01  0.5015190784E+01  0.8552097002E+01
   0.6505867747E+01  0.1405320422E+02  0.1507715875E+02
   0.9868025084E+01  0.6473889866E+01  0.2350416257E+01
   0.1041027332E+02  0.8249469502E+01  0.4241829824E+01
   0.4845190896E+01  0.2328003993E+01  0.1675740531E+02
   0.4688996629E+01  0.1495620034E+02  0.9948246083E+01
   0.4944406718E+01  0.1358100998E+02  0.1695835651E+02
   0.3504435062E+01  0.1056039361E+02  0.4797200340E+01
   0.1190029439E+02  0.1385004198E+02  0.2436706222E+01
   0.1712747720E+01  0.1012852426E+02  0.3056518007E+01
   0.6074488553E+01  0.7403490588E+01  0.9334775961E+01
   0.1338933946E+02  0.7351505963E+01  0.1364983258E+02
   0.5911353010E+00  0.1583563526E+02  0.7489974279E+01
   0.1366496322E+02  0.3188453662E+01  0.2945031155E+01
   0.8809353415E+01  0.1513637933E+02  0.1036534448E+02
   0.2497611533E+01  0.1436746912E+02  0.6898671140E+01
   0.1152980270E+02  0.1636283839E+02  0.1249749220E+01
   0.4571882365E+01  0.6860963799E+01  0.7231425256E+01
   0.1750950059E+01  0.1229825904E+02  0.6004868595E+01
   0.4416494776E+01  0.5164301763E+01  0.1324022430E+02
   0.2211237606E+01  0.4074208544E+01  0.1372808797E+02
   0.9181627667E+01  0.1974402716E+00  0.1300234118E+02
   0.1178833038E+02  0.1753485300E+01  0.1826320316E+01
   0.1430274620E+02  0.9269744613E+01  0.4486971097E+01
   0.1307146280E+02  0.1398083751E+02  0.4843637936E+01
   0.1119118191E+02  0.1239214204E+02  0.5148104408E+01
   0.1364691081E+01  0.6936322319E+01  0.1706433246E+02
   0.7875825058E+01  0.6415252611E+01  0.1058997273E+02
   0.9099495692E+01  0.4326550746E+01  0.3589251932E+01
   0.7587516685E+01  0.1372466867E+02  0.3094478082E+01
   0.1480480661E+02  0.9412049594E+01  0.2055995157E+01
   0.4205620440E+01  0.4144203815E+01  0.1564478525E+02
   0.1218891264E+01  0.4077718656E+00  0.8836158446E-01
   0.1665874823E+02  0.4171470495E+01  0.1060466509E+02
   0.1600543963E+01  0.1483230382E+02  0.4545130538E+01
   0.7877981765E+01  0.5900232706E+01  0.1644931252E+02
   0.1577467809E+02  0.9456205817E+00  0.5227740045E+01
   0.1500003851E+01  0.1069574785E+02  0.1353794648E+02
   0.9134605474E+01  0.1462629225E+01  0.4240672770E+01
   0.1293160778E+02  0.1015194044E+02  0.4059080767E+00
   0.1678255934E+02  0.8443308082E+01  0.3674920747E+01
   0.1073965856E+02  0.6679292962E+01  0.1136470310E+02
   0.8219358402E+01  0.1173955682E+02  0.7277057184E+01
   0.1250784127E+02  0.9256576999E+01  0.2863816897E+01
   0.6667006830E+01  0.8363216060E+01  0.1211062109E+02
   0.1418404977E+02  0.9228777020E+00  0.1171714581E+02
   0.6653332882E+01  0.6133265567E+01  0.1267790749E+02
   0.1493273811E+02  0.1158655575E+02  0.1309003746E+01
   0.1055328871E+02  0.1099383777E+02  0.1419071322E+02
   0.8427666507E+01  0.6875893524E+01  0.4140301969E+01
   0.4775255170E+00  0.1998231907E+01  0.1355430517E+02
   0.2598223208E+01  0.9350047602E+01  0.9426264135E+00
   0.8583225650E+01  0.1616770342E+02  0.3989372651E+01
   0.1179062288E+02  0.5926636793E+01  0.5310632151E+00
   0.7129572791E+01  0.7773787596E+01  0.1465118851E+02
   0.1136616942E+02  0.8434163699E+01  0.7149341246E+01
   0.1631834476E+02  0.1675703553E+02  0.1171206134E+02
   0.6210819710E+01  0.1042675051E+02  0.1402138426E+02
   0.1348296452E+02  0.9491993669E+00  0.3960300037E+01
   0.9155192520E+01  0.4598646457E+01  0.1205921198E+02
   0.4754746831E+01  0.8644872302E+01  0.5312876243E+01
   0.3751048274E+01  0.8544220125E+01  0.9415190909E+01
   0.3242423252E+01  0.1399432436E+01  0.1034440796E+02
   0.1407191429E+02  0.2865280531E+01  0.5347496258E+01
   0.6002759102E+01  0.9841267359E+01  0.9892327365E+01
   0.7568313588E+01  0.1584092972E+02  0.6570986902E+01
   0.1580610340E+02  0.6555410139E+01  0.1373348857E+02
   0.9990378714E+01  0.1323232505E+01  0.1743195246E+02
   0.1563901873E+02  0.1434589937E+02  0.1125137212E+02
   0.1810242545E+01  0.8386162752E+01  0.1487155570E+02
   0.4866335320E+01  0.1626949326E+01  0.3748275637E+01
   0.1376314826E+02  0.1000791971E+02  0.1284974970E+02
   0.6743188793E+01  0.1366421803E+02  0.9000982156E+01
   0.1049960221E+02  0.1249364867E+02  0.7669855291E+01
   0.9495023348E+01  0.1193075067E+02  0.1635882621E+02
   0.6058141167E+01  0.1074996163E+02  0.5901572793E+01
   0.1528214100E+02  0.9548946946E+01  0.1686765761E+02
   0.1590293110E+02  0.3626101045E+01  0.1489967758E+01
   0.1447117729E+02  0.1212463916E+02  0.1167672048E+02
   0.1161162953E+00  0.1315449807E+02  0.7884086695E+01
   0.8433954560E+01  0.1478452091E+02  0.1323045303E+02
   0.5008655483E+00  0.5770955264E+01  0.1204466970E+02
   0.3861180000E+00  0.6186115944E+01  0.4325432214E+01
   0.8575724631E+00  0.1698577357E+01  0.4472877840E+01
   0.1346954567E+02  0.7744116041E+01  0.8138808236E+00
   0.1305450952E+02  0.1280985796E+02  0.7171307932E+00
   0.1885481848E+01  0.1702707289E+02  0.1533072426E+02
   0.4739213171E+01  0.2510786187E+01  0.1398809550E+02
   0.5928884270E+01  0.1591059420E+02  0.1367836927E+02
   0.1197310439E+02  0.7075306113E+01  0.9283994122E+01
   0.4117282844E+01  0.1319559936E+02  0.8531760325E+01
   0.1284987132E+02  0.1314354192E+02  0.7383992768E+01
   0.3274856209E+01  0.6897165155E+01  0.8877645050E+00
   0.7905273039E+01  0.1629275385E+02  0.1500802781E+02
   0.1231591209E+02  0.1496183704E+02  0.1375393756E+02
   0.9510826931E+01  0.2588174795E+01  0.2013823397E+01
   0.1532649847E+02  0.1141816683E+02  0.1428910823E+02
   0.4789741470E+01  0.9620678280E+01  0.1197080985E+02
   0.4551401158E+01  0.1718498960E+02  0.5740846905E+01
   0.5714296116E+01  0.9348129210E+01  0.1607821404E+02
   0.1207544011E+02  0.4527160869E+01  0.9242798693E+01
   0.3769006810E+01  0.1001678243E+02  0.1442129259E+02
   0.2546499298E+01  0.9164023987E+01  0.1199825660E+02
   0.1653504317E+02  0.1183145819E+02  0.6051895978E+01
   0.3743885547E+01  0.8289293173E+01  0.2995801057E+01
   0.4747945616E+01  0.7793957444E+01  0.1401678608E+02
   0.1970411892E-01  0.5518128287E+01  0.6581082357E+01
   0.5513813025E+01  0.1251692871E+02  0.1070806374E+02
   0.1205999752E+02  0.9971736970E+01  0.5089698279E+01
   0.7373410031E+01  0.6382688838E+01  0.1556626037E+01
   0.7989073183E+01  0.1154050272E+02  0.9595422291E+01
   0.2681068022E+01  0.1268882130E+01  0.1299867573E+02
   0.1254949988E+02  0.1374120074E+02  0.1155031537E+02
   0.1321168387E+02  0.1165893866E+02  0.3169757883E+01
   0.1352132835E+02  0.1562096279E+02  0.7595465048E+01
   0.1522781901E+02  0.1264921046E+02  0.9304011599E+01
   0.6227818915E+01  0.1297962146E+02  0.1306331351E+02
   0.1096915471E+02  0.8652774979E+01  0.1381892988E+01
   0.1667312513E+02  0.6657453497E+01  0.9934650672E+01
   0.1446704275E+02  0.1369901618E+02  0.1348244611E+02
   0.6906012314E+01  0.1440923188E+02  0.5245801840E+00
   0.1118988379E+02  0.3411127102E+01  0.1713823814E+02
   0.5095520611E+01  0.5765354613E+01  0.2194036407E+01
   0.1451261142E+02  0.1563139707E+02  0.1521861885E+02
   0.1533222812E+02  0.1310759814E+02  0.4261419768E+01
   0.1644448432E+02  0.1921799066E+01  0.1171224945E+02
   0.1553174504E+02  0.4739975271E+01  0.4021604014E+01
   0.1679671027E+01  0.1166407281E+00  0.8903634885E+01
   0.6733428877E+01  0.2989429315E+00  0.4792065224E+01
   0.8525768678E+01  0.1261735855E+02  0.8913115928E+00
   0.1648576980E+02  0.4194352255E+01  0.8249929537E+01
   0.1004432798E+02  0.2883404550E+01  0.1005702775E+02
   0.1617526872E+02  0.7706265473E+01  0.7811795331E+00
   0.1322924064E+02  0.6212259728E+01  0.7310089287E+01
   0.1924812269E+01  0.1215353314E+02  0.8804236513E+01
   0.1694991293E+02  0.1108543892E+02  0.9606612273E+01
   0.1050151400E+02  0.8969550373E+01  0.1104179331E+02
   0.6723619355E+01  0.7284560571E+01  0.6140318862E+01
   0.5152906783E+01  0.1425137619E+02  0.2621395052E+01
   0.1176851609E+02  0.2236911688E+01  0.8154016000E+01
   0.1071528875E+02  0.9631116205E+01  0.1639304794E+02
   0.2318269241E+01  0.1321923630E+02  0.1349242347E+02
   0.1652142731E+02  0.4157560624E+01  0.1305534550E+02
   0.4279163094E+01  0.6265870686E+01  0.4858220095E+01
   0.4015048353E+01  0.1090030625E+02  0.2209570789E+01
   0.8614873350E+01  0.1065047094E+01  0.1551145437E+02
   0.1185753723E+01  0.5117975657E+01  0.9277825321E+01
   0.1655707513E+02  0.5928416697E+01  0.2143336720E+01
   0.8212887445E+01  0.9059988269E+01  0.1047085689E+02
   0.9460247134E+01  0.7725238722E+01  0.1512562383E+02
   0.5916253635E+01  0.3996463401E+00  0.7559781052E+01
   0.9466661222E+01  0.1105082079E+02  0.1167652448E+02
   0.1123465310E+02  0.8736142785E+01  0.1348264040E+02
   0.2438041635E+00  0.8180326904E+01  0.1308275789E+02
   0.4434944041E+01  0.7169703382E+01  0.1145201356E+02
   0.1274539765E+02  0.2391736238E+01  0.1313315436E+02
   0.3935402845E+01  0.1166307994E+02  0.1252427464E+02
   0.1277279596E+02  0.8447131744E+01  0.1140133240E+02
   0.1384661989E+02  0.7711529968E+00  0.8839399650E+01
   0.8227357305E+00  0.1674299941E+02  0.2498033848E+01
   0.1005102258E+02  0.3343638142E+00  0.1040994593E+02
   0.1384125081E+02  0.8718907492E+01  0.7097578998E+01
   0.1600527287E+02  0.1482882541E+02  0.8609063883E+01
   0.1662050619E+02  0.4758273331E+00  0.9226227469E+01
   0.1068271184E+02  0.6013904802E+01  0.7326124334E+01
   0.5839594370E+00  0.9182698497E+01  0.1718426378E+02
   0.1312012988E+02  0.1605449380E+02  0.3028104595E+01
   0.1597512871E+02  0.1088113568E+02  0.3731523852E+01
   0.1419151484E+01  0.1136725710E+02  0.1131593360E+02
   0.9149495533E+01  0.7658188735E+01  0.6389525772E+01
   0.4958862654E+01  0.1668243392E+02  0.3208228795E+01
   0.5395213414E+01  0.6713066180E+01  0.1689406106E+02
   0.7480028594E+01  0.8199419262E+01  0.1723601009E+02
   0.1520388234E+02  0.2461366347E+01  0.9744005650E+01
   0.1186722317E+02  0.7609217759E+01  0.1601564971E+02
   0.6689716417E+01  0.5382107864E+01  0.4049121069E+01
   0.1239691276E+02  0.9530778408E+00  0.1702885433E+02
   0.6691920511E+01  0.1032551949E+02  0.7176634638E+00
   0.5384919416E+01  0.4859460706E+01  0.1079815615E+02
   0.1072736521E+02  0.5658697140E+01  0.4775041625E+01
   0.1465699448E+02  0.1012622339E+02  0.1034201091E+02
   0.1398954212E+01  0.3180189990E+01  0.1149125109E+02
   0.1012301586E+02  0.1042342424E+02  0.3405836806E+01
   0.1530916443E+02  0.8901555408E+01  0.1424350774E+02
   0.5216019766E-01  0.1665904296E+02  0.5005464766E+01
   0.1380906497E+02  0.3259718128E+01  0.7961894720E+01
   0.1099728793E+02  0.3845850895E+01  0.1433492039E+02
   0.9668099043E+01  0.3131810166E+01  0.5852936268E+01
   0.6295185025E+01  0.4421930230E+01  0.1171994216E-01
   0.9082640321E+01  0.1010369263E+02  0.6554931776E+00
   0.1590498751E+01  0.1169526884E+02  0.1023729765E+01
   0.9278362893E+01  0.1645333764E+02  0.8276498970E+01
   0.4271332244E+01  0.1108792882E+02  0.1717850397E+02
   0.9801949379E+01  0.1288443860E+02  0.3102018492E+01
   0.1422654509E+02  0.1621195379E+02  0.5084321210E+00
   0.1673713648E+02  0.1553111053E+02  0.1054934684E+01
   0.1540749271E+02  0.2932438131E+01  0.1672162128E+02
   0.7737997363E+01  0.9339463113E+01  0.7822615360E+01
   0.7976492179E+01  0.5945299392E+01  0.8096336088E+01
   0.1159372966E+02  0.1705638611E+02  0.7925171845E+01
   0.8216086009E+01  0.9987304380E+01  0.1565715177E+02
   0.1141987770E+02  0.4385633692E+01  0.2280950836E+01
   0.1919868185E+00  0.1576403788E+02  0.1002410636E+02
   0.7104746255E+01  0.3831431353E+01  0.2281238307E+01
   0.1271796306E+02  0.1217357876E+02  0.1386154611E+02
   0.3723306367E+00  0.1374794308E+02  0.1715382419E+02
   0.1745702463E+01  0.9696439412E+01  0.9381381774E+01
   0.1432452424E+02  0.7651663373E+01  0.9546569167E+01
   0.5422839913E+00  0.1230047482E+02  0.1502651178E+02
   0.5601058247E+00  0.1175212359E+01  0.6918145333E+01
   0.4544907062E+01  0.1564605828E+02  0.8015653948E+00
   0.5928710947E+01  0.1231394652E+02  0.1484665906E+01
   0.1010898364E+02  0.1037952170E+02  0.8941054587E+01
   0.1175418533E+02  0.1091793435E+00  0.1250050659E+02
   0.3538169501E+01  0.8526539034E+01  0.1647299182E+02
   0.4501996007E+01  0.1241003161E+02  0.1483251324E+02
   0.1644351097E+02  0.1043582115E+02  0.1234340766E+02
   0.1492522509E+02  0.4747390567E+01  0.6501700180E+01
   0.8599807982E+01  0.1430474642E+02  0.1624889362E+02
   0.5797063665E+01  0.1595165588E+02  0.1631455807E+02
   0.2086160246E+01  0.1544464676E+02  0.1947883116E-01
