 312
 1 27 53 1
 1 53 78 1
 1 78 27 1
 2 28 53 -1
 2 53 54 -1
 2 54 28 -1
 3 29 54 -1
 3 54 55 -1
 3 55 29 -1
 4 30 55 -1
 4 55 56 -1
 4 56 30 -1
 5 31 56 -1
 5 56 57 -1
 5 57 31 -1
 6 32 57 -1
 6 57 58 -1
 6 58 32 -1
 7 33 58 -1
 7 58 59 -1
 7 59 33 -1
 8 34 59 -1
 8 59 60 -1
 8 60 34 -1
 9 35 60 -1
 9 60 61 -1
 9 61 35 -1
 10 36 61 -1
 10 61 62 -1
 10 62 36 -1
 11 37 62 -1
 11 62 63 -1
 11 63 37 -1
 12 38 63 -1
 12 63 64 -1
 12 64 38 -1
 13 39 64 -1
 13 64 65 -1
 13 65 39 -1
 14 40 65 -1
 14 65 66 -1
 14 66 40 -1
 15 41 66 -1
 15 66 67 -1
 15 67 41 -1
 16 42 67 -1
 16 67 68 -1
 16 68 42 -1
 17 43 68 -1
 17 68 69 -1
 17 69 43 -1
 18 44 69 -1
 18 69 70 -1
 18 70 44 -1
 19 45 70 -1
 19 70 71 -1
 19 71 45 -1
 20 46 71 -1
 20 71 72 -1
 20 72 46 -1
 21 47 72 -1
 21 72 73 -1
 21 73 47 -1
 22 48 73 -1
 22 73 74 -1
 22 74 48 -1
 23 49 74 -1
 23 74 75 -1
 23 75 49 -1
 24 50 75 -1
 24 75 76 -1
 24 76 50 -1
 25 51 76 -1
 25 76 77 -1
 25 77 51 -1
 26 52 77 -1
 26 77 78 -1
 26 78 52 -1
 27 1 79 -1
 27 79 104 -1
 27 104 1 -1
 28 2 79 1
 28 79 80 1
 28 80 2 1
 29 3 80 1
 29 80 81 1
 29 81 3 1
 30 4 81 1
 30 81 82 1
 30 82 4 1
 31 5 82 1
 31 82 83 1
 31 83 5 1
 32 6 83 1
 32 83 84 1
 32 84 6 1
 33 7 84 1
 33 84 85 1
 33 85 7 1
 34 8 85 1
 34 85 86 1
 34 86 8 1
 35 9 86 1
 35 86 87 1
 35 87 9 1
 36 10 87 1
 36 87 88 1
 36 88 10 1
 37 11 88 1
 37 88 89 1
 37 89 11 1
 38 12 89 1
 38 89 90 1
 38 90 12 1
 39 13 90 1
 39 90 91 1
 39 91 13 1
 40 14 91 1
 40 91 92 1
 40 92 14 1
 41 15 92 1
 41 92 93 1
 41 93 15 1
 42 16 93 1
 42 93 94 1
 42 94 16 1
 43 17 94 1
 43 94 95 1
 43 95 17 1
 44 18 95 1
 44 95 96 1
 44 96 18 1
 45 19 96 1
 45 96 97 1
 45 97 19 1
 46 20 97 1
 46 97 98 1
 46 98 20 1
 47 21 98 1
 47 98 99 1
 47 99 21 1
 48 22 99 1
 48 99 100 1
 48 100 22 1
 49 23 100 1
 49 100 101 1
 49 101 23 1
 50 24 101 1
 50 101 102 1
 50 102 24 1
 51 25 102 1
 51 102 103 1
 51 103 25 1
 52 26 103 1
 52 103 104 1
 52 104 26 1
 53 1 2 1
 53 2 79 1
 53 79 1 1
 54 2 3 1
 54 3 80 1
 54 80 2 1
 55 3 4 1
 55 4 81 1
 55 81 3 1
 56 4 5 1
 56 5 82 1
 56 82 4 1
 57 5 6 1
 57 6 83 1
 57 83 5 1
 58 6 7 1
 58 7 84 1
 58 84 6 1
 59 7 8 1
 59 8 85 1
 59 85 7 1
 60 8 9 1
 60 9 86 1
 60 86 8 1
 61 9 10 1
 61 10 87 1
 61 87 9 1
 62 10 11 1
 62 11 88 1
 62 88 10 1
 63 11 12 1
 63 12 89 1
 63 89 11 1
 64 12 13 1
 64 13 90 1
 64 90 12 1
 65 13 14 1
 65 14 91 1
 65 91 13 1
 66 14 15 1
 66 15 92 1
 66 92 14 1
 67 15 16 1
 67 16 93 1
 67 93 15 1
 68 16 17 1
 68 17 94 1
 68 94 16 1
 69 17 18 1
 69 18 95 1
 69 95 17 1
 70 18 19 1
 70 19 96 1
 70 96 18 1
 71 19 20 1
 71 20 97 1
 71 97 19 1
 72 20 21 1
 72 21 98 1
 72 98 20 1
 73 21 22 1
 73 22 99 1
 73 99 21 1
 74 22 23 1
 74 23 100 1
 74 100 22 1
 75 23 24 1
 75 24 101 1
 75 101 23 1
 76 24 25 1
 76 25 102 1
 76 102 24 1
 77 25 26 1
 77 26 103 1
 77 103 25 1
 78 1 26 -1
 78 26 104 -1
 78 104 1 -1
 79 27 28 -1
 79 28 53 -1
 79 53 27 -1
 80 28 29 -1
 80 29 54 -1
 80 54 28 -1
 81 29 30 -1
 81 30 55 -1
 81 55 29 -1
 82 30 31 -1
 82 31 56 -1
 82 56 30 -1
 83 31 32 -1
 83 32 57 -1
 83 57 31 -1
 84 32 33 -1
 84 33 58 -1
 84 58 32 -1
 85 33 34 -1
 85 34 59 -1
 85 59 33 -1
 86 34 35 -1
 86 35 60 -1
 86 60 34 -1
 87 35 36 -1
 87 36 61 -1
 87 61 35 -1
 88 36 37 -1
 88 37 62 -1
 88 62 36 -1
 89 37 38 -1
 89 38 63 -1
 89 63 37 -1
 90 38 39 -1
 90 39 64 -1
 90 64 38 -1
 91 39 40 -1
 91 40 65 -1
 91 65 39 -1
 92 40 41 -1
 92 41 66 -1
 92 66 40 -1
 93 41 42 -1
 93 42 67 -1
 93 67 41 -1
 94 42 43 -1
 94 43 68 -1
 94 68 42 -1
 95 43 44 -1
 95 44 69 -1
 95 69 43 -1
 96 44 45 -1
 96 45 70 -1
 96 70 44 -1
 97 45 46 -1
 97 46 71 -1
 97 71 45 -1
 98 46 47 -1
 98 47 72 -1
 98 72 46 -1
 99 47 48 -1
 99 48 73 -1
 99 73 47 -1
 100 48 49 -1
 100 49 74 -1
 100 74 48 -1
 101 49 50 -1
 101 50 75 -1
 101 75 49 -1
 102 50 51 -1
 102 51 76 -1
 102 76 50 -1
 103 51 52 -1
 103 52 77 -1
 103 77 51 -1
 104 27 52 1
 104 52 78 1
 104 78 27 1
