 C
 AIREBO 
 928
 1.024875e+01
 4.878643737041103e+00 0.000000000000000e+00 0.000000000000000e+00
 0.000000000000000e+00 4.878643737041103e+00 0.000000000000000e+00
 0.000000000000000e+00 0.000000000000000e+00 4.156604463959019e-01
 fra
 8.906054051345019e-01 5.256016308468644e-01 0.000000000000000e+00 C
 8.843166296682798e-01 5.743555928140026e-01 0.000000000000000e+00 C
 8.719669513725624e-01 6.219369226645858e-01 0.000000000000000e+00 C
 8.537511320514138e-01 6.675952344031617e-01 0.000000000000000e+00 C
 8.299564460571309e-01 7.106104691786596e-01 0.000000000000000e+00 C
 8.009581498021006e-01 7.503042510426141e-01 0.000000000000000e+00 C
 7.672135637410066e-01 7.860505853431146e-01 0.000000000000000e+00 C
 7.292548601540716e-01 8.172857310344174e-01 0.000000000000000e+00 C
 6.876806704722913e-01 8.435170912099988e-01 0.000000000000000e+00 C
 6.431466445021653e-01 8.643309816500352e-01 0.000000000000000e+00 C
 5.963551104365792e-01 8.793991548686716e-01 0.000000000000000e+00 C
 5.480439987196556e-01 8.884839767729593e-01 0.000000000000000e+00 C
 4.989752044428293e-01 8.914421742944588e-01 0.000000000000000e+00 C
 4.499225718041225e-01 8.882270948911143e-01 0.000000000000000e+00 C
 4.016596901228706e-01 8.788894422857115e-01 0.000000000000000e+00 C
 3.549476938740344e-01 8.635764768378815e-01 0.000000000000000e+00 C
 3.105232591428524e-01 8.425296931602585e-01 0.000000000000000e+00 C
 2.690869858029061e-01 8.160810116041775e-01 0.000000000000000e+00 C
 2.312923486375967e-01 7.846475436774547e-01 0.000000000000000e+00 C
 1.977353916524424e-01 7.487250139467381e-01 0.000000000000000e+00 C
 1.689453281050539e-01 7.088799421649600e-01 0.000000000000000e+00 C
 1.453761944959240e-01 6.657407089164115e-01 0.000000000000000e+00 C
 1.273996901415860e-01 6.199876456795503e-01 0.000000000000000e+00 C
 1.152993152543517e-01 5.723423055931777e-01 0.000000000000000e+00 C
 1.092658999746060e-01 5.235560841324022e-01 0.000000000000000e+00 C
 1.093945948654982e-01 4.743983691531359e-01 0.000000000000000e+00 C
 1.156833703317203e-01 4.256444071859978e-01 0.000000000000000e+00 C
 1.280330486274376e-01 3.780630773354144e-01 0.000000000000000e+00 C
 1.462488679485863e-01 3.324047655968386e-01 0.000000000000000e+00 C
 1.700435539428692e-01 2.893895308213407e-01 0.000000000000000e+00 C
 1.990418501978997e-01 2.496957489573862e-01 0.000000000000000e+00 C
 2.327864362589935e-01 2.139494146568857e-01 0.000000000000000e+00 C
 2.707451398459290e-01 1.827142689655827e-01 0.000000000000000e+00 C
 3.123193295277087e-01 1.564829087900013e-01 0.000000000000000e+00 C
 3.568533554978354e-01 1.356690183499648e-01 0.000000000000000e+00 C
 4.036448895634210e-01 1.206008451313287e-01 0.000000000000000e+00 C
 4.519560012803446e-01 1.115160232270409e-01 0.000000000000000e+00 C
 5.010247955571713e-01 1.085578257055413e-01 0.000000000000000e+00 C
 5.500774281958780e-01 1.117729051088859e-01 0.000000000000000e+00 C
 5.983403098771297e-01 1.211105577142885e-01 0.000000000000000e+00 C
 6.450523061259662e-01 1.364235231621188e-01 0.000000000000000e+00 C
 6.894767408571477e-01 1.574703068397417e-01 0.000000000000000e+00 C
 7.309130141970939e-01 1.839189883958226e-01 0.000000000000000e+00 C
 7.687076513624039e-01 2.153524563225457e-01 0.000000000000000e+00 C
 8.022646083475580e-01 2.512749860532623e-01 0.000000000000000e+00 C
 8.310546718949463e-01 2.911200578350405e-01 0.000000000000000e+00 C
 8.546238055040764e-01 3.342592910835891e-01 0.000000000000000e+00 C
 8.726003098584140e-01 3.800123543204498e-01 0.000000000000000e+00 C
 8.847006847456483e-01 4.276576944068221e-01 0.000000000000000e+00 C
 8.907341000253940e-01 4.764439158675984e-01 0.000000000000000e+00 C
 8.906054051345019e-01 5.256016308468644e-01 3.333333333333335e-01 C
 8.843166296682798e-01 5.743555928140026e-01 3.333333333333335e-01 C
 8.719669513725624e-01 6.219369226645858e-01 3.333333333333335e-01 C
 8.537511320514138e-01 6.675952344031617e-01 3.333333333333335e-01 C
 8.299564460571309e-01 7.106104691786596e-01 3.333333333333335e-01 C
 8.009581498021006e-01 7.503042510426141e-01 3.333333333333335e-01 C
 7.672135637410066e-01 7.860505853431146e-01 3.333333333333335e-01 C
 7.292548601540716e-01 8.172857310344174e-01 3.333333333333335e-01 C
 6.876806704722913e-01 8.435170912099988e-01 3.333333333333335e-01 C
 6.431466445021653e-01 8.643309816500352e-01 3.333333333333335e-01 C
 5.963551104365792e-01 8.793991548686716e-01 3.333333333333335e-01 C
 5.480439987196556e-01 8.884839767729593e-01 3.333333333333335e-01 C
 4.989752044428293e-01 8.914421742944588e-01 3.333333333333335e-01 C
 4.499225718041225e-01 8.882270948911143e-01 3.333333333333335e-01 C
 4.016596901228706e-01 8.788894422857115e-01 3.333333333333335e-01 C
 3.549476938740344e-01 8.635764768378815e-01 3.333333333333335e-01 C
 3.105232591428524e-01 8.425296931602585e-01 3.333333333333335e-01 C
 2.690869858029061e-01 8.160810116041775e-01 3.333333333333335e-01 C
 2.312923486375967e-01 7.846475436774547e-01 3.333333333333335e-01 C
 1.977353916524424e-01 7.487250139467381e-01 3.333333333333335e-01 C
 1.689453281050539e-01 7.088799421649600e-01 3.333333333333335e-01 C
 1.453761944959240e-01 6.657407089164115e-01 3.333333333333335e-01 C
 1.273996901415860e-01 6.199876456795503e-01 3.333333333333335e-01 C
 1.152993152543517e-01 5.723423055931777e-01 3.333333333333335e-01 C
 1.092658999746060e-01 5.235560841324022e-01 3.333333333333335e-01 C
 1.093945948654982e-01 4.743983691531359e-01 3.333333333333335e-01 C
 1.156833703317203e-01 4.256444071859978e-01 3.333333333333335e-01 C
 1.280330486274376e-01 3.780630773354144e-01 3.333333333333335e-01 C
 1.462488679485863e-01 3.324047655968386e-01 3.333333333333335e-01 C
 1.700435539428692e-01 2.893895308213407e-01 3.333333333333335e-01 C
 1.990418501978997e-01 2.496957489573862e-01 3.333333333333335e-01 C
 2.327864362589935e-01 2.139494146568857e-01 3.333333333333335e-01 C
 2.707451398459290e-01 1.827142689655827e-01 3.333333333333335e-01 C
 3.123193295277087e-01 1.564829087900013e-01 3.333333333333335e-01 C
 3.568533554978354e-01 1.356690183499648e-01 3.333333333333335e-01 C
 4.036448895634210e-01 1.206008451313287e-01 3.333333333333335e-01 C
 4.519560012803446e-01 1.115160232270409e-01 3.333333333333335e-01 C
 5.010247955571713e-01 1.085578257055413e-01 3.333333333333335e-01 C
 5.500774281958780e-01 1.117729051088859e-01 3.333333333333335e-01 C
 5.983403098771297e-01 1.211105577142885e-01 3.333333333333335e-01 C
 6.450523061259662e-01 1.364235231621188e-01 3.333333333333335e-01 C
 6.894767408571477e-01 1.574703068397417e-01 3.333333333333335e-01 C
 7.309130141970939e-01 1.839189883958226e-01 3.333333333333335e-01 C
 7.687076513624039e-01 2.153524563225457e-01 3.333333333333335e-01 C
 8.022646083475580e-01 2.512749860532623e-01 3.333333333333335e-01 C
 8.310546718949463e-01 2.911200578350405e-01 3.333333333333335e-01 C
 8.546238055040764e-01 3.342592910835891e-01 3.333333333333335e-01 C
 8.726003098584140e-01 3.800123543204498e-01 3.333333333333335e-01 C
 8.847006847456483e-01 4.276576944068221e-01 3.333333333333335e-01 C
 8.907341000253940e-01 4.764439158675984e-01 3.333333333333335e-01 C
 8.882270948911143e-01 5.500774281958777e-01 8.333333333333334e-01 C
 8.788894422857115e-01 5.983403098771297e-01 8.333333333333334e-01 C
 8.635764768378815e-01 6.450523061259659e-01 8.333333333333334e-01 C
 8.425296931602584e-01 6.894767408571478e-01 8.333333333333334e-01 C
 8.160810116041775e-01 7.309130141970940e-01 8.333333333333334e-01 C
 7.846475436774546e-01 7.687076513624037e-01 8.333333333333334e-01 C
 7.487250139467381e-01 8.022646083475578e-01 8.333333333333334e-01 C
 7.088799421649599e-01 8.310546718949462e-01 8.333333333333334e-01 C
 6.657407089164111e-01 8.546238055040764e-01 8.333333333333334e-01 C
 6.199876456795503e-01 8.726003098584140e-01 8.333333333333334e-01 C
 5.723423055931777e-01 8.847006847456483e-01 8.333333333333334e-01 C
 5.235560841324021e-01 8.907341000253940e-01 8.333333333333334e-01 C
 4.743983691531359e-01 8.906054051345019e-01 8.333333333333334e-01 C
 4.256444071859977e-01 8.843166296682798e-01 8.333333333333334e-01 C
 3.780630773354144e-01 8.719669513725626e-01 8.333333333333334e-01 C
 3.324047655968386e-01 8.537511320514138e-01 8.333333333333334e-01 C
 2.893895308213408e-01 8.299564460571310e-01 8.333333333333334e-01 C
 2.496957489573862e-01 8.009581498021006e-01 8.333333333333334e-01 C
 2.139494146568857e-01 7.672135637410068e-01 8.333333333333334e-01 C
 1.827142689655828e-01 7.292548601540716e-01 8.333333333333334e-01 C
 1.564829087900014e-01 6.876806704722916e-01 8.333333333333334e-01 C
 1.356690183499650e-01 6.431466445021653e-01 8.333333333333334e-01 C
 1.206008451313288e-01 5.963551104365793e-01 8.333333333333334e-01 C
 1.115160232270409e-01 5.480439987196558e-01 8.333333333333334e-01 C
 1.085578257055413e-01 4.989752044428293e-01 8.333333333333334e-01 C
 1.117729051088859e-01 4.499225718041228e-01 8.333333333333334e-01 C
 1.211105577142885e-01 4.016596901228703e-01 8.333333333333334e-01 C
 1.364235231621186e-01 3.549476938740345e-01 8.333333333333334e-01 C
 1.574703068397418e-01 3.105232591428523e-01 8.333333333333334e-01 C
 1.839189883958226e-01 2.690869858029062e-01 8.333333333333334e-01 C
 2.153524563225455e-01 2.312923486375966e-01 8.333333333333334e-01 C
 2.512749860532625e-01 1.977353916524422e-01 8.333333333333334e-01 C
 2.911200578350406e-01 1.689453281050536e-01 8.333333333333334e-01 C
 3.342592910835891e-01 1.453761944959237e-01 8.333333333333334e-01 C
 3.800123543204502e-01 1.273996901415859e-01 8.333333333333334e-01 C
 4.276576944068228e-01 1.152993152543517e-01 8.333333333333334e-01 C
 4.764439158675983e-01 1.092658999746060e-01 8.333333333333334e-01 C
 5.256016308468645e-01 1.093945948654983e-01 8.333333333333334e-01 C
 5.743555928140027e-01 1.156833703317204e-01 8.333333333333334e-01 C
 6.219369226645860e-01 1.280330486274377e-01 8.333333333333334e-01 C
 6.675952344031620e-01 1.462488679485865e-01 8.333333333333334e-01 C
 7.106104691786596e-01 1.700435539428692e-01 8.333333333333334e-01 C
 7.503042510426141e-01 1.990418501978997e-01 8.333333333333334e-01 C
 7.860505853431147e-01 2.327864362589936e-01 8.333333333333334e-01 C
 8.172857310344175e-01 2.707451398459290e-01 8.333333333333334e-01 C
 8.435170912099986e-01 3.123193295277085e-01 8.333333333333334e-01 C
 8.643309816500353e-01 3.568533554978354e-01 8.333333333333334e-01 C
 8.793991548686716e-01 4.036448895634210e-01 8.333333333333334e-01 C
 8.884839767729593e-01 4.519560012803449e-01 8.333333333333334e-01 C
 8.914421742944588e-01 5.010247955571713e-01 8.333333333333334e-01 C
 8.882270948911143e-01 5.500774281958777e-01 5.000000000000000e-01 C
 8.788894422857115e-01 5.983403098771297e-01 5.000000000000000e-01 C
 8.635764768378815e-01 6.450523061259659e-01 5.000000000000000e-01 C
 8.425296931602584e-01 6.894767408571478e-01 5.000000000000000e-01 C
 8.160810116041775e-01 7.309130141970940e-01 5.000000000000000e-01 C
 7.846475436774546e-01 7.687076513624037e-01 5.000000000000000e-01 C
 7.487250139467381e-01 8.022646083475578e-01 5.000000000000000e-01 C
 7.088799421649599e-01 8.310546718949462e-01 5.000000000000000e-01 C
 6.657407089164111e-01 8.546238055040764e-01 5.000000000000000e-01 C
 6.199876456795503e-01 8.726003098584140e-01 5.000000000000000e-01 C
 5.723423055931777e-01 8.847006847456483e-01 5.000000000000000e-01 C
 5.235560841324021e-01 8.907341000253940e-01 5.000000000000000e-01 C
 4.743983691531359e-01 8.906054051345019e-01 5.000000000000000e-01 C
 4.256444071859977e-01 8.843166296682798e-01 5.000000000000000e-01 C
 3.780630773354144e-01 8.719669513725626e-01 5.000000000000000e-01 C
 3.324047655968386e-01 8.537511320514138e-01 5.000000000000000e-01 C
 2.893895308213408e-01 8.299564460571310e-01 5.000000000000000e-01 C
 2.496957489573862e-01 8.009581498021006e-01 5.000000000000000e-01 C
 2.139494146568857e-01 7.672135637410068e-01 5.000000000000000e-01 C
 1.827142689655828e-01 7.292548601540716e-01 5.000000000000000e-01 C
 1.564829087900014e-01 6.876806704722916e-01 5.000000000000000e-01 C
 1.356690183499650e-01 6.431466445021653e-01 5.000000000000000e-01 C
 1.206008451313288e-01 5.963551104365793e-01 5.000000000000000e-01 C
 1.115160232270409e-01 5.480439987196558e-01 5.000000000000000e-01 C
 1.085578257055413e-01 4.989752044428293e-01 5.000000000000000e-01 C
 1.117729051088859e-01 4.499225718041228e-01 5.000000000000000e-01 C
 1.211105577142885e-01 4.016596901228703e-01 5.000000000000000e-01 C
 1.364235231621186e-01 3.549476938740345e-01 5.000000000000000e-01 C
 1.574703068397418e-01 3.105232591428523e-01 5.000000000000000e-01 C
 1.839189883958226e-01 2.690869858029062e-01 5.000000000000000e-01 C
 2.153524563225455e-01 2.312923486375966e-01 5.000000000000000e-01 C
 2.512749860532625e-01 1.977353916524422e-01 5.000000000000000e-01 C
 2.911200578350406e-01 1.689453281050536e-01 5.000000000000000e-01 C
 3.342592910835891e-01 1.453761944959237e-01 5.000000000000000e-01 C
 3.800123543204502e-01 1.273996901415859e-01 5.000000000000000e-01 C
 4.276576944068228e-01 1.152993152543517e-01 5.000000000000000e-01 C
 4.764439158675983e-01 1.092658999746060e-01 5.000000000000000e-01 C
 5.256016308468645e-01 1.093945948654983e-01 5.000000000000000e-01 C
 5.743555928140027e-01 1.156833703317204e-01 5.000000000000000e-01 C
 6.219369226645860e-01 1.280330486274377e-01 5.000000000000000e-01 C
 6.675952344031620e-01 1.462488679485865e-01 5.000000000000000e-01 C
 7.106104691786596e-01 1.700435539428692e-01 5.000000000000000e-01 C
 7.503042510426141e-01 1.990418501978997e-01 5.000000000000000e-01 C
 7.860505853431147e-01 2.327864362589936e-01 5.000000000000000e-01 C
 8.172857310344175e-01 2.707451398459290e-01 5.000000000000000e-01 C
 8.435170912099986e-01 3.123193295277085e-01 5.000000000000000e-01 C
 8.643309816500353e-01 3.568533554978354e-01 5.000000000000000e-01 C
 8.793991548686716e-01 4.036448895634210e-01 5.000000000000000e-01 C
 8.884839767729593e-01 4.519560012803449e-01 5.000000000000000e-01 C
 8.914421742944588e-01 5.010247955571713e-01 5.000000000000000e-01 C
 8.437327565183617e-01 5.225294351452408e-01 0.000000000000000e+00 C
 8.370277797596289e-01 5.712183896333662e-01 0.000000000000000e+00 C
 8.234618893128491e-01 6.184575430854325e-01 0.000000000000000e+00 C
 8.033112475867210e-01 6.632852425636249e-01 0.000000000000000e+00 C
 7.769860635371364e-01 7.047889253789776e-01 0.000000000000000e+00 C
 7.450222419957828e-01 7.421236962361079e-01 0.000000000000000e+00 C
 7.080704741931929e-01 7.745295268649527e-01 0.000000000000000e+00 C
 6.668829915617284e-01 8.013467280046077e-01 0.000000000000000e+00 C
 6.222982524728743e-01 8.220293787742915e-01 0.000000000000000e+00 C
 5.752238736427090e-01 8.361564400481727e-01 0.000000000000000e+00 C
 5.266181536729162e-01 8.434403255977958e-01 0.000000000000000e+00 C
 4.774705648547597e-01 8.437327565183617e-01 0.000000000000000e+00 C
 4.287816103666341e-01 8.370277797596289e-01 0.000000000000000e+00 C
 3.815424569145677e-01 8.234618893128491e-01 0.000000000000000e+00 C
 3.367147574363752e-01 8.033112475867210e-01 0.000000000000000e+00 C
 2.952110746210225e-01 7.769860635371364e-01 0.000000000000000e+00 C
 2.578763037638925e-01 7.450222419957829e-01 0.000000000000000e+00 C
 2.254704731350474e-01 7.080704741931929e-01 0.000000000000000e+00 C
 1.986532719953924e-01 6.668829915617285e-01 0.000000000000000e+00 C
 1.779706212257087e-01 6.222982524728743e-01 0.000000000000000e+00 C
 1.638435599518274e-01 5.752238736427088e-01 0.000000000000000e+00 C
 1.565596744022044e-01 5.266181536729164e-01 0.000000000000000e+00 C
 1.562672434816384e-01 4.774705648547596e-01 0.000000000000000e+00 C
 1.629722202403711e-01 4.287816103666341e-01 0.000000000000000e+00 C
 1.765381106871510e-01 3.815424569145677e-01 0.000000000000000e+00 C
 1.966887524132790e-01 3.367147574363756e-01 0.000000000000000e+00 C
 2.230139364628638e-01 2.952110746210226e-01 0.000000000000000e+00 C
 2.549777580042172e-01 2.578763037638925e-01 0.000000000000000e+00 C
 2.919295258068071e-01 2.254704731350474e-01 0.000000000000000e+00 C
 3.331170084382720e-01 1.986532719953923e-01 0.000000000000000e+00 C
 3.777017475271263e-01 1.779706212257086e-01 0.000000000000000e+00 C
 4.247761263572914e-01 1.638435599518274e-01 0.000000000000000e+00 C
 4.733818463270841e-01 1.565596744022044e-01 0.000000000000000e+00 C
 5.225294351452408e-01 1.562672434816384e-01 0.000000000000000e+00 C
 5.712183896333666e-01 1.629722202403712e-01 0.000000000000000e+00 C
 6.184575430854329e-01 1.765381106871511e-01 0.000000000000000e+00 C
 6.632852425636249e-01 1.966887524132792e-01 0.000000000000000e+00 C
 7.047889253789775e-01 2.230139364628638e-01 0.000000000000000e+00 C
 7.421236962361077e-01 2.549777580042172e-01 0.000000000000000e+00 C
 7.745295268649526e-01 2.919295258068071e-01 0.000000000000000e+00 C
 8.013467280046079e-01 3.331170084382721e-01 0.000000000000000e+00 C
 8.220293787742915e-01 3.777017475271259e-01 0.000000000000000e+00 C
 8.361564400481727e-01 4.247761263572912e-01 0.000000000000000e+00 C
 8.434403255977958e-01 4.733818463270844e-01 0.000000000000000e+00 C
 8.437327565183617e-01 5.225294351452408e-01 3.333333333333335e-01 C
 8.370277797596289e-01 5.712183896333662e-01 3.333333333333335e-01 C
 8.234618893128491e-01 6.184575430854325e-01 3.333333333333335e-01 C
 8.033112475867210e-01 6.632852425636249e-01 3.333333333333335e-01 C
 7.769860635371364e-01 7.047889253789776e-01 3.333333333333335e-01 C
 7.450222419957828e-01 7.421236962361079e-01 3.333333333333335e-01 C
 7.080704741931929e-01 7.745295268649527e-01 3.333333333333335e-01 C
 6.668829915617284e-01 8.013467280046077e-01 3.333333333333335e-01 C
 6.222982524728743e-01 8.220293787742915e-01 3.333333333333335e-01 C
 5.752238736427090e-01 8.361564400481727e-01 3.333333333333335e-01 C
 5.266181536729162e-01 8.434403255977958e-01 3.333333333333335e-01 C
 4.774705648547597e-01 8.437327565183617e-01 3.333333333333335e-01 C
 4.287816103666341e-01 8.370277797596289e-01 3.333333333333335e-01 C
 3.815424569145677e-01 8.234618893128491e-01 3.333333333333335e-01 C
 3.367147574363752e-01 8.033112475867210e-01 3.333333333333335e-01 C
 2.952110746210225e-01 7.769860635371364e-01 3.333333333333335e-01 C
 2.578763037638925e-01 7.450222419957829e-01 3.333333333333335e-01 C
 2.254704731350474e-01 7.080704741931929e-01 3.333333333333335e-01 C
 1.986532719953924e-01 6.668829915617285e-01 3.333333333333335e-01 C
 1.779706212257087e-01 6.222982524728743e-01 3.333333333333335e-01 C
 1.638435599518274e-01 5.752238736427088e-01 3.333333333333335e-01 C
 1.565596744022044e-01 5.266181536729164e-01 3.333333333333335e-01 C
 1.562672434816384e-01 4.774705648547596e-01 3.333333333333335e-01 C
 1.629722202403711e-01 4.287816103666341e-01 3.333333333333335e-01 C
 1.765381106871510e-01 3.815424569145677e-01 3.333333333333335e-01 C
 1.966887524132790e-01 3.367147574363756e-01 3.333333333333335e-01 C
 2.230139364628638e-01 2.952110746210226e-01 3.333333333333335e-01 C
 2.549777580042172e-01 2.578763037638925e-01 3.333333333333335e-01 C
 2.919295258068071e-01 2.254704731350474e-01 3.333333333333335e-01 C
 3.331170084382720e-01 1.986532719953923e-01 3.333333333333335e-01 C
 3.777017475271263e-01 1.779706212257086e-01 3.333333333333335e-01 C
 4.247761263572914e-01 1.638435599518274e-01 3.333333333333335e-01 C
 4.733818463270841e-01 1.565596744022044e-01 3.333333333333335e-01 C
 5.225294351452408e-01 1.562672434816384e-01 3.333333333333335e-01 C
 5.712183896333666e-01 1.629722202403712e-01 3.333333333333335e-01 C
 6.184575430854329e-01 1.765381106871511e-01 3.333333333333335e-01 C
 6.632852425636249e-01 1.966887524132792e-01 3.333333333333335e-01 C
 7.047889253789775e-01 2.230139364628638e-01 3.333333333333335e-01 C
 7.421236962361077e-01 2.549777580042172e-01 3.333333333333335e-01 C
 7.745295268649526e-01 2.919295258068071e-01 3.333333333333335e-01 C
 8.013467280046079e-01 3.331170084382721e-01 3.333333333333335e-01 C
 8.220293787742915e-01 3.777017475271259e-01 3.333333333333335e-01 C
 8.361564400481727e-01 4.247761263572912e-01 3.333333333333335e-01 C
 8.434403255977958e-01 4.733818463270844e-01 3.333333333333335e-01 C
 8.412497333488499e-01 5.469936468154354e-01 8.333333333333334e-01 C
 8.310884098584317e-01 5.950802198624408e-01 8.333333333333334e-01 C
 8.141870811234265e-01 6.412312338217591e-01 8.333333333333334e-01 C
 7.908898094574714e-01 6.845071871377126e-01 8.333333333333334e-01 C
 7.616708601279019e-01 7.240271061983327e-01 8.333333333333334e-01 C
 7.271250466825759e-01 7.589864794175801e-01 8.333333333333334e-01 C
 6.879556222613410e-01 7.886736347712189e-01 8.333333333333334e-01 C
 6.449599633901212e-01 8.124842273869348e-01 8.333333333333334e-01 C
 5.990133376942929e-01 8.299335422631517e-01 8.333333333333334e-01 C
 5.510510859738963e-01 8.406663616686579e-01 8.333333333333334e-01 C
 5.020495813622459e-01 8.444641963512529e-01 8.333333333333334e-01 C
 4.530063531845649e-01 8.412497333488499e-01 8.333333333333334e-01 C
 4.049197801375596e-01 8.310884098584318e-01 8.333333333333334e-01 C
 3.587687661782412e-01 8.141870811234265e-01 8.333333333333334e-01 C
 3.154928128622875e-01 7.908898094574714e-01 8.333333333333334e-01 C
 2.759728938016677e-01 7.616708601279019e-01 8.333333333333334e-01 C
 2.410135205824200e-01 7.271250466825759e-01 8.333333333333334e-01 C
 2.113263652287813e-01 6.879556222613410e-01 8.333333333333334e-01 C
 1.875157726130652e-01 6.449599633901212e-01 8.333333333333334e-01 C
 1.700664577368485e-01 5.990133376942930e-01 8.333333333333334e-01 C
 1.593336383313423e-01 5.510510859738964e-01 8.333333333333334e-01 C
 1.555358036487473e-01 5.020495813622461e-01 8.333333333333334e-01 C
 1.587502666511504e-01 4.530063531845651e-01 8.333333333333334e-01 C
 1.689115901415684e-01 4.049197801375596e-01 8.333333333333334e-01 C
 1.858129188765736e-01 3.587687661782413e-01 8.333333333333334e-01 C
 2.091101905425287e-01 3.154928128622875e-01 8.333333333333334e-01 C
 2.383291398720984e-01 2.759728938016677e-01 8.333333333333334e-01 C
 2.728749533174242e-01 2.410135205824200e-01 8.333333333333334e-01 C
 3.120443777386592e-01 2.113263652287813e-01 8.333333333333334e-01 C
 3.550400366098790e-01 1.875157726130652e-01 8.333333333333334e-01 C
 4.009866623057076e-01 1.700664577368484e-01 8.333333333333334e-01 C
 4.489489140261039e-01 1.593336383313423e-01 8.333333333333334e-01 C
 4.979504186377546e-01 1.555358036487473e-01 8.333333333333334e-01 C
 5.469936468154353e-01 1.587502666511504e-01 8.333333333333334e-01 C
 5.950802198624413e-01 1.689115901415686e-01 8.333333333333334e-01 C
 6.412312338217592e-01 1.858129188765737e-01 8.333333333333334e-01 C
 6.845071871377125e-01 2.091101905425287e-01 8.333333333333334e-01 C
 7.240271061983329e-01 2.383291398720986e-01 8.333333333333334e-01 C
 7.589864794175805e-01 2.728749533174246e-01 8.333333333333334e-01 C
 7.886736347712189e-01 3.120443777386595e-01 8.333333333333334e-01 C
 8.124842273869350e-01 3.550400366098790e-01 8.333333333333334e-01 C
 8.299335422631517e-01 4.009866623057072e-01 8.333333333333334e-01 C
 8.406663616686577e-01 4.489489140261037e-01 8.333333333333334e-01 C
 8.444641963512529e-01 4.979504186377547e-01 8.333333333333334e-01 C
 8.412497333488499e-01 5.469936468154354e-01 5.000000000000000e-01 C
 8.310884098584317e-01 5.950802198624408e-01 5.000000000000000e-01 C
 8.141870811234265e-01 6.412312338217591e-01 5.000000000000000e-01 C
 7.908898094574714e-01 6.845071871377126e-01 5.000000000000000e-01 C
 7.616708601279019e-01 7.240271061983327e-01 5.000000000000000e-01 C
 7.271250466825759e-01 7.589864794175801e-01 5.000000000000000e-01 C
 6.879556222613410e-01 7.886736347712189e-01 5.000000000000000e-01 C
 6.449599633901212e-01 8.124842273869348e-01 5.000000000000000e-01 C
 5.990133376942929e-01 8.299335422631517e-01 5.000000000000000e-01 C
 5.510510859738963e-01 8.406663616686579e-01 5.000000000000000e-01 C
 5.020495813622459e-01 8.444641963512529e-01 5.000000000000000e-01 C
 4.530063531845649e-01 8.412497333488499e-01 5.000000000000000e-01 C
 4.049197801375596e-01 8.310884098584318e-01 5.000000000000000e-01 C
 3.587687661782412e-01 8.141870811234265e-01 5.000000000000000e-01 C
 3.154928128622875e-01 7.908898094574714e-01 5.000000000000000e-01 C
 2.759728938016677e-01 7.616708601279019e-01 5.000000000000000e-01 C
 2.410135205824200e-01 7.271250466825759e-01 5.000000000000000e-01 C
 2.113263652287813e-01 6.879556222613410e-01 5.000000000000000e-01 C
 1.875157726130652e-01 6.449599633901212e-01 5.000000000000000e-01 C
 1.700664577368485e-01 5.990133376942930e-01 5.000000000000000e-01 C
 1.593336383313423e-01 5.510510859738964e-01 5.000000000000000e-01 C
 1.555358036487473e-01 5.020495813622461e-01 5.000000000000000e-01 C
 1.587502666511504e-01 4.530063531845651e-01 5.000000000000000e-01 C
 1.689115901415684e-01 4.049197801375596e-01 5.000000000000000e-01 C
 1.858129188765736e-01 3.587687661782413e-01 5.000000000000000e-01 C
 2.091101905425287e-01 3.154928128622875e-01 5.000000000000000e-01 C
 2.383291398720984e-01 2.759728938016677e-01 5.000000000000000e-01 C
 2.728749533174242e-01 2.410135205824200e-01 5.000000000000000e-01 C
 3.120443777386592e-01 2.113263652287813e-01 5.000000000000000e-01 C
 3.550400366098790e-01 1.875157726130652e-01 5.000000000000000e-01 C
 4.009866623057076e-01 1.700664577368484e-01 5.000000000000000e-01 C
 4.489489140261039e-01 1.593336383313423e-01 5.000000000000000e-01 C
 4.979504186377546e-01 1.555358036487473e-01 5.000000000000000e-01 C
 5.469936468154353e-01 1.587502666511504e-01 5.000000000000000e-01 C
 5.950802198624413e-01 1.689115901415686e-01 5.000000000000000e-01 C
 6.412312338217592e-01 1.858129188765737e-01 5.000000000000000e-01 C
 6.845071871377125e-01 2.091101905425287e-01 5.000000000000000e-01 C
 7.240271061983329e-01 2.383291398720986e-01 5.000000000000000e-01 C
 7.589864794175805e-01 2.728749533174246e-01 5.000000000000000e-01 C
 7.886736347712189e-01 3.120443777386595e-01 5.000000000000000e-01 C
 8.124842273869350e-01 3.550400366098790e-01 5.000000000000000e-01 C
 8.299335422631517e-01 4.009866623057072e-01 5.000000000000000e-01 C
 8.406663616686577e-01 4.489489140261037e-01 5.000000000000000e-01 C
 8.444641963512529e-01 4.979504186377547e-01 5.000000000000000e-01 C
 7.968601079022216e-01 5.194572394436171e-01 0.000000000000000e+00 C
 7.896087666044919e-01 5.680534358890856e-01 0.000000000000000e+00 C
 7.744576531075013e-01 6.147933120055671e-01 0.000000000000000e+00 C
 7.518200502914424e-01 6.584019258143674e-01 0.000000000000000e+00 C
 7.223134529493113e-01 6.976897480099546e-01 0.000000000000000e+00 C
 6.867427241386425e-01 7.315851092185416e-01 0.000000000000000e+00 C
 6.460781406154216e-01 7.591634323449705e-01 0.000000000000000e+00 C
 6.014289262135044e-01 7.796724526256751e-01 0.000000000000000e+00 C
 5.540129951099598e-01 7.925527374504234e-01 0.000000000000000e+00 C
 5.051237303011853e-01 7.974529462255932e-01 0.000000000000000e+00 C
 4.560947034863624e-01 7.942394140296885e-01 0.000000000000000e+00 C
 4.082632987078658e-01 7.829997976439605e-01 0.000000000000000e+00 C
 3.629342320008860e-01 7.640406845039186e-01 0.000000000000000e+00 C
 3.213439621411316e-01 7.378792297933038e-01 0.000000000000000e+00 C
 2.846269632726354e-01 7.052290497987992e-01 0.000000000000000e+00 C
 2.537847794104565e-01 6.669807563179876e-01 0.000000000000000e+00 C
 2.296587049307827e-01 6.241776630911663e-01 0.000000000000000e+00 C
 2.129068362534374e-01 5.779873269222261e-01 0.000000000000000e+00 C
 2.039861206870759e-01 5.296696997726361e-01 0.000000000000000e+00 C
 2.031398920977787e-01 4.805427605563832e-01 0.000000000000000e+00 C
 2.103912333955084e-01 4.319465641109146e-01 0.000000000000000e+00 C
 2.255423468924989e-01 3.852066879944336e-01 0.000000000000000e+00 C
 2.481799497085578e-01 3.415980741856330e-01 0.000000000000000e+00 C
 2.776865470506892e-01 3.023102519900457e-01 0.000000000000000e+00 C
 3.132572758613579e-01 2.684148907814587e-01 0.000000000000000e+00 C
 3.539218593845789e-01 2.408365676550298e-01 0.000000000000000e+00 C
 3.985710737864961e-01 2.203275473743252e-01 0.000000000000000e+00 C
 4.459870048900403e-01 2.074472625495770e-01 0.000000000000000e+00 C
 4.948762696988151e-01 2.025470537744072e-01 0.000000000000000e+00 C
 5.439052965136381e-01 2.057605859703118e-01 0.000000000000000e+00 C
 5.917367012921348e-01 2.170002023560398e-01 0.000000000000000e+00 C
 6.370657679991145e-01 2.359593154960817e-01 0.000000000000000e+00 C
 6.786560378588684e-01 2.621207702066963e-01 0.000000000000000e+00 C
 7.153730367273653e-01 2.947709502012011e-01 0.000000000000000e+00 C
 7.462152205895441e-01 3.330192436820127e-01 0.000000000000000e+00 C
 7.703412950692176e-01 3.758223369088344e-01 0.000000000000000e+00 C
 7.870931637465629e-01 4.220126730777742e-01 0.000000000000000e+00 C
 7.960138793129244e-01 4.703303002273648e-01 0.000000000000000e+00 C
 7.968601079022216e-01 5.194572394436171e-01 3.333333333333335e-01 C
 7.896087666044919e-01 5.680534358890856e-01 3.333333333333335e-01 C
 7.744576531075013e-01 6.147933120055671e-01 3.333333333333335e-01 C
 7.518200502914424e-01 6.584019258143674e-01 3.333333333333335e-01 C
 7.223134529493113e-01 6.976897480099546e-01 3.333333333333335e-01 C
 6.867427241386425e-01 7.315851092185416e-01 3.333333333333335e-01 C
 6.460781406154216e-01 7.591634323449705e-01 3.333333333333335e-01 C
 6.014289262135044e-01 7.796724526256751e-01 3.333333333333335e-01 C
 5.540129951099598e-01 7.925527374504234e-01 3.333333333333335e-01 C
 5.051237303011853e-01 7.974529462255932e-01 3.333333333333335e-01 C
 4.560947034863624e-01 7.942394140296885e-01 3.333333333333335e-01 C
 4.082632987078658e-01 7.829997976439605e-01 3.333333333333335e-01 C
 3.629342320008860e-01 7.640406845039186e-01 3.333333333333335e-01 C
 3.213439621411316e-01 7.378792297933038e-01 3.333333333333335e-01 C
 2.846269632726354e-01 7.052290497987992e-01 3.333333333333335e-01 C
 2.537847794104565e-01 6.669807563179876e-01 3.333333333333335e-01 C
 2.296587049307827e-01 6.241776630911663e-01 3.333333333333335e-01 C
 2.129068362534374e-01 5.779873269222261e-01 3.333333333333335e-01 C
 2.039861206870759e-01 5.296696997726361e-01 3.333333333333335e-01 C
 2.031398920977787e-01 4.805427605563832e-01 3.333333333333335e-01 C
 2.103912333955084e-01 4.319465641109146e-01 3.333333333333335e-01 C
 2.255423468924989e-01 3.852066879944336e-01 3.333333333333335e-01 C
 2.481799497085578e-01 3.415980741856330e-01 3.333333333333335e-01 C
 2.776865470506892e-01 3.023102519900457e-01 3.333333333333335e-01 C
 3.132572758613579e-01 2.684148907814587e-01 3.333333333333335e-01 C
 3.539218593845789e-01 2.408365676550298e-01 3.333333333333335e-01 C
 3.985710737864961e-01 2.203275473743252e-01 3.333333333333335e-01 C
 4.459870048900403e-01 2.074472625495770e-01 3.333333333333335e-01 C
 4.948762696988151e-01 2.025470537744072e-01 3.333333333333335e-01 C
 5.439052965136381e-01 2.057605859703118e-01 3.333333333333335e-01 C
 5.917367012921348e-01 2.170002023560398e-01 3.333333333333335e-01 C
 6.370657679991145e-01 2.359593154960817e-01 3.333333333333335e-01 C
 6.786560378588684e-01 2.621207702066963e-01 3.333333333333335e-01 C
 7.153730367273653e-01 2.947709502012011e-01 3.333333333333335e-01 C
 7.462152205895441e-01 3.330192436820127e-01 3.333333333333335e-01 C
 7.703412950692176e-01 3.758223369088344e-01 3.333333333333335e-01 C
 7.870931637465629e-01 4.220126730777742e-01 3.333333333333335e-01 C
 7.960138793129244e-01 4.703303002273648e-01 3.333333333333335e-01 C
 7.942394140296885e-01 5.439052965136378e-01 8.333333333333335e-01 C
 7.829997976439605e-01 5.917367012921346e-01 8.333333333333335e-01 C
 7.640406845039186e-01 6.370657679991144e-01 8.333333333333335e-01 C
 7.378792297933039e-01 6.786560378588685e-01 8.333333333333335e-01 C
 7.052290497987992e-01 7.153730367273651e-01 8.333333333333335e-01 C
 6.669807563179877e-01 7.462152205895439e-01 8.333333333333335e-01 C
 6.241776630911663e-01 7.703412950692176e-01 8.333333333333335e-01 C
 5.779873269222261e-01 7.870931637465629e-01 8.333333333333335e-01 C
 5.296696997726360e-01 7.960138793129243e-01 8.333333333333335e-01 C
 4.805427605563832e-01 7.968601079022216e-01 8.333333333333335e-01 C
 4.319465641109146e-01 7.896087666044919e-01 8.333333333333335e-01 C
 3.852066879944335e-01 7.744576531075013e-01 8.333333333333335e-01 C
 3.415980741856330e-01 7.518200502914426e-01 8.333333333333335e-01 C
 3.023102519900457e-01 7.223134529493113e-01 8.333333333333335e-01 C
 2.684148907814590e-01 6.867427241386426e-01 8.333333333333335e-01 C
 2.408365676550298e-01 6.460781406154217e-01 8.333333333333335e-01 C
 2.203275473743252e-01 6.014289262135043e-01 8.333333333333335e-01 C
 2.074472625495768e-01 5.540129951099598e-01 8.333333333333335e-01 C
 2.025470537744072e-01 5.051237303011853e-01 8.333333333333335e-01 C
 2.057605859703117e-01 4.560947034863628e-01 8.333333333333335e-01 C
 2.170002023560398e-01 4.082632987078659e-01 8.333333333333335e-01 C
 2.359593154960816e-01 3.629342320008860e-01 8.333333333333335e-01 C
 2.621207702066964e-01 3.213439621411316e-01 8.333333333333335e-01 C
 2.947709502012010e-01 2.846269632726355e-01 8.333333333333335e-01 C
 3.330192436820126e-01 2.537847794104565e-01 8.333333333333335e-01 C
 3.758223369088339e-01 2.296587049307827e-01 8.333333333333335e-01 C
 4.220126730777742e-01 2.129068362534373e-01 8.333333333333335e-01 C
 4.703303002273648e-01 2.039861206870759e-01 8.333333333333335e-01 C
 5.194572394436172e-01 2.031398920977787e-01 8.333333333333335e-01 C
 5.680534358890855e-01 2.103912333955084e-01 8.333333333333335e-01 C
 6.147933120055671e-01 2.255423468924991e-01 8.333333333333335e-01 C
 6.584019258143675e-01 2.481799497085579e-01 8.333333333333335e-01 C
 6.976897480099548e-01 2.776865470506892e-01 8.333333333333335e-01 C
 7.315851092185415e-01 3.132572758613579e-01 8.333333333333335e-01 C
 7.591634323449706e-01 3.539218593845789e-01 8.333333333333335e-01 C
 7.796724526256751e-01 3.985710737864961e-01 8.333333333333335e-01 C
 7.925527374504234e-01 4.459870048900403e-01 8.333333333333335e-01 C
 7.974529462255933e-01 4.948762696988154e-01 8.333333333333335e-01 C
 7.942394140296885e-01 5.439052965136378e-01 5.000000000000000e-01 C
 7.829997976439605e-01 5.917367012921346e-01 5.000000000000000e-01 C
 7.640406845039186e-01 6.370657679991144e-01 5.000000000000000e-01 C
 7.378792297933039e-01 6.786560378588685e-01 5.000000000000000e-01 C
 7.052290497987992e-01 7.153730367273651e-01 5.000000000000000e-01 C
 6.669807563179877e-01 7.462152205895439e-01 5.000000000000000e-01 C
 6.241776630911663e-01 7.703412950692176e-01 5.000000000000000e-01 C
 5.779873269222261e-01 7.870931637465629e-01 5.000000000000000e-01 C
 5.296696997726360e-01 7.960138793129243e-01 5.000000000000000e-01 C
 4.805427605563832e-01 7.968601079022216e-01 5.000000000000000e-01 C
 4.319465641109146e-01 7.896087666044919e-01 5.000000000000000e-01 C
 3.852066879944335e-01 7.744576531075013e-01 5.000000000000000e-01 C
 3.415980741856330e-01 7.518200502914426e-01 5.000000000000000e-01 C
 3.023102519900457e-01 7.223134529493113e-01 5.000000000000000e-01 C
 2.684148907814590e-01 6.867427241386426e-01 5.000000000000000e-01 C
 2.408365676550298e-01 6.460781406154217e-01 5.000000000000000e-01 C
 2.203275473743252e-01 6.014289262135043e-01 5.000000000000000e-01 C
 2.074472625495768e-01 5.540129951099598e-01 5.000000000000000e-01 C
 2.025470537744072e-01 5.051237303011853e-01 5.000000000000000e-01 C
 2.057605859703117e-01 4.560947034863628e-01 5.000000000000000e-01 C
 2.170002023560398e-01 4.082632987078659e-01 5.000000000000000e-01 C
 2.359593154960816e-01 3.629342320008860e-01 5.000000000000000e-01 C
 2.621207702066964e-01 3.213439621411316e-01 5.000000000000000e-01 C
 2.947709502012010e-01 2.846269632726355e-01 5.000000000000000e-01 C
 3.330192436820126e-01 2.537847794104565e-01 5.000000000000000e-01 C
 3.758223369088339e-01 2.296587049307827e-01 5.000000000000000e-01 C
 4.220126730777742e-01 2.129068362534373e-01 5.000000000000000e-01 C
 4.703303002273648e-01 2.039861206870759e-01 5.000000000000000e-01 C
 5.194572394436172e-01 2.031398920977787e-01 5.000000000000000e-01 C
 5.680534358890855e-01 2.103912333955084e-01 5.000000000000000e-01 C
 6.147933120055671e-01 2.255423468924991e-01 5.000000000000000e-01 C
 6.584019258143675e-01 2.481799497085579e-01 5.000000000000000e-01 C
 6.976897480099548e-01 2.776865470506892e-01 5.000000000000000e-01 C
 7.315851092185415e-01 3.132572758613579e-01 5.000000000000000e-01 C
 7.591634323449706e-01 3.539218593845789e-01 5.000000000000000e-01 C
 7.796724526256751e-01 3.985710737864961e-01 5.000000000000000e-01 C
 7.925527374504234e-01 4.459870048900403e-01 5.000000000000000e-01 C
 7.974529462255933e-01 4.948762696988154e-01 5.000000000000000e-01 C
 7.031148106699414e-01 5.133128480403697e-01 0.000000000000000e+00 C
 6.940266903456811e-01 5.615345567135517e-01 0.000000000000000e+00 C
 6.736624440368534e-01 6.061801006195555e-01 0.000000000000000e+00 C
 6.432055677179039e-01 6.446548430265127e-01 0.000000000000000e+00 C
 6.044261043342491e-01 6.747227717557294e-01 0.000000000000000e+00 C
 5.595777753401328e-01 6.946364480819377e-01 0.000000000000000e+00 C
 5.112670025996500e-01 7.032385615203267e-01 0.000000000000000e+00 C
 4.623014326219637e-01 7.000291885052672e-01 0.000000000000000e+00 C
 4.155267663515719e-01 6.851948461307984e-01 0.000000000000000e+00 C
 3.736613773731154e-01 6.595976524550838e-01 0.000000000000000e+00 C
 3.391383299195256e-01 6.247252233325423e-01 0.000000000000000e+00 C
 3.139639780226329e-01 5.826042175876543e-01 0.000000000000000e+00 C
 2.996013635096388e-01 5.356825549706858e-01 0.000000000000000e+00 C
 2.968851893300590e-01 4.866871519596307e-01 0.000000000000000e+00 C
 3.059733096543197e-01 4.384654432864484e-01 0.000000000000000e+00 C
 3.263375559631472e-01 3.938198993804451e-01 0.000000000000000e+00 C
 3.567944322820967e-01 3.553451569734878e-01 0.000000000000000e+00 C
 3.955738956657516e-01 3.252772282442711e-01 0.000000000000000e+00 C
 4.404222246598677e-01 3.053635519180627e-01 0.000000000000000e+00 C
 4.887329974003505e-01 2.967614384796738e-01 0.000000000000000e+00 C
 5.376985673780371e-01 2.999708114947335e-01 0.000000000000000e+00 C
 5.844732336484288e-01 3.148051538692020e-01 0.000000000000000e+00 C
 6.263386226268851e-01 3.404023475449168e-01 0.000000000000000e+00 C
 6.608616700804750e-01 3.752747766674582e-01 0.000000000000000e+00 C
 6.860360219773677e-01 4.173957824123460e-01 0.000000000000000e+00 C
 7.003986364903617e-01 4.643174450293149e-01 0.000000000000000e+00 C
 7.031148106699414e-01 5.133128480403697e-01 3.333333333333335e-01 C
 6.940266903456811e-01 5.615345567135517e-01 3.333333333333335e-01 C
 6.736624440368534e-01 6.061801006195555e-01 3.333333333333335e-01 C
 6.432055677179039e-01 6.446548430265127e-01 3.333333333333335e-01 C
 6.044261043342491e-01 6.747227717557294e-01 3.333333333333335e-01 C
 5.595777753401328e-01 6.946364480819377e-01 3.333333333333335e-01 C
 5.112670025996500e-01 7.032385615203267e-01 3.333333333333335e-01 C
 4.623014326219637e-01 7.000291885052672e-01 3.333333333333335e-01 C
 4.155267663515719e-01 6.851948461307984e-01 3.333333333333335e-01 C
 3.736613773731154e-01 6.595976524550838e-01 3.333333333333335e-01 C
 3.391383299195256e-01 6.247252233325423e-01 3.333333333333335e-01 C
 3.139639780226329e-01 5.826042175876543e-01 3.333333333333335e-01 C
 2.996013635096388e-01 5.356825549706858e-01 3.333333333333335e-01 C
 2.968851893300590e-01 4.866871519596307e-01 3.333333333333335e-01 C
 3.059733096543197e-01 4.384654432864484e-01 3.333333333333335e-01 C
 3.263375559631472e-01 3.938198993804451e-01 3.333333333333335e-01 C
 3.567944322820967e-01 3.553451569734878e-01 3.333333333333335e-01 C
 3.955738956657516e-01 3.252772282442711e-01 3.333333333333335e-01 C
 4.404222246598677e-01 3.053635519180627e-01 3.333333333333335e-01 C
 4.887329974003505e-01 2.967614384796738e-01 3.333333333333335e-01 C
 5.376985673780371e-01 2.999708114947335e-01 3.333333333333335e-01 C
 5.844732336484288e-01 3.148051538692020e-01 3.333333333333335e-01 C
 6.263386226268851e-01 3.404023475449168e-01 3.333333333333335e-01 C
 6.608616700804750e-01 3.752747766674582e-01 3.333333333333335e-01 C
 6.860360219773677e-01 4.173957824123460e-01 3.333333333333335e-01 C
 7.003986364903617e-01 4.643174450293149e-01 3.333333333333335e-01 C
 7.000291885052672e-01 5.376985673780371e-01 8.333333333333337e-01 C
 6.851948461307984e-01 5.844732336484290e-01 8.333333333333337e-01 C
 6.595976524550836e-01 6.263386226268851e-01 8.333333333333337e-01 C
 6.247252233325424e-01 6.608616700804750e-01 8.333333333333337e-01 C
 5.826042175876542e-01 6.860360219773677e-01 8.333333333333337e-01 C
 5.356825549706857e-01 7.003986364903617e-01 8.333333333333337e-01 C
 4.866871519596307e-01 7.031148106699414e-01 8.333333333333337e-01 C
 4.384654432864484e-01 6.940266903456811e-01 8.333333333333337e-01 C
 3.938198993804451e-01 6.736624440368535e-01 8.333333333333337e-01 C
 3.553451569734882e-01 6.432055677179039e-01 8.333333333333337e-01 C
 3.252772282442711e-01 6.044261043342491e-01 8.333333333333337e-01 C
 3.053635519180631e-01 5.595777753401329e-01 8.333333333333337e-01 C
 2.967614384796738e-01 5.112670025996501e-01 8.333333333333337e-01 C
 2.999708114947335e-01 4.623014326219636e-01 8.333333333333337e-01 C
 3.148051538692024e-01 4.155267663515718e-01 8.333333333333337e-01 C
 3.404023475449168e-01 3.736613773731153e-01 8.333333333333337e-01 C
 3.752747766674582e-01 3.391383299195256e-01 8.333333333333337e-01 C
 4.173957824123465e-01 3.139639780226329e-01 8.333333333333337e-01 C
 4.643174450293149e-01 2.996013635096388e-01 8.333333333333337e-01 C
 5.133128480403697e-01 2.968851893300590e-01 8.333333333333337e-01 C
 5.615345567135517e-01 3.059733096543193e-01 8.333333333333337e-01 C
 6.061801006195555e-01 3.263375559631472e-01 8.333333333333337e-01 C
 6.446548430265127e-01 3.567944322820967e-01 8.333333333333337e-01 C
 6.747227717557294e-01 3.955738956657516e-01 8.333333333333337e-01 C
 6.946364480819377e-01 4.404222246598677e-01 8.333333333333337e-01 C
 7.032385615203267e-01 4.887329974003505e-01 8.333333333333337e-01 C
 7.000291885052672e-01 5.376985673780371e-01 5.000000000000000e-01 C
 6.851948461307984e-01 5.844732336484290e-01 5.000000000000000e-01 C
 6.595976524550836e-01 6.263386226268851e-01 5.000000000000000e-01 C
 6.247252233325424e-01 6.608616700804750e-01 5.000000000000000e-01 C
 5.826042175876542e-01 6.860360219773677e-01 5.000000000000000e-01 C
 5.356825549706857e-01 7.003986364903617e-01 5.000000000000000e-01 C
 4.866871519596307e-01 7.031148106699414e-01 5.000000000000000e-01 C
 4.384654432864484e-01 6.940266903456811e-01 5.000000000000000e-01 C
 3.938198993804451e-01 6.736624440368535e-01 5.000000000000000e-01 C
 3.553451569734882e-01 6.432055677179039e-01 5.000000000000000e-01 C
 3.252772282442711e-01 6.044261043342491e-01 5.000000000000000e-01 C
 3.053635519180631e-01 5.595777753401329e-01 5.000000000000000e-01 C
 2.967614384796738e-01 5.112670025996501e-01 5.000000000000000e-01 C
 2.999708114947335e-01 4.623014326219636e-01 5.000000000000000e-01 C
 3.148051538692024e-01 4.155267663515718e-01 5.000000000000000e-01 C
 3.404023475449168e-01 3.736613773731153e-01 5.000000000000000e-01 C
 3.752747766674582e-01 3.391383299195256e-01 5.000000000000000e-01 C
 4.173957824123465e-01 3.139639780226329e-01 5.000000000000000e-01 C
 4.643174450293149e-01 2.996013635096388e-01 5.000000000000000e-01 C
 5.133128480403697e-01 2.968851893300590e-01 5.000000000000000e-01 C
 5.615345567135517e-01 3.059733096543193e-01 5.000000000000000e-01 C
 6.061801006195555e-01 3.263375559631472e-01 5.000000000000000e-01 C
 6.446548430265127e-01 3.567944322820967e-01 5.000000000000000e-01 C
 6.747227717557294e-01 3.955738956657516e-01 5.000000000000000e-01 C
 6.946364480819377e-01 4.404222246598677e-01 5.000000000000000e-01 C
 7.032385615203267e-01 4.887329974003505e-01 5.000000000000000e-01 C
 5.624968648215209e-01 5.040962609354985e-01 0.000000000000000e+00 C
 5.412954630331963e-01 5.470884508031970e-01 0.000000000000000e+00 C
 4.959037390645017e-01 5.624968648215209e-01 0.000000000000000e+00 C
 4.529115491968040e-01 5.412954630331963e-01 0.000000000000000e+00 C
 4.375031351784799e-01 4.959037390645017e-01 0.000000000000000e+00 C
 4.587045369668046e-01 4.529115491968040e-01 0.000000000000000e+00 C
 5.040962609354985e-01 4.375031351784799e-01 0.000000000000000e+00 C
 5.470884508031970e-01 4.587045369668046e-01 0.000000000000000e+00 C
 5.624968648215209e-01 5.040962609354985e-01 3.333333333333335e-01 C
 5.412954630331963e-01 5.470884508031970e-01 3.333333333333335e-01 C
 4.959037390645017e-01 5.624968648215209e-01 3.333333333333335e-01 C
 4.529115491968040e-01 5.412954630331963e-01 3.333333333333335e-01 C
 4.375031351784799e-01 4.959037390645017e-01 3.333333333333335e-01 C
 4.587045369668046e-01 4.529115491968040e-01 3.333333333333335e-01 C
 5.040962609354985e-01 4.375031351784799e-01 3.333333333333335e-01 C
 5.470884508031970e-01 4.587045369668046e-01 3.333333333333335e-01 C
 5.561720030600684e-01 5.277009663800896e-01 8.333333333333338e-01 C
 5.201320631038243e-01 5.593071454493874e-01 8.333333333333338e-01 C
 4.722990336199115e-01 5.561720030600684e-01 8.333333333333338e-01 C
 4.406928545506132e-01 5.201320631038243e-01 8.333333333333338e-01 C
 4.438279969399326e-01 4.722990336199115e-01 8.333333333333338e-01 C
 4.798679368961761e-01 4.406928545506132e-01 8.333333333333338e-01 C
 5.277009663800895e-01 4.438279969399326e-01 8.333333333333338e-01 C
 5.593071454493874e-01 4.798679368961761e-01 8.333333333333338e-01 C
 5.561720030600684e-01 5.277009663800896e-01 5.000000000000000e-01 C
 5.201320631038243e-01 5.593071454493874e-01 5.000000000000000e-01 C
 4.722990336199115e-01 5.561720030600684e-01 5.000000000000000e-01 C
 4.406928545506132e-01 5.201320631038243e-01 5.000000000000000e-01 C
 4.438279969399326e-01 4.722990336199115e-01 5.000000000000000e-01 C
 4.798679368961761e-01 4.406928545506132e-01 5.000000000000000e-01 C
 5.277009663800895e-01 4.438279969399326e-01 5.000000000000000e-01 C
 5.593071454493874e-01 4.798679368961761e-01 5.000000000000000e-01 C
 6.093695134376611e-01 5.071684566371226e-01 0.000000000000000e+00 C
 5.954282499355515e-01 5.539122096967563e-01 0.000000000000000e+00 C
 5.625862511830247e-01 5.899779884360860e-01 0.000000000000000e+00 C
 5.173482778137013e-01 6.082225230580387e-01 0.000000000000000e+00 C
 4.686742652607089e-01 6.050322597262032e-01 0.000000000000000e+00 C
 4.262046986577583e-01 5.810390692194617e-01 0.000000000000000e+00 C
 3.983511965256163e-01 5.409950971748454e-01 0.000000000000000e+00 C
 3.906304865623397e-01 4.928315433628784e-01 0.000000000000000e+00 C
 4.045717500644497e-01 4.460877903032446e-01 0.000000000000000e+00 C
 4.374137488169760e-01 4.100220115639150e-01 0.000000000000000e+00 C
 4.826517221862995e-01 3.917774769419621e-01 0.000000000000000e+00 C
 5.313257347392919e-01 3.949677402737979e-01 0.000000000000000e+00 C
 5.737953013422425e-01 4.189609307805390e-01 0.000000000000000e+00 C
 6.016488034743847e-01 4.590049028251554e-01 0.000000000000000e+00 C
 6.093695134376611e-01 5.071684566371226e-01 3.333333333333335e-01 C
 5.954282499355515e-01 5.539122096967563e-01 3.333333333333335e-01 C
 5.625862511830247e-01 5.899779884360860e-01 3.333333333333335e-01 C
 5.173482778137013e-01 6.082225230580387e-01 3.333333333333335e-01 C
 4.686742652607089e-01 6.050322597262032e-01 3.333333333333335e-01 C
 4.262046986577583e-01 5.810390692194617e-01 3.333333333333335e-01 C
 3.983511965256163e-01 5.409950971748454e-01 3.333333333333335e-01 C
 3.906304865623397e-01 4.928315433628784e-01 3.333333333333335e-01 C
 4.045717500644497e-01 4.460877903032446e-01 3.333333333333335e-01 C
 4.374137488169760e-01 4.100220115639150e-01 3.333333333333335e-01 C
 4.826517221862995e-01 3.917774769419621e-01 3.333333333333335e-01 C
 5.313257347392919e-01 3.949677402737979e-01 3.333333333333335e-01 C
 5.737953013422425e-01 4.189609307805390e-01 3.333333333333335e-01 C
 6.016488034743847e-01 4.590049028251554e-01 3.333333333333335e-01 C
 6.050322597262032e-01 5.313257347392919e-01 8.333333333333338e-01 C
 5.810390692194618e-01 5.737953013422427e-01 8.333333333333338e-01 C
 5.409950971748454e-01 6.016488034743847e-01 8.333333333333338e-01 C
 4.928315433628784e-01 6.093695134376611e-01 8.333333333333338e-01 C
 4.460877903032446e-01 5.954282499355515e-01 8.333333333333338e-01 C
 4.100220115639150e-01 5.625862511830249e-01 8.333333333333338e-01 C
 3.917774769419621e-01 5.173482778137013e-01 8.333333333333338e-01 C
 3.949677402737979e-01 4.686742652607089e-01 8.333333333333338e-01 C
 4.189609307805390e-01 4.262046986577583e-01 8.333333333333338e-01 C
 4.590049028251554e-01 3.983511965256163e-01 8.333333333333338e-01 C
 5.071684566371227e-01 3.906304865623397e-01 8.333333333333338e-01 C
 5.539122096967563e-01 4.045717500644497e-01 8.333333333333338e-01 C
 5.899779884360860e-01 4.374137488169760e-01 8.333333333333338e-01 C
 6.082225230580387e-01 4.826517221862995e-01 8.333333333333338e-01 C
 6.050322597262032e-01 5.313257347392919e-01 5.000000000000000e-01 C
 5.810390692194618e-01 5.737953013422427e-01 5.000000000000000e-01 C
 5.409950971748454e-01 6.016488034743847e-01 5.000000000000000e-01 C
 4.928315433628784e-01 6.093695134376611e-01 5.000000000000000e-01 C
 4.460877903032446e-01 5.954282499355515e-01 5.000000000000000e-01 C
 4.100220115639150e-01 5.625862511830249e-01 5.000000000000000e-01 C
 3.917774769419621e-01 5.173482778137013e-01 5.000000000000000e-01 C
 3.949677402737979e-01 4.686742652607089e-01 5.000000000000000e-01 C
 4.189609307805390e-01 4.262046986577583e-01 5.000000000000000e-01 C
 4.590049028251554e-01 3.983511965256163e-01 5.000000000000000e-01 C
 5.071684566371227e-01 3.906304865623397e-01 5.000000000000000e-01 C
 5.539122096967563e-01 4.045717500644497e-01 5.000000000000000e-01 C
 5.899779884360860e-01 4.374137488169760e-01 5.000000000000000e-01 C
 6.082225230580387e-01 4.826517221862995e-01 5.000000000000000e-01 C
 6.562421620538013e-01 5.102406523387463e-01 0.000000000000000e+00 C
 6.454305907351531e-01 5.580209224503868e-01 0.000000000000000e+00 C
 6.203832599208406e-01 6.001217004170462e-01 0.000000000000000e+00 C
 5.835519768659845e-01 6.324218687579790e-01 0.000000000000000e+00 C
 5.385420441746323e-01 6.517596619474690e-01 0.000000000000000e+00 C
 4.897593476612547e-01 6.562421620538013e-01 0.000000000000000e+00 C
 4.419790775496143e-01 6.454305907351531e-01 0.000000000000000e+00 C
 3.998782995829547e-01 6.203832599208409e-01 0.000000000000000e+00 C
 3.675781312420219e-01 5.835519768659846e-01 0.000000000000000e+00 C
 3.482403380525316e-01 5.385420441746323e-01 0.000000000000000e+00 C
 3.437578379461996e-01 4.897593476612547e-01 0.000000000000000e+00 C
 3.545694092648475e-01 4.419790775496143e-01 0.000000000000000e+00 C
 3.796167400791602e-01 3.998782995829547e-01 0.000000000000000e+00 C
 4.164480231340166e-01 3.675781312420219e-01 0.000000000000000e+00 C
 4.614579558253687e-01 3.482403380525316e-01 0.000000000000000e+00 C
 5.102406523387463e-01 3.437578379461996e-01 0.000000000000000e+00 C
 5.580209224503863e-01 3.545694092648475e-01 0.000000000000000e+00 C
 6.001217004170462e-01 3.796167400791602e-01 0.000000000000000e+00 C
 6.324218687579789e-01 4.164480231340161e-01 0.000000000000000e+00 C
 6.517596619474690e-01 4.614579558253687e-01 0.000000000000000e+00 C
 6.562421620538013e-01 5.102406523387463e-01 3.333333333333335e-01 C
 6.454305907351531e-01 5.580209224503868e-01 3.333333333333335e-01 C
 6.203832599208406e-01 6.001217004170462e-01 3.333333333333335e-01 C
 5.835519768659845e-01 6.324218687579790e-01 3.333333333333335e-01 C
 5.385420441746323e-01 6.517596619474690e-01 3.333333333333335e-01 C
 4.897593476612547e-01 6.562421620538013e-01 3.333333333333335e-01 C
 4.419790775496143e-01 6.454305907351531e-01 3.333333333333335e-01 C
 3.998782995829547e-01 6.203832599208409e-01 3.333333333333335e-01 C
 3.675781312420219e-01 5.835519768659846e-01 3.333333333333335e-01 C
 3.482403380525316e-01 5.385420441746323e-01 3.333333333333335e-01 C
 3.437578379461996e-01 4.897593476612547e-01 3.333333333333335e-01 C
 3.545694092648475e-01 4.419790775496143e-01 3.333333333333335e-01 C
 3.796167400791602e-01 3.998782995829547e-01 3.333333333333335e-01 C
 4.164480231340166e-01 3.675781312420219e-01 3.333333333333335e-01 C
 4.614579558253687e-01 3.482403380525316e-01 3.333333333333335e-01 C
 5.102406523387463e-01 3.437578379461996e-01 3.333333333333335e-01 C
 5.580209224503863e-01 3.545694092648475e-01 3.333333333333335e-01 C
 6.001217004170462e-01 3.796167400791602e-01 3.333333333333335e-01 C
 6.324218687579789e-01 4.164480231340161e-01 3.333333333333335e-01 C
 6.517596619474690e-01 4.614579558253687e-01 3.333333333333335e-01 C
 6.527165707996410e-01 5.345562319526831e-01 8.333333333333338e-01 C
 6.345636268703071e-01 5.800569452769601e-01 8.333333333333338e-01 C
 6.032386575829896e-01 6.177211270079915e-01 8.333333333333338e-01 C
 5.618079691854255e-01 6.438619446161594e-01 8.333333333333338e-01 C
 5.143270861225482e-01 6.559205527401902e-01 8.333333333333338e-01 C
 4.654437680473177e-01 6.527165707996410e-01 8.333333333333338e-01 C
 4.199430547230409e-01 6.345636268703072e-01 8.333333333333338e-01 C
 3.822788729920092e-01 6.032386575829896e-01 8.333333333333338e-01 C
 3.561380553838416e-01 5.618079691854255e-01 8.333333333333338e-01 C
 3.440794472598104e-01 5.143270861225482e-01 8.333333333333338e-01 C
 3.472834292003600e-01 4.654437680473177e-01 8.333333333333338e-01 C
 3.654363731296937e-01 4.199430547230409e-01 8.333333333333338e-01 C
 3.967613424170109e-01 3.822788729920092e-01 8.333333333333338e-01 C
 4.381920308145751e-01 3.561380553838412e-01 8.333333333333338e-01 C
 4.856729138774524e-01 3.440794472598104e-01 8.333333333333338e-01 C
 5.345562319526831e-01 3.472834292003600e-01 8.333333333333338e-01 C
 5.800569452769599e-01 3.654363731296937e-01 8.333333333333338e-01 C
 6.177211270079915e-01 3.967613424170113e-01 8.333333333333338e-01 C
 6.438619446161592e-01 4.381920308145750e-01 8.333333333333338e-01 C
 6.559205527401902e-01 4.856729138774524e-01 8.333333333333338e-01 C
 6.527165707996410e-01 5.345562319526831e-01 5.000000000000000e-01 C
 6.345636268703071e-01 5.800569452769601e-01 5.000000000000000e-01 C
 6.032386575829896e-01 6.177211270079915e-01 5.000000000000000e-01 C
 5.618079691854255e-01 6.438619446161594e-01 5.000000000000000e-01 C
 5.143270861225482e-01 6.559205527401902e-01 5.000000000000000e-01 C
 4.654437680473177e-01 6.527165707996410e-01 5.000000000000000e-01 C
 4.199430547230409e-01 6.345636268703072e-01 5.000000000000000e-01 C
 3.822788729920092e-01 6.032386575829896e-01 5.000000000000000e-01 C
 3.561380553838416e-01 5.618079691854255e-01 5.000000000000000e-01 C
 3.440794472598104e-01 5.143270861225482e-01 5.000000000000000e-01 C
 3.472834292003600e-01 4.654437680473177e-01 5.000000000000000e-01 C
 3.654363731296937e-01 4.199430547230409e-01 5.000000000000000e-01 C
 3.967613424170109e-01 3.822788729920092e-01 5.000000000000000e-01 C
 4.381920308145751e-01 3.561380553838412e-01 5.000000000000000e-01 C
 4.856729138774524e-01 3.440794472598104e-01 5.000000000000000e-01 C
 5.345562319526831e-01 3.472834292003600e-01 5.000000000000000e-01 C
 5.800569452769599e-01 3.654363731296937e-01 5.000000000000000e-01 C
 6.177211270079915e-01 3.967613424170113e-01 5.000000000000000e-01 C
 6.438619446161592e-01 4.381920308145750e-01 5.000000000000000e-01 C
 6.559205527401902e-01 4.856729138774524e-01 5.000000000000000e-01 C
 7.499874592860815e-01 5.163850437419935e-01 0.000000000000000e+00 C
 7.419874568933168e-01 5.648403436530256e-01 0.000000000000000e+00 C
 7.246880122402712e-01 6.108038655203556e-01 0.000000000000000e+00 C
 6.987539332833210e-01 6.525092569752620e-01 0.000000000000000e+00 C
 6.651818521327827e-01 6.883538032127857e-01 0.000000000000000e+00 C
 6.252619250398314e-01 7.169600184228720e-01 0.000000000000000e+00 C
 5.805282524152965e-01 7.372285817975474e-01 0.000000000000000e+00 C
 5.326999242112057e-01 7.483805838130642e-01 0.000000000000000e+00 C
 4.836149562580070e-01 7.499874592860815e-01 0.000000000000000e+00 C
 4.351596563469752e-01 7.419874568933168e-01 0.000000000000000e+00 C
 3.891961344796447e-01 7.246880122402711e-01 0.000000000000000e+00 C
 3.474907430247385e-01 6.987539332833210e-01 0.000000000000000e+00 C
 3.116461967872148e-01 6.651818521327827e-01 0.000000000000000e+00 C
 2.830399815771283e-01 6.252619250398314e-01 0.000000000000000e+00 C
 2.627714182024530e-01 5.805282524152965e-01 0.000000000000000e+00 C
 2.516194161869362e-01 5.326999242112057e-01 0.000000000000000e+00 C
 2.500125407139190e-01 4.836149562580070e-01 0.000000000000000e+00 C
 2.580125431066836e-01 4.351596563469750e-01 0.000000000000000e+00 C
 2.753119877597291e-01 3.891961344796452e-01 0.000000000000000e+00 C
 3.012460667166795e-01 3.474907430247385e-01 0.000000000000000e+00 C
 3.348181478672176e-01 3.116461967872148e-01 0.000000000000000e+00 C
 3.747380749601690e-01 2.830399815771287e-01 0.000000000000000e+00 C
 4.194717475847043e-01 2.627714182024530e-01 0.000000000000000e+00 C
 4.673000757887947e-01 2.516194161869362e-01 0.000000000000000e+00 C
 5.163850437419936e-01 2.500125407139190e-01 0.000000000000000e+00 C
 5.648403436530254e-01 2.580125431066836e-01 0.000000000000000e+00 C
 6.108038655203557e-01 2.753119877597293e-01 0.000000000000000e+00 C
 6.525092569752620e-01 3.012460667166795e-01 0.000000000000000e+00 C
 6.883538032127857e-01 3.348181478672180e-01 0.000000000000000e+00 C
 7.169600184228719e-01 3.747380749601690e-01 0.000000000000000e+00 C
 7.372285817975474e-01 4.194717475847043e-01 0.000000000000000e+00 C
 7.483805838130642e-01 4.673000757887947e-01 0.000000000000000e+00 C
 7.499874592860815e-01 5.163850437419935e-01 3.333333333333335e-01 C
 7.419874568933168e-01 5.648403436530256e-01 3.333333333333335e-01 C
 7.246880122402712e-01 6.108038655203556e-01 3.333333333333335e-01 C
 6.987539332833210e-01 6.525092569752620e-01 3.333333333333335e-01 C
 6.651818521327827e-01 6.883538032127857e-01 3.333333333333335e-01 C
 6.252619250398314e-01 7.169600184228720e-01 3.333333333333335e-01 C
 5.805282524152965e-01 7.372285817975474e-01 3.333333333333335e-01 C
 5.326999242112057e-01 7.483805838130642e-01 3.333333333333335e-01 C
 4.836149562580070e-01 7.499874592860815e-01 3.333333333333335e-01 C
 4.351596563469752e-01 7.419874568933168e-01 3.333333333333335e-01 C
 3.891961344796447e-01 7.246880122402711e-01 3.333333333333335e-01 C
 3.474907430247385e-01 6.987539332833210e-01 3.333333333333335e-01 C
 3.116461967872148e-01 6.651818521327827e-01 3.333333333333335e-01 C
 2.830399815771283e-01 6.252619250398314e-01 3.333333333333335e-01 C
 2.627714182024530e-01 5.805282524152965e-01 3.333333333333335e-01 C
 2.516194161869362e-01 5.326999242112057e-01 3.333333333333335e-01 C
 2.500125407139190e-01 4.836149562580070e-01 3.333333333333335e-01 C
 2.580125431066836e-01 4.351596563469750e-01 3.333333333333335e-01 C
 2.753119877597291e-01 3.891961344796452e-01 3.333333333333335e-01 C
 3.012460667166795e-01 3.474907430247385e-01 3.333333333333335e-01 C
 3.348181478672176e-01 3.116461967872148e-01 3.333333333333335e-01 C
 3.747380749601690e-01 2.830399815771287e-01 3.333333333333335e-01 C
 4.194717475847043e-01 2.627714182024530e-01 3.333333333333335e-01 C
 4.673000757887947e-01 2.516194161869362e-01 3.333333333333335e-01 C
 5.163850437419936e-01 2.500125407139190e-01 3.333333333333335e-01 C
 5.648403436530254e-01 2.580125431066836e-01 3.333333333333335e-01 C
 6.108038655203557e-01 2.753119877597293e-01 3.333333333333335e-01 C
 6.525092569752620e-01 3.012460667166795e-01 3.333333333333335e-01 C
 6.883538032127857e-01 3.348181478672180e-01 3.333333333333335e-01 C
 7.169600184228719e-01 3.747380749601690e-01 3.333333333333335e-01 C
 7.372285817975474e-01 4.194717475847043e-01 3.333333333333335e-01 C
 7.483805838130642e-01 4.673000757887947e-01 3.333333333333335e-01 C
 7.471776862093310e-01 5.408092011553618e-01 8.333333333333336e-01 C
 7.344667560836200e-01 5.882470381959732e-01 8.333333333333336e-01 C
 7.127454000120872e-01 6.322935910482226e-01 8.333333333333336e-01 C
 6.828483575270846e-01 6.712561753875893e-01 8.333333333333336e-01 C
 6.459245552048566e-01 7.036374809483805e-01 8.333333333333336e-01 C
 6.033929540615393e-01 7.281931123175407e-01 8.333333333333336e-01 C
 5.568880196770736e-01 7.439794103525095e-01 8.333333333333336e-01 C
 5.081969105995868e-01 7.503897164728609e-01 8.333333333333336e-01 C
 4.591907988446385e-01 7.471776862093310e-01 8.333333333333336e-01 C
 4.117529618040274e-01 7.344667560836200e-01 8.333333333333336e-01 C
 3.677064089517780e-01 7.127454000120872e-01 8.333333333333336e-01 C
 3.287438246124111e-01 6.828483575270846e-01 8.333333333333336e-01 C
 2.963625190516200e-01 6.459245552048566e-01 8.333333333333336e-01 C
 2.718068876824600e-01 6.033929540615394e-01 8.333333333333336e-01 C
 2.560205896474911e-01 5.568880196770736e-01 8.333333333333336e-01 C
 2.496102835271396e-01 5.081969105995872e-01 8.333333333333336e-01 C
 2.528223137906694e-01 4.591907988446386e-01 8.333333333333336e-01 C
 2.655332439163804e-01 4.117529618040274e-01 8.333333333333336e-01 C
 2.872545999879131e-01 3.677064089517780e-01 8.333333333333336e-01 C
 3.171516424729158e-01 3.287438246124111e-01 8.333333333333336e-01 C
 3.540754447951441e-01 2.963625190516200e-01 8.333333333333336e-01 C
 3.966070459384612e-01 2.718068876824600e-01 8.333333333333336e-01 C
 4.431119803229270e-01 2.560205896474911e-01 8.333333333333336e-01 C
 4.918030894004135e-01 2.496102835271395e-01 8.333333333333336e-01 C
 5.408092011553618e-01 2.528223137906694e-01 8.333333333333336e-01 C
 5.882470381959730e-01 2.655332439163804e-01 8.333333333333336e-01 C
 6.322935910482226e-01 2.872545999879135e-01 8.333333333333336e-01 C
 6.712561753875892e-01 3.171516424729158e-01 8.333333333333336e-01 C
 7.036374809483805e-01 3.540754447951441e-01 8.333333333333336e-01 C
 7.281931123175407e-01 3.966070459384612e-01 8.333333333333336e-01 C
 7.439794103525095e-01 4.431119803229270e-01 8.333333333333336e-01 C
 7.503897164728609e-01 4.918030894004135e-01 8.333333333333336e-01 C
 7.471776862093310e-01 5.408092011553618e-01 5.000000000000000e-01 C
 7.344667560836200e-01 5.882470381959732e-01 5.000000000000000e-01 C
 7.127454000120872e-01 6.322935910482226e-01 5.000000000000000e-01 C
 6.828483575270846e-01 6.712561753875893e-01 5.000000000000000e-01 C
 6.459245552048566e-01 7.036374809483805e-01 5.000000000000000e-01 C
 6.033929540615393e-01 7.281931123175407e-01 5.000000000000000e-01 C
 5.568880196770736e-01 7.439794103525095e-01 5.000000000000000e-01 C
 5.081969105995868e-01 7.503897164728609e-01 5.000000000000000e-01 C
 4.591907988446385e-01 7.471776862093310e-01 5.000000000000000e-01 C
 4.117529618040274e-01 7.344667560836200e-01 5.000000000000000e-01 C
 3.677064089517780e-01 7.127454000120872e-01 5.000000000000000e-01 C
 3.287438246124111e-01 6.828483575270846e-01 5.000000000000000e-01 C
 2.963625190516200e-01 6.459245552048566e-01 5.000000000000000e-01 C
 2.718068876824600e-01 6.033929540615394e-01 5.000000000000000e-01 C
 2.560205896474911e-01 5.568880196770736e-01 5.000000000000000e-01 C
 2.496102835271396e-01 5.081969105995872e-01 5.000000000000000e-01 C
 2.528223137906694e-01 4.591907988446386e-01 5.000000000000000e-01 C
 2.655332439163804e-01 4.117529618040274e-01 5.000000000000000e-01 C
 2.872545999879131e-01 3.677064089517780e-01 5.000000000000000e-01 C
 3.171516424729158e-01 3.287438246124111e-01 5.000000000000000e-01 C
 3.540754447951441e-01 2.963625190516200e-01 5.000000000000000e-01 C
 3.966070459384612e-01 2.718068876824600e-01 5.000000000000000e-01 C
 4.431119803229270e-01 2.560205896474911e-01 5.000000000000000e-01 C
 4.918030894004135e-01 2.496102835271395e-01 5.000000000000000e-01 C
 5.408092011553618e-01 2.528223137906694e-01 5.000000000000000e-01 C
 5.882470381959730e-01 2.655332439163804e-01 5.000000000000000e-01 C
 6.322935910482226e-01 2.872545999879135e-01 5.000000000000000e-01 C
 6.712561753875892e-01 3.171516424729158e-01 5.000000000000000e-01 C
 7.036374809483805e-01 3.540754447951441e-01 5.000000000000000e-01 C
 7.281931123175407e-01 3.966070459384612e-01 5.000000000000000e-01 C
 7.439794103525095e-01 4.431119803229270e-01 5.000000000000000e-01 C
 7.503897164728609e-01 4.918030894004135e-01 5.000000000000000e-01 C
