 C
 AIREBO 
 132
 1.024875e+01
 4.878643737041103e+00 0.000000000000000e+00 0.000000000000000e+00
 0.000000000000000e+00 4.878643737041103e+00 0.000000000000000e+00
 0.000000000000000e+00 0.000000000000000e+00 4.156604463959019e-01
 fra
 7.577995673887712e-01 5.168970763589305e-01 0.000000000000000e+00 C
 7.499430006339649e-01 5.653806131005734e-01 0.000000000000000e+00 C
 7.330528426161110e-01 6.115011241372357e-01 0.000000000000000e+00 C
 7.077395476528522e-01 6.535916940342331e-01 0.000000000000000e+00 C
 6.749180041773070e-01 6.901310599295778e-01 0.000000000000000e+00 C
 6.357744682863795e-01 7.197985939374227e-01 0.000000000000000e+00 C
 5.917236893546556e-01 7.415220340807185e-01 0.000000000000000e+00 C
 5.443577773059128e-01 7.545162386328151e-01 0.000000000000000e+00 C
 4.953886596122727e-01 7.583115631851304e-01 0.000000000000000e+00 C
 4.465862077749755e-01 7.527708348197216e-01 0.000000000000000e+00 C
 3.997142695569687e-01 7.380943098959418e-01 0.000000000000000e+00 C
 3.564669189290952e-01 7.148124362638489e-01 0.000000000000000e+00 C
 3.184072278229194e-01 6.837666814968371e-01 0.000000000000000e+00 C
 2.869107726385761e-01 6.460791200611109e-01 0.000000000000000e+00 C
 2.631159173296413e-01 6.031118786209414e-01 0.000000000000000e+00 C
 2.478826699638706e-01 5.564179052320316e-01 0.000000000000000e+00 C
 2.417615997909019e-01 5.076848417526179e-01 0.000000000000000e+00 C
 2.449739382350791e-01 4.586740280696046e-01 0.000000000000000e+00 C
 2.574035830153633e-01 4.111568426859258e-01 0.000000000000000e+00 C
 2.786012943842714e-01 3.668506804861660e-01 0.000000000000000e+00 C
 3.078009318228333e-01 3.273568816108041e-01 0.000000000000000e+00 C
 3.439471443551053e-01 2.941028548512856e-01 0.000000000000000e+00 C
 3.857335136821338e-01 2.682904873772206e-01 0.000000000000000e+00 C
 4.316497715431158e-01 2.508527054025896e-01 0.000000000000000e+00 C
 4.800363847453130e-01 2.424197558016533e-01 0.000000000000000e+00 C
 5.291445350175068e-01 2.432964273448256e-01 0.000000000000000e+00 C
 5.771993258588225e-01 2.534510348383907e-01 0.000000000000000e+00 C
 6.224639319227189e-01 2.725165643099595e-01 0.000000000000000e+00 C
 6.633023724102652e-01 2.998039378496767e-01 0.000000000000000e+00 C
 6.982386396787242e-01 3.343269186812594e-01 0.000000000000000e+00 C
 7.260100460034558e-01 3.748377563287039e-01 0.000000000000000e+00 C
 7.456128604021914e-01 4.198722835694744e-01 0.000000000000000e+00 C
 7.563385860879259e-01 4.678028352527729e-01 0.000000000000000e+00 C
 7.577995673887712e-01 5.168970763589305e-01 3.333333333333334e-01 C
 7.499430006339649e-01 5.653806131005734e-01 3.333333333333334e-01 C
 7.330528426161110e-01 6.115011241372357e-01 3.333333333333334e-01 C
 7.077395476528522e-01 6.535916940342331e-01 3.333333333333334e-01 C
 6.749180041773070e-01 6.901310599295778e-01 3.333333333333334e-01 C
 6.357744682863795e-01 7.197985939374227e-01 3.333333333333334e-01 C
 5.917236893546556e-01 7.415220340807185e-01 3.333333333333334e-01 C
 5.443577773059128e-01 7.545162386328151e-01 3.333333333333334e-01 C
 4.953886596122727e-01 7.583115631851304e-01 3.333333333333334e-01 C
 4.465862077749755e-01 7.527708348197216e-01 3.333333333333334e-01 C
 3.997142695569687e-01 7.380943098959418e-01 3.333333333333334e-01 C
 3.564669189290952e-01 7.148124362638489e-01 3.333333333333334e-01 C
 3.184072278229194e-01 6.837666814968371e-01 3.333333333333334e-01 C
 2.869107726385761e-01 6.460791200611109e-01 3.333333333333334e-01 C
 2.631159173296413e-01 6.031118786209414e-01 3.333333333333334e-01 C
 2.478826699638706e-01 5.564179052320316e-01 3.333333333333334e-01 C
 2.417615997909019e-01 5.076848417526179e-01 3.333333333333334e-01 C
 2.449739382350791e-01 4.586740280696046e-01 3.333333333333334e-01 C
 2.574035830153633e-01 4.111568426859258e-01 3.333333333333334e-01 C
 2.786012943842714e-01 3.668506804861660e-01 3.333333333333334e-01 C
 3.078009318228333e-01 3.273568816108041e-01 3.333333333333334e-01 C
 3.439471443551053e-01 2.941028548512856e-01 3.333333333333334e-01 C
 3.857335136821338e-01 2.682904873772206e-01 3.333333333333334e-01 C
 4.316497715431158e-01 2.508527054025896e-01 3.333333333333334e-01 C
 4.800363847453130e-01 2.424197558016533e-01 3.333333333333334e-01 C
 5.291445350175068e-01 2.432964273448256e-01 3.333333333333334e-01 C
 5.771993258588225e-01 2.534510348383907e-01 3.333333333333334e-01 C
 6.224639319227189e-01 2.725165643099595e-01 3.333333333333334e-01 C
 6.633023724102652e-01 2.998039378496767e-01 3.333333333333334e-01 C
 6.982386396787242e-01 3.343269186812594e-01 3.333333333333334e-01 C
 7.260100460034558e-01 3.748377563287039e-01 3.333333333333334e-01 C
 7.456128604021914e-01 4.198722835694744e-01 3.333333333333334e-01 C
 7.563385860879259e-01 4.678028352527729e-01 3.333333333333334e-01 C
 7.550260617649210e-01 5.413259719303953e-01 8.333333333333333e-01 C
 7.425964169846366e-01 5.888431573140744e-01 8.333333333333333e-01 C
 7.213987056157285e-01 6.331493195138342e-01 8.333333333333333e-01 C
 6.921990681771668e-01 6.726431183891958e-01 8.333333333333333e-01 C
 6.560528556448946e-01 7.058971451487144e-01 8.333333333333333e-01 C
 6.142664863178664e-01 7.317095126227794e-01 8.333333333333333e-01 C
 5.683502284568843e-01 7.491472945974104e-01 8.333333333333333e-01 C
 5.199636152546872e-01 7.575802441983467e-01 8.333333333333333e-01 C
 4.708554649824934e-01 7.567035726551744e-01 8.333333333333333e-01 C
 4.228006741411777e-01 7.465489651616093e-01 8.333333333333333e-01 C
 3.775360680772815e-01 7.274834356900407e-01 8.333333333333333e-01 C
 3.366976275897346e-01 7.001960621503233e-01 8.333333333333333e-01 C
 3.017613603212761e-01 6.656730813187409e-01 8.333333333333333e-01 C
 2.739899539965443e-01 6.251622436712961e-01 8.333333333333333e-01 C
 2.543871395978087e-01 5.801277164305259e-01 8.333333333333333e-01 C
 2.436614139120741e-01 5.321971647472273e-01 8.333333333333333e-01 C
 2.422004326112288e-01 4.831029236410696e-01 8.333333333333333e-01 C
 2.500569993660350e-01 4.346193868994266e-01 8.333333333333333e-01 C
 2.669471573838890e-01 3.884988758627643e-01 8.333333333333333e-01 C
 2.922604523471479e-01 3.464083059657669e-01 8.333333333333333e-01 C
 3.250819958226929e-01 3.098689400704223e-01 8.333333333333333e-01 C
 3.642255317136206e-01 2.802014060625773e-01 8.333333333333333e-01 C
 4.082763106453446e-01 2.584779659192815e-01 8.333333333333333e-01 C
 4.556422226940872e-01 2.454837613671848e-01 8.333333333333333e-01 C
 5.046113403877273e-01 2.416884368148697e-01 8.333333333333333e-01 C
 5.534137922250246e-01 2.472291651802784e-01 8.333333333333333e-01 C
 6.002857304430315e-01 2.619056901040583e-01 8.333333333333333e-01 C
 6.435330810709047e-01 2.851875637361510e-01 8.333333333333333e-01 C
 6.815927721770809e-01 3.162333185031631e-01 8.333333333333333e-01 C
 7.130892273614240e-01 3.539208799388890e-01 8.333333333333333e-01 C
 7.368840826703589e-01 3.968881213790589e-01 8.333333333333333e-01 C
 7.521173300361295e-01 4.435820947679684e-01 8.333333333333333e-01 C
 7.582384002090982e-01 4.923151582473825e-01 8.333333333333333e-01 C
 7.550260617649210e-01 5.413259719303953e-01 5.000000000000000e-01 C
 7.425964169846366e-01 5.888431573140744e-01 5.000000000000000e-01 C
 7.213987056157285e-01 6.331493195138342e-01 5.000000000000000e-01 C
 6.921990681771668e-01 6.726431183891958e-01 5.000000000000000e-01 C
 6.560528556448946e-01 7.058971451487144e-01 5.000000000000000e-01 C
 6.142664863178664e-01 7.317095126227794e-01 5.000000000000000e-01 C
 5.683502284568843e-01 7.491472945974104e-01 5.000000000000000e-01 C
 5.199636152546872e-01 7.575802441983467e-01 5.000000000000000e-01 C
 4.708554649824934e-01 7.567035726551744e-01 5.000000000000000e-01 C
 4.228006741411777e-01 7.465489651616093e-01 5.000000000000000e-01 C
 3.775360680772815e-01 7.274834356900407e-01 5.000000000000000e-01 C
 3.366976275897346e-01 7.001960621503233e-01 5.000000000000000e-01 C
 3.017613603212761e-01 6.656730813187409e-01 5.000000000000000e-01 C
 2.739899539965443e-01 6.251622436712961e-01 5.000000000000000e-01 C
 2.543871395978087e-01 5.801277164305259e-01 5.000000000000000e-01 C
 2.436614139120741e-01 5.321971647472273e-01 5.000000000000000e-01 C
 2.422004326112288e-01 4.831029236410696e-01 5.000000000000000e-01 C
 2.500569993660350e-01 4.346193868994266e-01 5.000000000000000e-01 C
 2.669471573838890e-01 3.884988758627643e-01 5.000000000000000e-01 C
 2.922604523471479e-01 3.464083059657669e-01 5.000000000000000e-01 C
 3.250819958226929e-01 3.098689400704223e-01 5.000000000000000e-01 C
 3.642255317136206e-01 2.802014060625773e-01 5.000000000000000e-01 C
 4.082763106453446e-01 2.584779659192815e-01 5.000000000000000e-01 C
 4.556422226940872e-01 2.454837613671848e-01 5.000000000000000e-01 C
 5.046113403877273e-01 2.416884368148697e-01 5.000000000000000e-01 C
 5.534137922250246e-01 2.472291651802784e-01 5.000000000000000e-01 C
 6.002857304430315e-01 2.619056901040583e-01 5.000000000000000e-01 C
 6.435330810709047e-01 2.851875637361510e-01 5.000000000000000e-01 C
 6.815927721770809e-01 3.162333185031631e-01 5.000000000000000e-01 C
 7.130892273614240e-01 3.539208799388890e-01 5.000000000000000e-01 C
 7.368840826703589e-01 3.968881213790589e-01 5.000000000000000e-01 C
 7.521173300361295e-01 4.435820947679684e-01 5.000000000000000e-01 C
 7.582384002090982e-01 4.923151582473825e-01 5.000000000000000e-01 C
