 C
 AIREBO 
 560
 1.024875e+01
 4.878643737041103e+00 0.000000000000000e+00 0.000000000000000e+00
 0.000000000000000e+00 4.878643737041103e+00 0.000000000000000e+00
 0.000000000000000e+00 0.000000000000000e+00 4.156604463959019e-01
 fra
 7.968601079022215e-01 5.194572394436170e-01 0.000000000000000e+00 C
 7.896087666044916e-01 5.680534358890855e-01 0.000000000000000e+00 C
 7.744576531075011e-01 6.147933120055670e-01 0.000000000000000e+00 C
 7.518200502914423e-01 6.584019258143673e-01 0.000000000000000e+00 C
 7.223134529493112e-01 6.976897480099545e-01 0.000000000000000e+00 C
 6.867427241386423e-01 7.315851092185415e-01 0.000000000000000e+00 C
 6.460781406154215e-01 7.591634323449703e-01 0.000000000000000e+00 C
 6.014289262135043e-01 7.796724526256749e-01 0.000000000000000e+00 C
 5.540129951099597e-01 7.925527374504232e-01 0.000000000000000e+00 C
 5.051237303011853e-01 7.974529462255929e-01 0.000000000000000e+00 C
 4.560947034863624e-01 7.942394140296883e-01 0.000000000000000e+00 C
 4.082632987078657e-01 7.829997976439603e-01 0.000000000000000e+00 C
 3.629342320008860e-01 7.640406845039185e-01 0.000000000000000e+00 C
 3.213439621411316e-01 7.378792297933037e-01 0.000000000000000e+00 C
 2.846269632726353e-01 7.052290497987991e-01 0.000000000000000e+00 C
 2.537847794104565e-01 6.669807563179875e-01 0.000000000000000e+00 C
 2.296587049307827e-01 6.241776630911662e-01 0.000000000000000e+00 C
 2.129068362534374e-01 5.779873269222260e-01 0.000000000000000e+00 C
 2.039861206870759e-01 5.296696997726360e-01 0.000000000000000e+00 C
 2.031398920977787e-01 4.805427605563832e-01 0.000000000000000e+00 C
 2.103912333955084e-01 4.319465641109146e-01 0.000000000000000e+00 C
 2.255423468924989e-01 3.852066879944335e-01 0.000000000000000e+00 C
 2.481799497085578e-01 3.415980741856330e-01 0.000000000000000e+00 C
 2.776865470506891e-01 3.023102519900457e-01 0.000000000000000e+00 C
 3.132572758613578e-01 2.684148907814587e-01 0.000000000000000e+00 C
 3.539218593845789e-01 2.408365676550298e-01 0.000000000000000e+00 C
 3.985710737864961e-01 2.203275473743252e-01 0.000000000000000e+00 C
 4.459870048900403e-01 2.074472625495770e-01 0.000000000000000e+00 C
 4.948762696988150e-01 2.025470537744072e-01 0.000000000000000e+00 C
 5.439052965136379e-01 2.057605859703118e-01 0.000000000000000e+00 C
 5.917367012921347e-01 2.170002023560398e-01 0.000000000000000e+00 C
 6.370657679991144e-01 2.359593154960817e-01 0.000000000000000e+00 C
 6.786560378588683e-01 2.621207702066963e-01 0.000000000000000e+00 C
 7.153730367273652e-01 2.947709502012011e-01 0.000000000000000e+00 C
 7.462152205895439e-01 3.330192436820127e-01 0.000000000000000e+00 C
 7.703412950692174e-01 3.758223369088343e-01 0.000000000000000e+00 C
 7.870931637465628e-01 4.220126730777742e-01 0.000000000000000e+00 C
 7.960138793129243e-01 4.703303002273647e-01 0.000000000000000e+00 C
 7.968601079022215e-01 5.194572394436170e-01 3.333333333333335e-01 C
 7.896087666044916e-01 5.680534358890855e-01 3.333333333333335e-01 C
 7.744576531075011e-01 6.147933120055670e-01 3.333333333333335e-01 C
 7.518200502914423e-01 6.584019258143673e-01 3.333333333333335e-01 C
 7.223134529493112e-01 6.976897480099545e-01 3.333333333333335e-01 C
 6.867427241386423e-01 7.315851092185415e-01 3.333333333333335e-01 C
 6.460781406154215e-01 7.591634323449703e-01 3.333333333333335e-01 C
 6.014289262135043e-01 7.796724526256749e-01 3.333333333333335e-01 C
 5.540129951099597e-01 7.925527374504232e-01 3.333333333333335e-01 C
 5.051237303011853e-01 7.974529462255929e-01 3.333333333333335e-01 C
 4.560947034863624e-01 7.942394140296883e-01 3.333333333333335e-01 C
 4.082632987078657e-01 7.829997976439603e-01 3.333333333333335e-01 C
 3.629342320008860e-01 7.640406845039185e-01 3.333333333333335e-01 C
 3.213439621411316e-01 7.378792297933037e-01 3.333333333333335e-01 C
 2.846269632726353e-01 7.052290497987991e-01 3.333333333333335e-01 C
 2.537847794104565e-01 6.669807563179875e-01 3.333333333333335e-01 C
 2.296587049307827e-01 6.241776630911662e-01 3.333333333333335e-01 C
 2.129068362534374e-01 5.779873269222260e-01 3.333333333333335e-01 C
 2.039861206870759e-01 5.296696997726360e-01 3.333333333333335e-01 C
 2.031398920977787e-01 4.805427605563832e-01 3.333333333333335e-01 C
 2.103912333955084e-01 4.319465641109146e-01 3.333333333333335e-01 C
 2.255423468924989e-01 3.852066879944335e-01 3.333333333333335e-01 C
 2.481799497085578e-01 3.415980741856330e-01 3.333333333333335e-01 C
 2.776865470506891e-01 3.023102519900457e-01 3.333333333333335e-01 C
 3.132572758613578e-01 2.684148907814587e-01 3.333333333333335e-01 C
 3.539218593845789e-01 2.408365676550298e-01 3.333333333333335e-01 C
 3.985710737864961e-01 2.203275473743252e-01 3.333333333333335e-01 C
 4.459870048900403e-01 2.074472625495770e-01 3.333333333333335e-01 C
 4.948762696988150e-01 2.025470537744072e-01 3.333333333333335e-01 C
 5.439052965136379e-01 2.057605859703118e-01 3.333333333333335e-01 C
 5.917367012921347e-01 2.170002023560398e-01 3.333333333333335e-01 C
 6.370657679991144e-01 2.359593154960817e-01 3.333333333333335e-01 C
 6.786560378588683e-01 2.621207702066963e-01 3.333333333333335e-01 C
 7.153730367273652e-01 2.947709502012011e-01 3.333333333333335e-01 C
 7.462152205895439e-01 3.330192436820127e-01 3.333333333333335e-01 C
 7.703412950692174e-01 3.758223369088343e-01 3.333333333333335e-01 C
 7.870931637465628e-01 4.220126730777742e-01 3.333333333333335e-01 C
 7.960138793129243e-01 4.703303002273647e-01 3.333333333333335e-01 C
 7.942394140296883e-01 5.439052965136377e-01 8.333333333333334e-01 C
 7.829997976439603e-01 5.917367012921345e-01 8.333333333333334e-01 C
 7.640406845039185e-01 6.370657679991143e-01 8.333333333333334e-01 C
 7.378792297933038e-01 6.786560378588684e-01 8.333333333333334e-01 C
 7.052290497987991e-01 7.153730367273650e-01 8.333333333333334e-01 C
 6.669807563179876e-01 7.462152205895438e-01 8.333333333333334e-01 C
 6.241776630911662e-01 7.703412950692174e-01 8.333333333333334e-01 C
 5.779873269222260e-01 7.870931637465628e-01 8.333333333333334e-01 C
 5.296696997726359e-01 7.960138793129241e-01 8.333333333333334e-01 C
 4.805427605563832e-01 7.968601079022215e-01 8.333333333333334e-01 C
 4.319465641109146e-01 7.896087666044916e-01 8.333333333333334e-01 C
 3.852066879944334e-01 7.744576531075011e-01 8.333333333333334e-01 C
 3.415980741856330e-01 7.518200502914424e-01 8.333333333333334e-01 C
 3.023102519900457e-01 7.223134529493112e-01 8.333333333333334e-01 C
 2.684148907814589e-01 6.867427241386425e-01 8.333333333333334e-01 C
 2.408365676550298e-01 6.460781406154216e-01 8.333333333333334e-01 C
 2.203275473743252e-01 6.014289262135042e-01 8.333333333333334e-01 C
 2.074472625495768e-01 5.540129951099597e-01 8.333333333333334e-01 C
 2.025470537744072e-01 5.051237303011853e-01 8.333333333333334e-01 C
 2.057605859703117e-01 4.560947034863627e-01 8.333333333333334e-01 C
 2.170002023560398e-01 4.082632987078658e-01 8.333333333333334e-01 C
 2.359593154960816e-01 3.629342320008860e-01 8.333333333333334e-01 C
 2.621207702066964e-01 3.213439621411316e-01 8.333333333333334e-01 C
 2.947709502012010e-01 2.846269632726354e-01 8.333333333333334e-01 C
 3.330192436820126e-01 2.537847794104565e-01 8.333333333333334e-01 C
 3.758223369088339e-01 2.296587049307827e-01 8.333333333333334e-01 C
 4.220126730777742e-01 2.129068362534373e-01 8.333333333333334e-01 C
 4.703303002273647e-01 2.039861206870759e-01 8.333333333333334e-01 C
 5.194572394436171e-01 2.031398920977787e-01 8.333333333333334e-01 C
 5.680534358890854e-01 2.103912333955084e-01 8.333333333333334e-01 C
 6.147933120055670e-01 2.255423468924991e-01 8.333333333333334e-01 C
 6.584019258143674e-01 2.481799497085579e-01 8.333333333333334e-01 C
 6.976897480099546e-01 2.776865470506892e-01 8.333333333333334e-01 C
 7.315851092185414e-01 3.132572758613578e-01 8.333333333333334e-01 C
 7.591634323449705e-01 3.539218593845789e-01 8.333333333333334e-01 C
 7.796724526256749e-01 3.985710737864961e-01 8.333333333333334e-01 C
 7.925527374504232e-01 4.459870048900403e-01 8.333333333333334e-01 C
 7.974529462255932e-01 4.948762696988153e-01 8.333333333333334e-01 C
 7.942394140296883e-01 5.439052965136377e-01 5.000000000000000e-01 C
 7.829997976439603e-01 5.917367012921345e-01 5.000000000000000e-01 C
 7.640406845039185e-01 6.370657679991143e-01 5.000000000000000e-01 C
 7.378792297933038e-01 6.786560378588684e-01 5.000000000000000e-01 C
 7.052290497987991e-01 7.153730367273650e-01 5.000000000000000e-01 C
 6.669807563179876e-01 7.462152205895438e-01 5.000000000000000e-01 C
 6.241776630911662e-01 7.703412950692174e-01 5.000000000000000e-01 C
 5.779873269222260e-01 7.870931637465628e-01 5.000000000000000e-01 C
 5.296696997726359e-01 7.960138793129241e-01 5.000000000000000e-01 C
 4.805427605563832e-01 7.968601079022215e-01 5.000000000000000e-01 C
 4.319465641109146e-01 7.896087666044916e-01 5.000000000000000e-01 C
 3.852066879944334e-01 7.744576531075011e-01 5.000000000000000e-01 C
 3.415980741856330e-01 7.518200502914424e-01 5.000000000000000e-01 C
 3.023102519900457e-01 7.223134529493112e-01 5.000000000000000e-01 C
 2.684148907814589e-01 6.867427241386425e-01 5.000000000000000e-01 C
 2.408365676550298e-01 6.460781406154216e-01 5.000000000000000e-01 C
 2.203275473743252e-01 6.014289262135042e-01 5.000000000000000e-01 C
 2.074472625495768e-01 5.540129951099597e-01 5.000000000000000e-01 C
 2.025470537744072e-01 5.051237303011853e-01 5.000000000000000e-01 C
 2.057605859703117e-01 4.560947034863627e-01 5.000000000000000e-01 C
 2.170002023560398e-01 4.082632987078658e-01 5.000000000000000e-01 C
 2.359593154960816e-01 3.629342320008860e-01 5.000000000000000e-01 C
 2.621207702066964e-01 3.213439621411316e-01 5.000000000000000e-01 C
 2.947709502012010e-01 2.846269632726354e-01 5.000000000000000e-01 C
 3.330192436820126e-01 2.537847794104565e-01 5.000000000000000e-01 C
 3.758223369088339e-01 2.296587049307827e-01 5.000000000000000e-01 C
 4.220126730777742e-01 2.129068362534373e-01 5.000000000000000e-01 C
 4.703303002273647e-01 2.039861206870759e-01 5.000000000000000e-01 C
 5.194572394436171e-01 2.031398920977787e-01 5.000000000000000e-01 C
 5.680534358890854e-01 2.103912333955084e-01 5.000000000000000e-01 C
 6.147933120055670e-01 2.255423468924991e-01 5.000000000000000e-01 C
 6.584019258143674e-01 2.481799497085579e-01 5.000000000000000e-01 C
 6.976897480099546e-01 2.776865470506892e-01 5.000000000000000e-01 C
 7.315851092185414e-01 3.132572758613578e-01 5.000000000000000e-01 C
 7.591634323449705e-01 3.539218593845789e-01 5.000000000000000e-01 C
 7.796724526256749e-01 3.985710737864961e-01 5.000000000000000e-01 C
 7.925527374504232e-01 4.459870048900403e-01 5.000000000000000e-01 C
 7.974529462255932e-01 4.948762696988153e-01 5.000000000000000e-01 C
 7.577995673887713e-01 5.168970763589306e-01 0.000000000000000e+00 C
 7.499430006339650e-01 5.653806131005735e-01 0.000000000000000e+00 C
 7.330528426161111e-01 6.115011241372358e-01 0.000000000000000e+00 C
 7.077395476528523e-01 6.535916940342332e-01 0.000000000000000e+00 C
 6.749180041773071e-01 6.901310599295779e-01 0.000000000000000e+00 C
 6.357744682863796e-01 7.197985939374228e-01 0.000000000000000e+00 C
 5.917236893546557e-01 7.415220340807186e-01 0.000000000000000e+00 C
 5.443577773059129e-01 7.545162386328153e-01 0.000000000000000e+00 C
 4.953886596122727e-01 7.583115631851305e-01 0.000000000000000e+00 C
 4.465862077749755e-01 7.527708348197217e-01 0.000000000000000e+00 C
 3.997142695569688e-01 7.380943098959419e-01 0.000000000000000e+00 C
 3.564669189290953e-01 7.148124362638490e-01 0.000000000000000e+00 C
 3.184072278229195e-01 6.837666814968372e-01 0.000000000000000e+00 C
 2.869107726385762e-01 6.460791200611110e-01 0.000000000000000e+00 C
 2.631159173296413e-01 6.031118786209415e-01 0.000000000000000e+00 C
 2.478826699638706e-01 5.564179052320317e-01 0.000000000000000e+00 C
 2.417615997909019e-01 5.076848417526180e-01 0.000000000000000e+00 C
 2.449739382350792e-01 4.586740280696047e-01 0.000000000000000e+00 C
 2.574035830153634e-01 4.111568426859258e-01 0.000000000000000e+00 C
 2.786012943842714e-01 3.668506804861660e-01 0.000000000000000e+00 C
 3.078009318228334e-01 3.273568816108042e-01 0.000000000000000e+00 C
 3.439471443551054e-01 2.941028548512857e-01 0.000000000000000e+00 C
 3.857335136821339e-01 2.682904873772207e-01 0.000000000000000e+00 C
 4.316497715431158e-01 2.508527054025896e-01 0.000000000000000e+00 C
 4.800363847453131e-01 2.424197558016534e-01 0.000000000000000e+00 C
 5.291445350175069e-01 2.432964273448256e-01 0.000000000000000e+00 C
 5.771993258588226e-01 2.534510348383908e-01 0.000000000000000e+00 C
 6.224639319227190e-01 2.725165643099596e-01 0.000000000000000e+00 C
 6.633023724102654e-01 2.998039378496767e-01 0.000000000000000e+00 C
 6.982386396787243e-01 3.343269186812595e-01 0.000000000000000e+00 C
 7.260100460034559e-01 3.748377563287039e-01 0.000000000000000e+00 C
 7.456128604021915e-01 4.198722835694745e-01 0.000000000000000e+00 C
 7.563385860879260e-01 4.678028352527729e-01 0.000000000000000e+00 C
 7.577995673887713e-01 5.168970763589306e-01 3.333333333333335e-01 C
 7.499430006339650e-01 5.653806131005735e-01 3.333333333333335e-01 C
 7.330528426161111e-01 6.115011241372358e-01 3.333333333333335e-01 C
 7.077395476528523e-01 6.535916940342332e-01 3.333333333333335e-01 C
 6.749180041773071e-01 6.901310599295779e-01 3.333333333333335e-01 C
 6.357744682863796e-01 7.197985939374228e-01 3.333333333333335e-01 C
 5.917236893546557e-01 7.415220340807186e-01 3.333333333333335e-01 C
 5.443577773059129e-01 7.545162386328153e-01 3.333333333333335e-01 C
 4.953886596122727e-01 7.583115631851305e-01 3.333333333333335e-01 C
 4.465862077749755e-01 7.527708348197217e-01 3.333333333333335e-01 C
 3.997142695569688e-01 7.380943098959419e-01 3.333333333333335e-01 C
 3.564669189290953e-01 7.148124362638490e-01 3.333333333333335e-01 C
 3.184072278229195e-01 6.837666814968372e-01 3.333333333333335e-01 C
 2.869107726385762e-01 6.460791200611110e-01 3.333333333333335e-01 C
 2.631159173296413e-01 6.031118786209415e-01 3.333333333333335e-01 C
 2.478826699638706e-01 5.564179052320317e-01 3.333333333333335e-01 C
 2.417615997909019e-01 5.076848417526180e-01 3.333333333333335e-01 C
 2.449739382350792e-01 4.586740280696047e-01 3.333333333333335e-01 C
 2.574035830153634e-01 4.111568426859258e-01 3.333333333333335e-01 C
 2.786012943842714e-01 3.668506804861660e-01 3.333333333333335e-01 C
 3.078009318228334e-01 3.273568816108042e-01 3.333333333333335e-01 C
 3.439471443551054e-01 2.941028548512857e-01 3.333333333333335e-01 C
 3.857335136821339e-01 2.682904873772207e-01 3.333333333333335e-01 C
 4.316497715431158e-01 2.508527054025896e-01 3.333333333333335e-01 C
 4.800363847453131e-01 2.424197558016534e-01 3.333333333333335e-01 C
 5.291445350175069e-01 2.432964273448256e-01 3.333333333333335e-01 C
 5.771993258588226e-01 2.534510348383908e-01 3.333333333333335e-01 C
 6.224639319227190e-01 2.725165643099596e-01 3.333333333333335e-01 C
 6.633023724102654e-01 2.998039378496767e-01 3.333333333333335e-01 C
 6.982386396787243e-01 3.343269186812595e-01 3.333333333333335e-01 C
 7.260100460034559e-01 3.748377563287039e-01 3.333333333333335e-01 C
 7.456128604021915e-01 4.198722835694745e-01 3.333333333333335e-01 C
 7.563385860879260e-01 4.678028352527729e-01 3.333333333333335e-01 C
 7.550260617649212e-01 5.413259719303954e-01 8.333333333333334e-01 C
 7.425964169846367e-01 5.888431573140746e-01 8.333333333333334e-01 C
 7.213987056157286e-01 6.331493195138344e-01 8.333333333333334e-01 C
 6.921990681771669e-01 6.726431183891959e-01 8.333333333333334e-01 C
 6.560528556448947e-01 7.058971451487145e-01 8.333333333333334e-01 C
 6.142664863178665e-01 7.317095126227795e-01 8.333333333333334e-01 C
 5.683502284568844e-01 7.491472945974105e-01 8.333333333333334e-01 C
 5.199636152546873e-01 7.575802441983468e-01 8.333333333333334e-01 C
 4.708554649824935e-01 7.567035726551745e-01 8.333333333333334e-01 C
 4.228006741411778e-01 7.465489651616094e-01 8.333333333333334e-01 C
 3.775360680772816e-01 7.274834356900408e-01 8.333333333333334e-01 C
 3.366976275897346e-01 7.001960621503234e-01 8.333333333333334e-01 C
 3.017613603212762e-01 6.656730813187410e-01 8.333333333333334e-01 C
 2.739899539965444e-01 6.251622436712962e-01 8.333333333333334e-01 C
 2.543871395978087e-01 5.801277164305260e-01 8.333333333333334e-01 C
 2.436614139120741e-01 5.321971647472274e-01 8.333333333333334e-01 C
 2.422004326112288e-01 4.831029236410697e-01 8.333333333333334e-01 C
 2.500569993660350e-01 4.346193868994266e-01 8.333333333333334e-01 C
 2.669471573838891e-01 3.884988758627643e-01 8.333333333333334e-01 C
 2.922604523471480e-01 3.464083059657669e-01 8.333333333333334e-01 C
 3.250819958226930e-01 3.098689400704224e-01 8.333333333333334e-01 C
 3.642255317136207e-01 2.802014060625774e-01 8.333333333333334e-01 C
 4.082763106453447e-01 2.584779659192816e-01 8.333333333333334e-01 C
 4.556422226940873e-01 2.454837613671849e-01 8.333333333333334e-01 C
 5.046113403877274e-01 2.416884368148698e-01 8.333333333333334e-01 C
 5.534137922250247e-01 2.472291651802784e-01 8.333333333333334e-01 C
 6.002857304430316e-01 2.619056901040583e-01 8.333333333333334e-01 C
 6.435330810709048e-01 2.851875637361511e-01 8.333333333333334e-01 C
 6.815927721770810e-01 3.162333185031632e-01 8.333333333333334e-01 C
 7.130892273614241e-01 3.539208799388890e-01 8.333333333333334e-01 C
 7.368840826703590e-01 3.968881213790589e-01 8.333333333333334e-01 C
 7.521173300361296e-01 4.435820947679684e-01 8.333333333333334e-01 C
 7.582384002090983e-01 4.923151582473825e-01 8.333333333333334e-01 C
 7.550260617649212e-01 5.413259719303954e-01 5.000000000000000e-01 C
 7.425964169846367e-01 5.888431573140746e-01 5.000000000000000e-01 C
 7.213987056157286e-01 6.331493195138344e-01 5.000000000000000e-01 C
 6.921990681771669e-01 6.726431183891959e-01 5.000000000000000e-01 C
 6.560528556448947e-01 7.058971451487145e-01 5.000000000000000e-01 C
 6.142664863178665e-01 7.317095126227795e-01 5.000000000000000e-01 C
 5.683502284568844e-01 7.491472945974105e-01 5.000000000000000e-01 C
 5.199636152546873e-01 7.575802441983468e-01 5.000000000000000e-01 C
 4.708554649824935e-01 7.567035726551745e-01 5.000000000000000e-01 C
 4.228006741411778e-01 7.465489651616094e-01 5.000000000000000e-01 C
 3.775360680772816e-01 7.274834356900408e-01 5.000000000000000e-01 C
 3.366976275897346e-01 7.001960621503234e-01 5.000000000000000e-01 C
 3.017613603212762e-01 6.656730813187410e-01 5.000000000000000e-01 C
 2.739899539965444e-01 6.251622436712962e-01 5.000000000000000e-01 C
 2.543871395978087e-01 5.801277164305260e-01 5.000000000000000e-01 C
 2.436614139120741e-01 5.321971647472274e-01 5.000000000000000e-01 C
 2.422004326112288e-01 4.831029236410697e-01 5.000000000000000e-01 C
 2.500569993660350e-01 4.346193868994266e-01 5.000000000000000e-01 C
 2.669471573838891e-01 3.884988758627643e-01 5.000000000000000e-01 C
 2.922604523471480e-01 3.464083059657669e-01 5.000000000000000e-01 C
 3.250819958226930e-01 3.098689400704224e-01 5.000000000000000e-01 C
 3.642255317136207e-01 2.802014060625774e-01 5.000000000000000e-01 C
 4.082763106453447e-01 2.584779659192816e-01 5.000000000000000e-01 C
 4.556422226940873e-01 2.454837613671849e-01 5.000000000000000e-01 C
 5.046113403877274e-01 2.416884368148698e-01 5.000000000000000e-01 C
 5.534137922250247e-01 2.472291651802784e-01 5.000000000000000e-01 C
 6.002857304430316e-01 2.619056901040583e-01 5.000000000000000e-01 C
 6.435330810709048e-01 2.851875637361511e-01 5.000000000000000e-01 C
 6.815927721770810e-01 3.162333185031632e-01 5.000000000000000e-01 C
 7.130892273614241e-01 3.539208799388890e-01 5.000000000000000e-01 C
 7.368840826703590e-01 3.968881213790589e-01 5.000000000000000e-01 C
 7.521173300361296e-01 4.435820947679684e-01 5.000000000000000e-01 C
 7.582384002090983e-01 4.923151582473825e-01 5.000000000000000e-01 C
 7.187390268753211e-01 5.143369132742441e-01 0.000000000000000e+00 C
 7.100645194524052e-01 5.626514694785825e-01 0.000000000000000e+00 C
 6.908564998711019e-01 6.078244193935112e-01 0.000000000000000e+00 C
 6.620781384389223e-01 6.475906026844840e-01 0.000000000000000e+00 C
 6.251725023660485e-01 6.799559768721708e-01 0.000000000000000e+00 C
 5.819901943496896e-01 7.032976069487681e-01 0.000000000000000e+00 C
 5.346965556274013e-01 7.164450461160762e-01 0.000000000000000e+00 C
 4.856630867257561e-01 7.187390268753211e-01 0.000000000000000e+00 C
 4.373485305214176e-01 7.100645194524052e-01 0.000000000000000e+00 C
 3.921755806064892e-01 6.908564998711019e-01 0.000000000000000e+00 C
 3.524093973155162e-01 6.620781384389223e-01 0.000000000000000e+00 C
 3.200440231278294e-01 6.251725023660485e-01 0.000000000000000e+00 C
 2.967023930512321e-01 5.819901943496897e-01 0.000000000000000e+00 C
 2.835549538839240e-01 5.346965556274013e-01 0.000000000000000e+00 C
 2.812609731246791e-01 4.856630867257561e-01 0.000000000000000e+00 C
 2.899354805475949e-01 4.373485305214179e-01 0.000000000000000e+00 C
 3.091435001288985e-01 3.921755806064889e-01 0.000000000000000e+00 C
 3.379218615610778e-01 3.524093973155162e-01 0.000000000000000e+00 C
 3.748274976339517e-01 3.200440231278295e-01 0.000000000000000e+00 C
 4.180098056503106e-01 2.967023930512321e-01 0.000000000000000e+00 C
 4.653034443725991e-01 2.835549538839240e-01 0.000000000000000e+00 C
 5.143369132742440e-01 2.812609731246791e-01 0.000000000000000e+00 C
 5.626514694785826e-01 2.899354805475949e-01 0.000000000000000e+00 C
 6.078244193935113e-01 3.091435001288985e-01 0.000000000000000e+00 C
 6.475906026844839e-01 3.379218615610777e-01 0.000000000000000e+00 C
 6.799559768721707e-01 3.748274976339517e-01 0.000000000000000e+00 C
 7.032976069487681e-01 4.180098056503106e-01 0.000000000000000e+00 C
 7.164450461160762e-01 4.653034443725989e-01 0.000000000000000e+00 C
 7.187390268753211e-01 5.143369132742441e-01 3.333333333333335e-01 C
 7.100645194524052e-01 5.626514694785825e-01 3.333333333333335e-01 C
 6.908564998711019e-01 6.078244193935112e-01 3.333333333333335e-01 C
 6.620781384389223e-01 6.475906026844840e-01 3.333333333333335e-01 C
 6.251725023660485e-01 6.799559768721708e-01 3.333333333333335e-01 C
 5.819901943496896e-01 7.032976069487681e-01 3.333333333333335e-01 C
 5.346965556274013e-01 7.164450461160762e-01 3.333333333333335e-01 C
 4.856630867257561e-01 7.187390268753211e-01 3.333333333333335e-01 C
 4.373485305214176e-01 7.100645194524052e-01 3.333333333333335e-01 C
 3.921755806064892e-01 6.908564998711019e-01 3.333333333333335e-01 C
 3.524093973155162e-01 6.620781384389223e-01 3.333333333333335e-01 C
 3.200440231278294e-01 6.251725023660485e-01 3.333333333333335e-01 C
 2.967023930512321e-01 5.819901943496897e-01 3.333333333333335e-01 C
 2.835549538839240e-01 5.346965556274013e-01 3.333333333333335e-01 C
 2.812609731246791e-01 4.856630867257561e-01 3.333333333333335e-01 C
 2.899354805475949e-01 4.373485305214179e-01 3.333333333333335e-01 C
 3.091435001288985e-01 3.921755806064889e-01 3.333333333333335e-01 C
 3.379218615610778e-01 3.524093973155162e-01 3.333333333333335e-01 C
 3.748274976339517e-01 3.200440231278295e-01 3.333333333333335e-01 C
 4.180098056503106e-01 2.967023930512321e-01 3.333333333333335e-01 C
 4.653034443725991e-01 2.835549538839240e-01 3.333333333333335e-01 C
 5.143369132742440e-01 2.812609731246791e-01 3.333333333333335e-01 C
 5.626514694785826e-01 2.899354805475949e-01 3.333333333333335e-01 C
 6.078244193935113e-01 3.091435001288985e-01 3.333333333333335e-01 C
 6.475906026844839e-01 3.379218615610777e-01 3.333333333333335e-01 C
 6.799559768721707e-01 3.748274976339517e-01 3.333333333333335e-01 C
 7.032976069487681e-01 4.180098056503106e-01 3.333333333333335e-01 C
 7.164450461160762e-01 4.653034443725989e-01 3.333333333333335e-01 C
 7.157584168024835e-01 5.387377663202396e-01 8.333333333333334e-01 C
 7.017289388879397e-01 5.857772940570029e-01 8.333333333333334e-01 C
 6.775839296308640e-01 6.285155900949607e-01 8.333333333333334e-01 C
 6.445341206161846e-01 6.648095778111874e-01 8.333333333333334e-01 C
 6.042367672718816e-01 6.928393251110967e-01 8.333333333333334e-01 C
 5.587125471617316e-01 7.111993034230395e-01 8.333333333333334e-01 C
 5.102442347746461e-01 7.189688667698620e-01 8.333333333333334e-01 C
 4.612622336797607e-01 7.157584168024835e-01 8.333333333333334e-01 C
 4.142227059429975e-01 7.017289388879397e-01 8.333333333333334e-01 C
 3.714844099050395e-01 6.775839296308641e-01 8.333333333333334e-01 C
 3.351904221888127e-01 6.445341206161846e-01 8.333333333333334e-01 C
 3.071606748889035e-01 6.042367672718816e-01 8.333333333333334e-01 C
 2.888006965769608e-01 5.587125471617318e-01 8.333333333333334e-01 C
 2.810311332301382e-01 5.102442347746461e-01 8.333333333333334e-01 C
 2.842415831975167e-01 4.612622336797606e-01 8.333333333333334e-01 C
 2.982710611120605e-01 4.142227059429974e-01 8.333333333333334e-01 C
 3.224160703691361e-01 3.714844099050395e-01 8.333333333333334e-01 C
 3.554658793838155e-01 3.351904221888127e-01 8.333333333333334e-01 C
 3.957632327281185e-01 3.071606748889035e-01 8.333333333333334e-01 C
 4.412874528382687e-01 2.888006965769607e-01 8.333333333333334e-01 C
 4.897557652253540e-01 2.810311332301382e-01 8.333333333333334e-01 C
 5.387377663202394e-01 2.842415831975166e-01 8.333333333333334e-01 C
 5.857772940570030e-01 2.982710611120605e-01 8.333333333333334e-01 C
 6.285155900949608e-01 3.224160703691362e-01 8.333333333333334e-01 C
 6.648095778111873e-01 3.554658793838154e-01 8.333333333333334e-01 C
 6.928393251110967e-01 3.957632327281185e-01 8.333333333333334e-01 C
 7.111993034230395e-01 4.412874528382687e-01 8.333333333333334e-01 C
 7.189688667698620e-01 4.897557652253540e-01 8.333333333333334e-01 C
 7.157584168024835e-01 5.387377663202396e-01 5.000000000000000e-01 C
 7.017289388879397e-01 5.857772940570029e-01 5.000000000000000e-01 C
 6.775839296308640e-01 6.285155900949607e-01 5.000000000000000e-01 C
 6.445341206161846e-01 6.648095778111874e-01 5.000000000000000e-01 C
 6.042367672718816e-01 6.928393251110967e-01 5.000000000000000e-01 C
 5.587125471617316e-01 7.111993034230395e-01 5.000000000000000e-01 C
 5.102442347746461e-01 7.189688667698620e-01 5.000000000000000e-01 C
 4.612622336797607e-01 7.157584168024835e-01 5.000000000000000e-01 C
 4.142227059429975e-01 7.017289388879397e-01 5.000000000000000e-01 C
 3.714844099050395e-01 6.775839296308641e-01 5.000000000000000e-01 C
 3.351904221888127e-01 6.445341206161846e-01 5.000000000000000e-01 C
 3.071606748889035e-01 6.042367672718816e-01 5.000000000000000e-01 C
 2.888006965769608e-01 5.587125471617318e-01 5.000000000000000e-01 C
 2.810311332301382e-01 5.102442347746461e-01 5.000000000000000e-01 C
 2.842415831975167e-01 4.612622336797606e-01 5.000000000000000e-01 C
 2.982710611120605e-01 4.142227059429974e-01 5.000000000000000e-01 C
 3.224160703691361e-01 3.714844099050395e-01 5.000000000000000e-01 C
 3.554658793838155e-01 3.351904221888127e-01 5.000000000000000e-01 C
 3.957632327281185e-01 3.071606748889035e-01 5.000000000000000e-01 C
 4.412874528382687e-01 2.888006965769607e-01 5.000000000000000e-01 C
 4.897557652253540e-01 2.810311332301382e-01 5.000000000000000e-01 C
 5.387377663202394e-01 2.842415831975166e-01 5.000000000000000e-01 C
 5.857772940570030e-01 2.982710611120605e-01 5.000000000000000e-01 C
 6.285155900949608e-01 3.224160703691362e-01 5.000000000000000e-01 C
 6.648095778111873e-01 3.554658793838154e-01 5.000000000000000e-01 C
 6.928393251110967e-01 3.957632327281185e-01 5.000000000000000e-01 C
 7.111993034230395e-01 4.412874528382687e-01 5.000000000000000e-01 C
 7.189688667698620e-01 4.897557652253540e-01 5.000000000000000e-01 C
 6.796784863618710e-01 5.117767501895577e-01 0.000000000000000e+00 C
 6.698381915064658e-01 5.598167118131158e-01 0.000000000000000e+00 C
 6.474017749450532e-01 6.034203415647432e-01 0.000000000000000e+00 C
 6.140332430542172e-01 6.393537576990952e-01 0.000000000000000e+00 C
 5.722073871934250e-01 6.649519431259271e-01 0.000000000000000e+00 C
 5.250262397513128e-01 6.783163975360373e-01 0.000000000000000e+00 C
 4.759890105942747e-01 6.784559404841386e-01 0.000000000000000e+00 C
 4.287325666784915e-01 6.653602227081369e-01 0.000000000000000e+00 C
 3.867617022653512e-01 6.400004936865556e-01 0.000000000000000e+00 C
 3.531892043644476e-01 6.042575685078848e-01 0.000000000000000e+00 C
 3.305049915611321e-01 5.607823364196238e-01 0.000000000000000e+00 C
 3.203914481456585e-01 5.127991564998065e-01 0.000000000000000e+00 C
 3.235986493667696e-01 4.638667216946433e-01 0.000000000000000e+00 C
 3.398887317818653e-01 4.176141268426391e-01 0.000000000000000e+00 C
 3.680535345003860e-01 3.774717153124252e-01 0.000000000000000e+00 C
 4.060042029500983e-01 3.464166661278839e-01 0.000000000000000e+00 C
 4.509261096648424e-01 3.267521902196361e-01 0.000000000000000e+00 C
 4.994876023276353e-01 3.199367118068049e-01 0.000000000000000e+00 C
 5.480870971817238e-01 3.264757037445313e-01 0.000000000000000e+00 C
 5.931201920216760e-01 3.458841989146912e-01 0.000000000000000e+00 C
 6.312469882159130e-01 3.767227580184719e-01 0.000000000000000e+00 C
 6.596397957091950e-01 4.167042262041656e-01 0.000000000000000e+00 C
 6.761928498581968e-01 4.628633608794873e-01 0.000000000000000e+00 C
 6.796784863618710e-01 5.117767501895577e-01 3.333333333333335e-01 C
 6.698381915064658e-01 5.598167118131158e-01 3.333333333333335e-01 C
 6.474017749450532e-01 6.034203415647432e-01 3.333333333333335e-01 C
 6.140332430542172e-01 6.393537576990952e-01 3.333333333333335e-01 C
 5.722073871934250e-01 6.649519431259271e-01 3.333333333333335e-01 C
 5.250262397513128e-01 6.783163975360373e-01 3.333333333333335e-01 C
 4.759890105942747e-01 6.784559404841386e-01 3.333333333333335e-01 C
 4.287325666784915e-01 6.653602227081369e-01 3.333333333333335e-01 C
 3.867617022653512e-01 6.400004936865556e-01 3.333333333333335e-01 C
 3.531892043644476e-01 6.042575685078848e-01 3.333333333333335e-01 C
 3.305049915611321e-01 5.607823364196238e-01 3.333333333333335e-01 C
 3.203914481456585e-01 5.127991564998065e-01 3.333333333333335e-01 C
 3.235986493667696e-01 4.638667216946433e-01 3.333333333333335e-01 C
 3.398887317818653e-01 4.176141268426391e-01 3.333333333333335e-01 C
 3.680535345003860e-01 3.774717153124252e-01 3.333333333333335e-01 C
 4.060042029500983e-01 3.464166661278839e-01 3.333333333333335e-01 C
 4.509261096648424e-01 3.267521902196361e-01 3.333333333333335e-01 C
 4.994876023276353e-01 3.199367118068049e-01 3.333333333333335e-01 C
 5.480870971817238e-01 3.264757037445313e-01 3.333333333333335e-01 C
 5.931201920216760e-01 3.458841989146912e-01 3.333333333333335e-01 C
 6.312469882159130e-01 3.767227580184719e-01 3.333333333333335e-01 C
 6.596397957091950e-01 4.167042262041656e-01 3.333333333333335e-01 C
 6.761928498581968e-01 4.628633608794873e-01 3.333333333333335e-01 C
 6.764013506332305e-01 5.361332783053571e-01 8.333333333333334e-01 C
 6.601112682181348e-01 5.823858731573612e-01 8.333333333333334e-01 C
 6.319464654996141e-01 6.225282846875752e-01 8.333333333333334e-01 C
 5.939957970499020e-01 6.535833338721162e-01 8.333333333333334e-01 C
 5.490738903351577e-01 6.732478097803640e-01 8.333333333333334e-01 C
 5.005123976723651e-01 6.800632881931952e-01 8.333333333333334e-01 C
 4.519129028182762e-01 6.735242962554688e-01 8.333333333333334e-01 C
 4.068798079783242e-01 6.541158010853090e-01 8.333333333333334e-01 C
 3.687530117840873e-01 6.232772419815283e-01 8.333333333333334e-01 C
 3.403602042908052e-01 5.832957737958343e-01 8.333333333333334e-01 C
 3.238071501418033e-01 5.371366391205129e-01 8.333333333333334e-01 C
 3.203215136381293e-01 4.882232498104426e-01 8.333333333333334e-01 C
 3.301618084935343e-01 4.401832881868846e-01 8.333333333333334e-01 C
 3.525982250549469e-01 3.965796584352569e-01 8.333333333333334e-01 C
 3.859667569457830e-01 3.606462423009050e-01 8.333333333333334e-01 C
 4.277926128065752e-01 3.350480568740731e-01 8.333333333333334e-01 C
 4.749737602486874e-01 3.216836024639629e-01 8.333333333333334e-01 C
 5.240109894057254e-01 3.215440595158616e-01 8.333333333333334e-01 C
 5.712674333215085e-01 3.346397772918633e-01 8.333333333333334e-01 C
 6.132382977346489e-01 3.599995063134446e-01 8.333333333333334e-01 C
 6.468107956355527e-01 3.957424314921155e-01 8.333333333333334e-01 C
 6.694950084388680e-01 4.392176635803761e-01 8.333333333333334e-01 C
 6.796085518543418e-01 4.872008435001939e-01 8.333333333333334e-01 C
 6.764013506332305e-01 5.361332783053571e-01 5.000000000000000e-01 C
 6.601112682181348e-01 5.823858731573612e-01 5.000000000000000e-01 C
 6.319464654996141e-01 6.225282846875752e-01 5.000000000000000e-01 C
 5.939957970499020e-01 6.535833338721162e-01 5.000000000000000e-01 C
 5.490738903351577e-01 6.732478097803640e-01 5.000000000000000e-01 C
 5.005123976723651e-01 6.800632881931952e-01 5.000000000000000e-01 C
 4.519129028182762e-01 6.735242962554688e-01 5.000000000000000e-01 C
 4.068798079783242e-01 6.541158010853090e-01 5.000000000000000e-01 C
 3.687530117840873e-01 6.232772419815283e-01 5.000000000000000e-01 C
 3.403602042908052e-01 5.832957737958343e-01 5.000000000000000e-01 C
 3.238071501418033e-01 5.371366391205129e-01 5.000000000000000e-01 C
 3.203215136381293e-01 4.882232498104426e-01 5.000000000000000e-01 C
 3.301618084935343e-01 4.401832881868846e-01 5.000000000000000e-01 C
 3.525982250549469e-01 3.965796584352569e-01 5.000000000000000e-01 C
 3.859667569457830e-01 3.606462423009050e-01 5.000000000000000e-01 C
 4.277926128065752e-01 3.350480568740731e-01 5.000000000000000e-01 C
 4.749737602486874e-01 3.216836024639629e-01 5.000000000000000e-01 C
 5.240109894057254e-01 3.215440595158616e-01 5.000000000000000e-01 C
 5.712674333215085e-01 3.346397772918633e-01 5.000000000000000e-01 C
 6.132382977346489e-01 3.599995063134446e-01 5.000000000000000e-01 C
 6.468107956355527e-01 3.957424314921155e-01 5.000000000000000e-01 C
 6.694950084388680e-01 4.392176635803761e-01 5.000000000000000e-01 C
 6.796085518543418e-01 4.872008435001939e-01 5.000000000000000e-01 C
 6.406179458484208e-01 5.092165871048713e-01 0.000000000000000e+00 C
 6.289853876212519e-01 5.567549288845161e-01 0.000000000000000e+00 C
 6.017952880253802e-01 5.974477886271463e-01 0.000000000000000e+00 C
 5.623271743552000e-01 6.263870068851525e-01 0.000000000000000e+00 C
 5.153414836066560e-01 6.400820868392451e-01 0.000000000000000e+00 C
 4.665053835189653e-01 6.368811997291062e-01 0.000000000000000e+00 C
 4.217092285067793e-01 6.171704197802815e-01 0.000000000000000e+00 C
 3.863560959854042e-01 5.833271579547291e-01 0.000000000000000e+00 C
 3.647100954935851e-01 5.394334111019602e-01 0.000000000000000e+00 C
 3.593820541515795e-01 4.907834128951290e-01 0.000000000000000e+00 C
 3.710146123787483e-01 4.432450711154842e-01 0.000000000000000e+00 C
 3.982047119746199e-01 4.025522113728541e-01 0.000000000000000e+00 C
 4.376728256448002e-01 3.736129931148476e-01 0.000000000000000e+00 C
 4.846585163933441e-01 3.599179131607552e-01 0.000000000000000e+00 C
 5.334946164810349e-01 3.631188002708939e-01 0.000000000000000e+00 C
 5.782907714932208e-01 3.828295802197188e-01 0.000000000000000e+00 C
 6.136439040145960e-01 4.166728420452712e-01 0.000000000000000e+00 C
 6.352899045064151e-01 4.605665888980402e-01 0.000000000000000e+00 C
 6.406179458484208e-01 5.092165871048713e-01 3.333333333333335e-01 C
 6.289853876212519e-01 5.567549288845161e-01 3.333333333333335e-01 C
 6.017952880253802e-01 5.974477886271463e-01 3.333333333333335e-01 C
 5.623271743552000e-01 6.263870068851525e-01 3.333333333333335e-01 C
 5.153414836066560e-01 6.400820868392451e-01 3.333333333333335e-01 C
 4.665053835189653e-01 6.368811997291062e-01 3.333333333333335e-01 C
 4.217092285067793e-01 6.171704197802815e-01 3.333333333333335e-01 C
 3.863560959854042e-01 5.833271579547291e-01 3.333333333333335e-01 C
 3.647100954935851e-01 5.394334111019602e-01 3.333333333333335e-01 C
 3.593820541515795e-01 4.907834128951290e-01 3.333333333333335e-01 C
 3.710146123787483e-01 4.432450711154842e-01 3.333333333333335e-01 C
 3.982047119746199e-01 4.025522113728541e-01 3.333333333333335e-01 C
 4.376728256448002e-01 3.736129931148476e-01 3.333333333333335e-01 C
 4.846585163933441e-01 3.599179131607552e-01 3.333333333333335e-01 C
 5.334946164810349e-01 3.631188002708939e-01 3.333333333333335e-01 C
 5.782907714932208e-01 3.828295802197188e-01 3.333333333333335e-01 C
 6.136439040145960e-01 4.166728420452712e-01 3.333333333333335e-01 C
 6.352899045064151e-01 4.605665888980402e-01 3.333333333333335e-01 C
 6.368811997291062e-01 5.334946164810349e-01 8.333333333333334e-01 C
 6.171704197802814e-01 5.782907714932209e-01 8.333333333333334e-01 C
 5.833271579547291e-01 6.136439040145960e-01 8.333333333333334e-01 C
 5.394334111019601e-01 6.352899045064150e-01 8.333333333333334e-01 C
 4.907834128951290e-01 6.406179458484208e-01 8.333333333333334e-01 C
 4.432450711154842e-01 6.289853876212519e-01 8.333333333333334e-01 C
 4.025522113728541e-01 6.017952880253803e-01 8.333333333333334e-01 C
 3.736129931148476e-01 5.623271743552000e-01 8.333333333333334e-01 C
 3.599179131607552e-01 5.153414836066560e-01 8.333333333333334e-01 C
 3.631188002708939e-01 4.665053835189654e-01 8.333333333333334e-01 C
 3.828295802197188e-01 4.217092285067793e-01 8.333333333333334e-01 C
 4.166728420452712e-01 3.863560959854042e-01 8.333333333333334e-01 C
 4.605665888980401e-01 3.647100954935851e-01 8.333333333333334e-01 C
 5.092165871048713e-01 3.593820541515795e-01 8.333333333333334e-01 C
 5.567549288845162e-01 3.710146123787483e-01 8.333333333333334e-01 C
 5.974477886271463e-01 3.982047119746200e-01 8.333333333333334e-01 C
 6.263870068851525e-01 4.376728256448002e-01 8.333333333333334e-01 C
 6.400820868392451e-01 4.846585163933442e-01 8.333333333333334e-01 C
 6.368811997291062e-01 5.334946164810349e-01 5.000000000000000e-01 C
 6.171704197802814e-01 5.782907714932209e-01 5.000000000000000e-01 C
 5.833271579547291e-01 6.136439040145960e-01 5.000000000000000e-01 C
 5.394334111019601e-01 6.352899045064150e-01 5.000000000000000e-01 C
 4.907834128951290e-01 6.406179458484208e-01 5.000000000000000e-01 C
 4.432450711154842e-01 6.289853876212519e-01 5.000000000000000e-01 C
 4.025522113728541e-01 6.017952880253803e-01 5.000000000000000e-01 C
 3.736129931148476e-01 5.623271743552000e-01 5.000000000000000e-01 C
 3.599179131607552e-01 5.153414836066560e-01 5.000000000000000e-01 C
 3.631188002708939e-01 4.665053835189654e-01 5.000000000000000e-01 C
 3.828295802197188e-01 4.217092285067793e-01 5.000000000000000e-01 C
 4.166728420452712e-01 3.863560959854042e-01 5.000000000000000e-01 C
 4.605665888980401e-01 3.647100954935851e-01 5.000000000000000e-01 C
 5.092165871048713e-01 3.593820541515795e-01 5.000000000000000e-01 C
 5.567549288845162e-01 3.710146123787483e-01 5.000000000000000e-01 C
 5.974477886271463e-01 3.982047119746200e-01 5.000000000000000e-01 C
 6.263870068851525e-01 4.376728256448002e-01 5.000000000000000e-01 C
 6.400820868392451e-01 4.846585163933442e-01 5.000000000000000e-01 C
