 C
 AIREBO 
 104
 1.024875e+01
 4.878643737041103e+00 0.000000000000000e+00 0.000000000000000e+00
 0.000000000000000e+00 4.878643737041103e+00 0.000000000000000e+00
 0.000000000000000e+00 0.000000000000000e+00 4.156604463959019e-01
 fra
 7.031148106699410e-01 5.133128480403695e-01 0.000000000000000e+00 C
 6.940266903456807e-01 5.615345567135516e-01 0.000000000000000e+00 C
 6.736624440368529e-01 6.061801006195551e-01 0.000000000000000e+00 C
 6.432055677179035e-01 6.446548430265122e-01 0.000000000000000e+00 C
 6.044261043342487e-01 6.747227717557289e-01 0.000000000000000e+00 C
 5.595777753401323e-01 6.946364480819373e-01 0.000000000000000e+00 C
 5.112670025996495e-01 7.032385615203263e-01 0.000000000000000e+00 C
 4.623014326219633e-01 7.000291885052667e-01 0.000000000000000e+00 C
 4.155267663515715e-01 6.851948461307980e-01 0.000000000000000e+00 C
 3.736613773731154e-01 6.595976524550834e-01 0.000000000000000e+00 C
 3.391383299195254e-01 6.247252233325419e-01 0.000000000000000e+00 C
 3.139639780226328e-01 5.826042175876539e-01 0.000000000000000e+00 C
 2.996013635096388e-01 5.356825549706854e-01 0.000000000000000e+00 C
 2.968851893300590e-01 4.866871519596306e-01 0.000000000000000e+00 C
 3.059733096543194e-01 4.384654432864484e-01 0.000000000000000e+00 C
 3.263375559631471e-01 3.938198993804449e-01 0.000000000000000e+00 C
 3.567944322820965e-01 3.553451569734878e-01 0.000000000000000e+00 C
 3.955738956657515e-01 3.252772282442711e-01 0.000000000000000e+00 C
 4.404222246598677e-01 3.053635519180627e-01 0.000000000000000e+00 C
 4.887329974003505e-01 2.967614384796738e-01 0.000000000000000e+00 C
 5.376985673780371e-01 2.999708114947333e-01 0.000000000000000e+00 C
 5.844732336484284e-01 3.148051538692020e-01 0.000000000000000e+00 C
 6.263386226268847e-01 3.404023475449167e-01 0.000000000000000e+00 C
 6.608616700804746e-01 3.752747766674580e-01 0.000000000000000e+00 C
 6.860360219773672e-01 4.173957824123460e-01 0.000000000000000e+00 C
 7.003986364903613e-01 4.643174450293146e-01 0.000000000000000e+00 C
 7.031148106699410e-01 5.133128480403695e-01 3.333333333333334e-01 C
 6.940266903456807e-01 5.615345567135516e-01 3.333333333333334e-01 C
 6.736624440368529e-01 6.061801006195551e-01 3.333333333333334e-01 C
 6.432055677179035e-01 6.446548430265122e-01 3.333333333333334e-01 C
 6.044261043342487e-01 6.747227717557289e-01 3.333333333333334e-01 C
 5.595777753401323e-01 6.946364480819373e-01 3.333333333333334e-01 C
 5.112670025996495e-01 7.032385615203263e-01 3.333333333333334e-01 C
 4.623014326219633e-01 7.000291885052667e-01 3.333333333333334e-01 C
 4.155267663515715e-01 6.851948461307980e-01 3.333333333333334e-01 C
 3.736613773731154e-01 6.595976524550834e-01 3.333333333333334e-01 C
 3.391383299195254e-01 6.247252233325419e-01 3.333333333333334e-01 C
 3.139639780226328e-01 5.826042175876539e-01 3.333333333333334e-01 C
 2.996013635096388e-01 5.356825549706854e-01 3.333333333333334e-01 C
 2.968851893300590e-01 4.866871519596306e-01 3.333333333333334e-01 C
 3.059733096543194e-01 4.384654432864484e-01 3.333333333333334e-01 C
 3.263375559631471e-01 3.938198993804449e-01 3.333333333333334e-01 C
 3.567944322820965e-01 3.553451569734878e-01 3.333333333333334e-01 C
 3.955738956657515e-01 3.252772282442711e-01 3.333333333333334e-01 C
 4.404222246598677e-01 3.053635519180627e-01 3.333333333333334e-01 C
 4.887329974003505e-01 2.967614384796738e-01 3.333333333333334e-01 C
 5.376985673780371e-01 2.999708114947333e-01 3.333333333333334e-01 C
 5.844732336484284e-01 3.148051538692020e-01 3.333333333333334e-01 C
 6.263386226268847e-01 3.404023475449167e-01 3.333333333333334e-01 C
 6.608616700804746e-01 3.752747766674580e-01 3.333333333333334e-01 C
 6.860360219773672e-01 4.173957824123460e-01 3.333333333333334e-01 C
 7.003986364903613e-01 4.643174450293146e-01 3.333333333333334e-01 C
 7.000291885052667e-01 5.376985673780368e-01 8.333333333333333e-01 C
 6.851948461307980e-01 5.844732336484285e-01 8.333333333333333e-01 C
 6.595976524550832e-01 6.263386226268847e-01 8.333333333333333e-01 C
 6.247252233325420e-01 6.608616700804746e-01 8.333333333333333e-01 C
 5.826042175876538e-01 6.860360219773672e-01 8.333333333333333e-01 C
 5.356825549706853e-01 7.003986364903613e-01 8.333333333333333e-01 C
 4.866871519596307e-01 7.031148106699410e-01 8.333333333333333e-01 C
 4.384654432864484e-01 6.940266903456807e-01 8.333333333333333e-01 C
 3.938198993804449e-01 6.736624440368530e-01 8.333333333333333e-01 C
 3.553451569734879e-01 6.432055677179035e-01 8.333333333333333e-01 C
 3.252772282442711e-01 6.044261043342487e-01 8.333333333333333e-01 C
 3.053635519180628e-01 5.595777753401324e-01 8.333333333333333e-01 C
 2.967614384796738e-01 5.112670025996496e-01 8.333333333333333e-01 C
 2.999708114947333e-01 4.623014326219632e-01 8.333333333333333e-01 C
 3.148051538692021e-01 4.155267663515714e-01 8.333333333333333e-01 C
 3.404023475449168e-01 3.736613773731152e-01 8.333333333333333e-01 C
 3.752747766674580e-01 3.391383299195254e-01 8.333333333333333e-01 C
 4.173957824123463e-01 3.139639780226328e-01 8.333333333333333e-01 C
 4.643174450293146e-01 2.996013635096388e-01 8.333333333333333e-01 C
 5.133128480403695e-01 2.968851893300590e-01 8.333333333333333e-01 C
 5.615345567135515e-01 3.059733096543193e-01 8.333333333333333e-01 C
 6.061801006195551e-01 3.263375559631471e-01 8.333333333333333e-01 C
 6.446548430265122e-01 3.567944322820966e-01 8.333333333333333e-01 C
 6.747227717557289e-01 3.955738956657514e-01 8.333333333333333e-01 C
 6.946364480819373e-01 4.404222246598677e-01 8.333333333333333e-01 C
 7.032385615203263e-01 4.887329974003503e-01 8.333333333333333e-01 C
 7.000291885052667e-01 5.376985673780368e-01 5.000000000000000e-01 C
 6.851948461307980e-01 5.844732336484285e-01 5.000000000000000e-01 C
 6.595976524550832e-01 6.263386226268847e-01 5.000000000000000e-01 C
 6.247252233325420e-01 6.608616700804746e-01 5.000000000000000e-01 C
 5.826042175876538e-01 6.860360219773672e-01 5.000000000000000e-01 C
 5.356825549706853e-01 7.003986364903613e-01 5.000000000000000e-01 C
 4.866871519596307e-01 7.031148106699410e-01 5.000000000000000e-01 C
 4.384654432864484e-01 6.940266903456807e-01 5.000000000000000e-01 C
 3.938198993804449e-01 6.736624440368530e-01 5.000000000000000e-01 C
 3.553451569734879e-01 6.432055677179035e-01 5.000000000000000e-01 C
 3.252772282442711e-01 6.044261043342487e-01 5.000000000000000e-01 C
 3.053635519180628e-01 5.595777753401324e-01 5.000000000000000e-01 C
 2.967614384796738e-01 5.112670025996496e-01 5.000000000000000e-01 C
 2.999708114947333e-01 4.623014326219632e-01 5.000000000000000e-01 C
 3.148051538692021e-01 4.155267663515714e-01 5.000000000000000e-01 C
 3.404023475449168e-01 3.736613773731152e-01 5.000000000000000e-01 C
 3.752747766674580e-01 3.391383299195254e-01 5.000000000000000e-01 C
 4.173957824123463e-01 3.139639780226328e-01 5.000000000000000e-01 C
 4.643174450293146e-01 2.996013635096388e-01 5.000000000000000e-01 C
 5.133128480403695e-01 2.968851893300590e-01 5.000000000000000e-01 C
 5.615345567135515e-01 3.059733096543193e-01 5.000000000000000e-01 C
 6.061801006195551e-01 3.263375559631471e-01 5.000000000000000e-01 C
 6.446548430265122e-01 3.567944322820966e-01 5.000000000000000e-01 C
 6.747227717557289e-01 3.955738956657514e-01 5.000000000000000e-01 C
 6.946364480819373e-01 4.404222246598677e-01 5.000000000000000e-01 C
 7.032385615203263e-01 4.887329974003503e-01 5.000000000000000e-01 C
