 C
 AIREBO 
 152
 1.024875e+01
 4.878643737041103e+00 0.000000000000000e+00 0.000000000000000e+00
 0.000000000000000e+00 4.878643737041103e+00 0.000000000000000e+00
 0.000000000000000e+00 0.000000000000000e+00 4.156604463959019e-01
 fra
 7.968601079022214e-01 5.194572394436169e-01 0.000000000000000e+00 C
 7.896087666044915e-01 5.680534358890854e-01 0.000000000000000e+00 C
 7.744576531075010e-01 6.147933120055669e-01 0.000000000000000e+00 C
 7.518200502914422e-01 6.584019258143672e-01 0.000000000000000e+00 C
 7.223134529493110e-01 6.976897480099544e-01 0.000000000000000e+00 C
 6.867427241386422e-01 7.315851092185414e-01 0.000000000000000e+00 C
 6.460781406154213e-01 7.591634323449702e-01 0.000000000000000e+00 C
 6.014289262135042e-01 7.796724526256748e-01 0.000000000000000e+00 C
 5.540129951099596e-01 7.925527374504231e-01 0.000000000000000e+00 C
 5.051237303011852e-01 7.974529462255928e-01 0.000000000000000e+00 C
 4.560947034863624e-01 7.942394140296882e-01 0.000000000000000e+00 C
 4.082632987078656e-01 7.829997976439602e-01 0.000000000000000e+00 C
 3.629342320008859e-01 7.640406845039184e-01 0.000000000000000e+00 C
 3.213439621411316e-01 7.378792297933036e-01 0.000000000000000e+00 C
 2.846269632726352e-01 7.052290497987990e-01 0.000000000000000e+00 C
 2.537847794104564e-01 6.669807563179874e-01 0.000000000000000e+00 C
 2.296587049307827e-01 6.241776630911661e-01 0.000000000000000e+00 C
 2.129068362534374e-01 5.779873269222259e-01 0.000000000000000e+00 C
 2.039861206870759e-01 5.296696997726359e-01 0.000000000000000e+00 C
 2.031398920977787e-01 4.805427605563832e-01 0.000000000000000e+00 C
 2.103912333955084e-01 4.319465641109146e-01 0.000000000000000e+00 C
 2.255423468924989e-01 3.852066879944334e-01 0.000000000000000e+00 C
 2.481799497085578e-01 3.415980741856329e-01 0.000000000000000e+00 C
 2.776865470506890e-01 3.023102519900457e-01 0.000000000000000e+00 C
 3.132572758613577e-01 2.684148907814587e-01 0.000000000000000e+00 C
 3.539218593845788e-01 2.408365676550298e-01 0.000000000000000e+00 C
 3.985710737864961e-01 2.203275473743252e-01 0.000000000000000e+00 C
 4.459870048900403e-01 2.074472625495769e-01 0.000000000000000e+00 C
 4.948762696988149e-01 2.025470537744071e-01 0.000000000000000e+00 C
 5.439052965136378e-01 2.057605859703118e-01 0.000000000000000e+00 C
 5.917367012921346e-01 2.170002023560398e-01 0.000000000000000e+00 C
 6.370657679991143e-01 2.359593154960817e-01 0.000000000000000e+00 C
 6.786560378588682e-01 2.621207702066962e-01 0.000000000000000e+00 C
 7.153730367273651e-01 2.947709502012011e-01 0.000000000000000e+00 C
 7.462152205895438e-01 3.330192436820127e-01 0.000000000000000e+00 C
 7.703412950692173e-01 3.758223369088342e-01 0.000000000000000e+00 C
 7.870931637465627e-01 4.220126730777742e-01 0.000000000000000e+00 C
 7.960138793129242e-01 4.703303002273646e-01 0.000000000000000e+00 C
 7.968601079022214e-01 5.194572394436169e-01 3.333333333333334e-01 C
 7.896087666044915e-01 5.680534358890854e-01 3.333333333333334e-01 C
 7.744576531075010e-01 6.147933120055669e-01 3.333333333333334e-01 C
 7.518200502914422e-01 6.584019258143672e-01 3.333333333333334e-01 C
 7.223134529493110e-01 6.976897480099544e-01 3.333333333333334e-01 C
 6.867427241386422e-01 7.315851092185414e-01 3.333333333333334e-01 C
 6.460781406154213e-01 7.591634323449702e-01 3.333333333333334e-01 C
 6.014289262135042e-01 7.796724526256748e-01 3.333333333333334e-01 C
 5.540129951099596e-01 7.925527374504231e-01 3.333333333333334e-01 C
 5.051237303011852e-01 7.974529462255928e-01 3.333333333333334e-01 C
 4.560947034863624e-01 7.942394140296882e-01 3.333333333333334e-01 C
 4.082632987078656e-01 7.829997976439602e-01 3.333333333333334e-01 C
 3.629342320008859e-01 7.640406845039184e-01 3.333333333333334e-01 C
 3.213439621411316e-01 7.378792297933036e-01 3.333333333333334e-01 C
 2.846269632726352e-01 7.052290497987990e-01 3.333333333333334e-01 C
 2.537847794104564e-01 6.669807563179874e-01 3.333333333333334e-01 C
 2.296587049307827e-01 6.241776630911661e-01 3.333333333333334e-01 C
 2.129068362534374e-01 5.779873269222259e-01 3.333333333333334e-01 C
 2.039861206870759e-01 5.296696997726359e-01 3.333333333333334e-01 C
 2.031398920977787e-01 4.805427605563832e-01 3.333333333333334e-01 C
 2.103912333955084e-01 4.319465641109146e-01 3.333333333333334e-01 C
 2.255423468924989e-01 3.852066879944334e-01 3.333333333333334e-01 C
 2.481799497085578e-01 3.415980741856329e-01 3.333333333333334e-01 C
 2.776865470506890e-01 3.023102519900457e-01 3.333333333333334e-01 C
 3.132572758613577e-01 2.684148907814587e-01 3.333333333333334e-01 C
 3.539218593845788e-01 2.408365676550298e-01 3.333333333333334e-01 C
 3.985710737864961e-01 2.203275473743252e-01 3.333333333333334e-01 C
 4.459870048900403e-01 2.074472625495769e-01 3.333333333333334e-01 C
 4.948762696988149e-01 2.025470537744071e-01 3.333333333333334e-01 C
 5.439052965136378e-01 2.057605859703118e-01 3.333333333333334e-01 C
 5.917367012921346e-01 2.170002023560398e-01 3.333333333333334e-01 C
 6.370657679991143e-01 2.359593154960817e-01 3.333333333333334e-01 C
 6.786560378588682e-01 2.621207702066962e-01 3.333333333333334e-01 C
 7.153730367273651e-01 2.947709502012011e-01 3.333333333333334e-01 C
 7.462152205895438e-01 3.330192436820127e-01 3.333333333333334e-01 C
 7.703412950692173e-01 3.758223369088342e-01 3.333333333333334e-01 C
 7.870931637465627e-01 4.220126730777742e-01 3.333333333333334e-01 C
 7.960138793129242e-01 4.703303002273646e-01 3.333333333333334e-01 C
 7.942394140296882e-01 5.439052965136376e-01 8.333333333333333e-01 C
 7.829997976439602e-01 5.917367012921344e-01 8.333333333333333e-01 C
 7.640406845039184e-01 6.370657679991142e-01 8.333333333333333e-01 C
 7.378792297933037e-01 6.786560378588683e-01 8.333333333333333e-01 C
 7.052290497987990e-01 7.153730367273649e-01 8.333333333333333e-01 C
 6.669807563179875e-01 7.462152205895437e-01 8.333333333333333e-01 C
 6.241776630911661e-01 7.703412950692173e-01 8.333333333333333e-01 C
 5.779873269222259e-01 7.870931637465627e-01 8.333333333333333e-01 C
 5.296696997726358e-01 7.960138793129240e-01 8.333333333333333e-01 C
 4.805427605563832e-01 7.968601079022214e-01 8.333333333333333e-01 C
 4.319465641109146e-01 7.896087666044915e-01 8.333333333333333e-01 C
 3.852066879944333e-01 7.744576531075010e-01 8.333333333333333e-01 C
 3.415980741856329e-01 7.518200502914423e-01 8.333333333333333e-01 C
 3.023102519900457e-01 7.223134529493110e-01 8.333333333333333e-01 C
 2.684148907814588e-01 6.867427241386423e-01 8.333333333333333e-01 C
 2.408365676550298e-01 6.460781406154215e-01 8.333333333333333e-01 C
 2.203275473743252e-01 6.014289262135041e-01 8.333333333333333e-01 C
 2.074472625495768e-01 5.540129951099596e-01 8.333333333333333e-01 C
 2.025470537744071e-01 5.051237303011853e-01 8.333333333333333e-01 C
 2.057605859703117e-01 4.560947034863626e-01 8.333333333333333e-01 C
 2.170002023560397e-01 4.082632987078657e-01 8.333333333333333e-01 C
 2.359593154960816e-01 3.629342320008860e-01 8.333333333333333e-01 C
 2.621207702066964e-01 3.213439621411316e-01 8.333333333333333e-01 C
 2.947709502012009e-01 2.846269632726353e-01 8.333333333333333e-01 C
 3.330192436820126e-01 2.537847794104564e-01 8.333333333333333e-01 C
 3.758223369088339e-01 2.296587049307827e-01 8.333333333333333e-01 C
 4.220126730777742e-01 2.129068362534373e-01 8.333333333333333e-01 C
 4.703303002273646e-01 2.039861206870759e-01 8.333333333333333e-01 C
 5.194572394436170e-01 2.031398920977787e-01 8.333333333333333e-01 C
 5.680534358890853e-01 2.103912333955084e-01 8.333333333333333e-01 C
 6.147933120055669e-01 2.255423468924991e-01 8.333333333333333e-01 C
 6.584019258143673e-01 2.481799497085579e-01 8.333333333333333e-01 C
 6.976897480099545e-01 2.776865470506892e-01 8.333333333333333e-01 C
 7.315851092185413e-01 3.132572758613577e-01 8.333333333333333e-01 C
 7.591634323449704e-01 3.539218593845789e-01 8.333333333333333e-01 C
 7.796724526256748e-01 3.985710737864961e-01 8.333333333333333e-01 C
 7.925527374504231e-01 4.459870048900402e-01 8.333333333333333e-01 C
 7.974529462255929e-01 4.948762696988152e-01 8.333333333333333e-01 C
 7.942394140296882e-01 5.439052965136376e-01 5.000000000000000e-01 C
 7.829997976439602e-01 5.917367012921344e-01 5.000000000000000e-01 C
 7.640406845039184e-01 6.370657679991142e-01 5.000000000000000e-01 C
 7.378792297933037e-01 6.786560378588683e-01 5.000000000000000e-01 C
 7.052290497987990e-01 7.153730367273649e-01 5.000000000000000e-01 C
 6.669807563179875e-01 7.462152205895437e-01 5.000000000000000e-01 C
 6.241776630911661e-01 7.703412950692173e-01 5.000000000000000e-01 C
 5.779873269222259e-01 7.870931637465627e-01 5.000000000000000e-01 C
 5.296696997726358e-01 7.960138793129240e-01 5.000000000000000e-01 C
 4.805427605563832e-01 7.968601079022214e-01 5.000000000000000e-01 C
 4.319465641109146e-01 7.896087666044915e-01 5.000000000000000e-01 C
 3.852066879944333e-01 7.744576531075010e-01 5.000000000000000e-01 C
 3.415980741856329e-01 7.518200502914423e-01 5.000000000000000e-01 C
 3.023102519900457e-01 7.223134529493110e-01 5.000000000000000e-01 C
 2.684148907814588e-01 6.867427241386423e-01 5.000000000000000e-01 C
 2.408365676550298e-01 6.460781406154215e-01 5.000000000000000e-01 C
 2.203275473743252e-01 6.014289262135041e-01 5.000000000000000e-01 C
 2.074472625495768e-01 5.540129951099596e-01 5.000000000000000e-01 C
 2.025470537744071e-01 5.051237303011853e-01 5.000000000000000e-01 C
 2.057605859703117e-01 4.560947034863626e-01 5.000000000000000e-01 C
 2.170002023560397e-01 4.082632987078657e-01 5.000000000000000e-01 C
 2.359593154960816e-01 3.629342320008860e-01 5.000000000000000e-01 C
 2.621207702066964e-01 3.213439621411316e-01 5.000000000000000e-01 C
 2.947709502012009e-01 2.846269632726353e-01 5.000000000000000e-01 C
 3.330192436820126e-01 2.537847794104564e-01 5.000000000000000e-01 C
 3.758223369088339e-01 2.296587049307827e-01 5.000000000000000e-01 C
 4.220126730777742e-01 2.129068362534373e-01 5.000000000000000e-01 C
 4.703303002273646e-01 2.039861206870759e-01 5.000000000000000e-01 C
 5.194572394436170e-01 2.031398920977787e-01 5.000000000000000e-01 C
 5.680534358890853e-01 2.103912333955084e-01 5.000000000000000e-01 C
 6.147933120055669e-01 2.255423468924991e-01 5.000000000000000e-01 C
 6.584019258143673e-01 2.481799497085579e-01 5.000000000000000e-01 C
 6.976897480099545e-01 2.776865470506892e-01 5.000000000000000e-01 C
 7.315851092185413e-01 3.132572758613577e-01 5.000000000000000e-01 C
 7.591634323449704e-01 3.539218593845789e-01 5.000000000000000e-01 C
 7.796724526256748e-01 3.985710737864961e-01 5.000000000000000e-01 C
 7.925527374504231e-01 4.459870048900402e-01 5.000000000000000e-01 C
 7.974529462255929e-01 4.948762696988152e-01 5.000000000000000e-01 C
