 C
 AIREBO 
 80
 1.024875e+01
 4.878643737041103e+00 0.000000000000000e+00 0.000000000000000e+00
 0.000000000000000e+00 4.878643737041103e+00 0.000000000000000e+00
 0.000000000000000e+00 0.000000000000000e+00 4.156604463959019e-01
 fra
 6.562421620538007e-01 5.102406523387457e-01 0.000000000000000e+00 C
 6.454305907351525e-01 5.580209224503863e-01 0.000000000000000e+00 C
 6.203832599208401e-01 6.001217004170456e-01 0.000000000000000e+00 C
 5.835519768659839e-01 6.324218687579785e-01 0.000000000000000e+00 C
 5.385420441746317e-01 6.517596619474685e-01 0.000000000000000e+00 C
 4.897593476612543e-01 6.562421620538007e-01 0.000000000000000e+00 C
 4.419790775496138e-01 6.454305907351525e-01 0.000000000000000e+00 C
 3.998782995829546e-01 6.203832599208403e-01 0.000000000000000e+00 C
 3.675781312420217e-01 5.835519768659840e-01 0.000000000000000e+00 C
 3.482403380525315e-01 5.385420441746317e-01 0.000000000000000e+00 C
 3.437578379461994e-01 4.897593476612543e-01 0.000000000000000e+00 C
 3.545694092648474e-01 4.419790775496138e-01 0.000000000000000e+00 C
 3.796167400791598e-01 3.998782995829546e-01 0.000000000000000e+00 C
 4.164480231340161e-01 3.675781312420215e-01 0.000000000000000e+00 C
 4.614579558253683e-01 3.482403380525315e-01 0.000000000000000e+00 C
 5.102406523387458e-01 3.437578379461994e-01 0.000000000000000e+00 C
 5.580209224503861e-01 3.545694092648474e-01 0.000000000000000e+00 C
 6.001217004170456e-01 3.796167400791599e-01 0.000000000000000e+00 C
 6.324218687579785e-01 4.164480231340160e-01 0.000000000000000e+00 C
 6.517596619474685e-01 4.614579558253683e-01 0.000000000000000e+00 C
 6.562421620538007e-01 5.102406523387457e-01 3.333333333333334e-01 C
 6.454305907351525e-01 5.580209224503863e-01 3.333333333333334e-01 C
 6.203832599208401e-01 6.001217004170456e-01 3.333333333333334e-01 C
 5.835519768659839e-01 6.324218687579785e-01 3.333333333333334e-01 C
 5.385420441746317e-01 6.517596619474685e-01 3.333333333333334e-01 C
 4.897593476612543e-01 6.562421620538007e-01 3.333333333333334e-01 C
 4.419790775496138e-01 6.454305907351525e-01 3.333333333333334e-01 C
 3.998782995829546e-01 6.203832599208403e-01 3.333333333333334e-01 C
 3.675781312420217e-01 5.835519768659840e-01 3.333333333333334e-01 C
 3.482403380525315e-01 5.385420441746317e-01 3.333333333333334e-01 C
 3.437578379461994e-01 4.897593476612543e-01 3.333333333333334e-01 C
 3.545694092648474e-01 4.419790775496138e-01 3.333333333333334e-01 C
 3.796167400791598e-01 3.998782995829546e-01 3.333333333333334e-01 C
 4.164480231340161e-01 3.675781312420215e-01 3.333333333333334e-01 C
 4.614579558253683e-01 3.482403380525315e-01 3.333333333333334e-01 C
 5.102406523387458e-01 3.437578379461994e-01 3.333333333333334e-01 C
 5.580209224503861e-01 3.545694092648474e-01 3.333333333333334e-01 C
 6.001217004170456e-01 3.796167400791599e-01 3.333333333333334e-01 C
 6.324218687579785e-01 4.164480231340160e-01 3.333333333333334e-01 C
 6.517596619474685e-01 4.614579558253683e-01 3.333333333333334e-01 C
 6.527165707996404e-01 5.345562319526829e-01 8.333333333333333e-01 C
 6.345636268703065e-01 5.800569452769595e-01 8.333333333333333e-01 C
 6.032386575829890e-01 6.177211270079910e-01 8.333333333333333e-01 C
 5.618079691854250e-01 6.438619446161589e-01 8.333333333333333e-01 C
 5.143270861225480e-01 6.559205527401897e-01 8.333333333333333e-01 C
 4.654437680473172e-01 6.527165707996404e-01 8.333333333333333e-01 C
 4.199430547230406e-01 6.345636268703067e-01 8.333333333333333e-01 C
 3.822788729920091e-01 6.032386575829891e-01 8.333333333333333e-01 C
 3.561380553838412e-01 5.618079691854250e-01 8.333333333333333e-01 C
 3.440794472598103e-01 5.143270861225480e-01 8.333333333333333e-01 C
 3.472834292003597e-01 4.654437680473172e-01 8.333333333333333e-01 C
 3.654363731296933e-01 4.199430547230407e-01 8.333333333333333e-01 C
 3.967613424170109e-01 3.822788729920091e-01 8.333333333333333e-01 C
 4.381920308145751e-01 3.561380553838412e-01 8.333333333333333e-01 C
 4.856729138774521e-01 3.440794472598103e-01 8.333333333333333e-01 C
 5.345562319526829e-01 3.472834292003597e-01 8.333333333333333e-01 C
 5.800569452769594e-01 3.654363731296934e-01 8.333333333333333e-01 C
 6.177211270079910e-01 3.967613424170111e-01 8.333333333333333e-01 C
 6.438619446161586e-01 4.381920308145748e-01 8.333333333333333e-01 C
 6.559205527401897e-01 4.856729138774519e-01 8.333333333333333e-01 C
 6.527165707996404e-01 5.345562319526829e-01 5.000000000000000e-01 C
 6.345636268703065e-01 5.800569452769595e-01 5.000000000000000e-01 C
 6.032386575829890e-01 6.177211270079910e-01 5.000000000000000e-01 C
 5.618079691854250e-01 6.438619446161589e-01 5.000000000000000e-01 C
 5.143270861225480e-01 6.559205527401897e-01 5.000000000000000e-01 C
 4.654437680473172e-01 6.527165707996404e-01 5.000000000000000e-01 C
 4.199430547230406e-01 6.345636268703067e-01 5.000000000000000e-01 C
 3.822788729920091e-01 6.032386575829891e-01 5.000000000000000e-01 C
 3.561380553838412e-01 5.618079691854250e-01 5.000000000000000e-01 C
 3.440794472598103e-01 5.143270861225480e-01 5.000000000000000e-01 C
 3.472834292003597e-01 4.654437680473172e-01 5.000000000000000e-01 C
 3.654363731296933e-01 4.199430547230407e-01 5.000000000000000e-01 C
 3.967613424170109e-01 3.822788729920091e-01 5.000000000000000e-01 C
 4.381920308145751e-01 3.561380553838412e-01 5.000000000000000e-01 C
 4.856729138774521e-01 3.440794472598103e-01 5.000000000000000e-01 C
 5.345562319526829e-01 3.472834292003597e-01 5.000000000000000e-01 C
 5.800569452769594e-01 3.654363731296934e-01 5.000000000000000e-01 C
 6.177211270079910e-01 3.967613424170111e-01 5.000000000000000e-01 C
 6.438619446161586e-01 4.381920308145748e-01 5.000000000000000e-01 C
 6.559205527401897e-01 4.856729138774519e-01 5.000000000000000e-01 C
