 C
 AIREBO 
 560
 1.024875e+01
 4.878643737041103e+00 0.000000000000000e+00 0.000000000000000e+00
 0.000000000000000e+00 4.878643737041103e+00 0.000000000000000e+00
 0.000000000000000e+00 0.000000000000000e+00 4.156604463959019e-01
 fra
 8.749811889291217e-01 5.245775656129897e-01 0.000000000000000e+00 C
 8.685651568221177e-01 5.733121678771425e-01 0.000000000000000e+00 C
 8.558428726963206e-01 6.207923786229441e-01 0.000000000000000e+00 C
 8.370320183604065e-01 6.662057982805329e-01 0.000000000000000e+00 C
 8.124544527474167e-01 7.087753906485889e-01 0.000000000000000e+00 C
 7.825307048191783e-01 7.477727781991736e-01 0.000000000000000e+00 C
 7.477727781991736e-01 7.825307048191783e-01 0.000000000000000e+00 C
 7.087753906485890e-01 8.124544527474167e-01 0.000000000000000e+00 C
 6.662057982805331e-01 8.370320183604065e-01 0.000000000000000e+00 C
 6.207923786229443e-01 8.558428726963206e-01 0.000000000000000e+00 C
 5.733121678771425e-01 8.685651568221177e-01 0.000000000000000e+00 C
 5.245775656129900e-01 8.749811889291217e-01 0.000000000000000e+00 C
 4.754224343870105e-01 8.749811889291219e-01 0.000000000000000e+00 C
 4.266878321228579e-01 8.685651568221177e-01 0.000000000000000e+00 C
 3.792076213770560e-01 8.558428726963206e-01 0.000000000000000e+00 C
 3.337942017194673e-01 8.370320183604065e-01 0.000000000000000e+00 C
 2.912246093514115e-01 8.124544527474169e-01 0.000000000000000e+00 C
 2.522272218008265e-01 7.825307048191783e-01 0.000000000000000e+00 C
 2.174692951808220e-01 7.477727781991739e-01 0.000000000000000e+00 C
 1.875455472525835e-01 7.087753906485890e-01 0.000000000000000e+00 C
 1.629679816395938e-01 6.662057982805329e-01 0.000000000000000e+00 C
 1.441571273036796e-01 6.207923786229443e-01 0.000000000000000e+00 C
 1.314348431778825e-01 5.733121678771426e-01 0.000000000000000e+00 C
 1.250188110708784e-01 5.245775656129900e-01 0.000000000000000e+00 C
 1.250188110708784e-01 4.754224343870105e-01 0.000000000000000e+00 C
 1.314348431778824e-01 4.266878321228579e-01 0.000000000000000e+00 C
 1.441571273036795e-01 3.792076213770560e-01 0.000000000000000e+00 C
 1.629679816395937e-01 3.337942017194673e-01 0.000000000000000e+00 C
 1.875455472525834e-01 2.912246093514115e-01 0.000000000000000e+00 C
 2.174692951808219e-01 2.522272218008265e-01 0.000000000000000e+00 C
 2.522272218008265e-01 2.174692951808219e-01 0.000000000000000e+00 C
 2.912246093514114e-01 1.875455472525834e-01 0.000000000000000e+00 C
 3.337942017194672e-01 1.629679816395938e-01 0.000000000000000e+00 C
 3.792076213770559e-01 1.441571273036795e-01 0.000000000000000e+00 C
 4.266878321228580e-01 1.314348431778824e-01 0.000000000000000e+00 C
 4.754224343870105e-01 1.250188110708784e-01 0.000000000000000e+00 C
 5.245775656129896e-01 1.250188110708784e-01 0.000000000000000e+00 C
 5.733121678771428e-01 1.314348431778825e-01 0.000000000000000e+00 C
 6.207923786229441e-01 1.441571273036795e-01 0.000000000000000e+00 C
 6.662057982805328e-01 1.629679816395937e-01 0.000000000000000e+00 C
 7.087753906485887e-01 1.875455472525834e-01 0.000000000000000e+00 C
 7.477727781991732e-01 2.174692951808215e-01 0.000000000000000e+00 C
 7.825307048191781e-01 2.522272218008264e-01 0.000000000000000e+00 C
 8.124544527474167e-01 2.912246093514114e-01 0.000000000000000e+00 C
 8.370320183604065e-01 3.337942017194672e-01 0.000000000000000e+00 C
 8.558428726963206e-01 3.792076213770559e-01 0.000000000000000e+00 C
 8.685651568221177e-01 4.266878321228575e-01 0.000000000000000e+00 C
 8.749811889291217e-01 4.754224343870098e-01 0.000000000000000e+00 C
 8.749811889291217e-01 5.245775656129897e-01 3.333333333333335e-01 C
 8.685651568221177e-01 5.733121678771425e-01 3.333333333333335e-01 C
 8.558428726963206e-01 6.207923786229441e-01 3.333333333333335e-01 C
 8.370320183604065e-01 6.662057982805329e-01 3.333333333333335e-01 C
 8.124544527474167e-01 7.087753906485889e-01 3.333333333333335e-01 C
 7.825307048191783e-01 7.477727781991736e-01 3.333333333333335e-01 C
 7.477727781991736e-01 7.825307048191783e-01 3.333333333333335e-01 C
 7.087753906485890e-01 8.124544527474167e-01 3.333333333333335e-01 C
 6.662057982805331e-01 8.370320183604065e-01 3.333333333333335e-01 C
 6.207923786229443e-01 8.558428726963206e-01 3.333333333333335e-01 C
 5.733121678771425e-01 8.685651568221177e-01 3.333333333333335e-01 C
 5.245775656129900e-01 8.749811889291217e-01 3.333333333333335e-01 C
 4.754224343870105e-01 8.749811889291219e-01 3.333333333333335e-01 C
 4.266878321228579e-01 8.685651568221177e-01 3.333333333333335e-01 C
 3.792076213770560e-01 8.558428726963206e-01 3.333333333333335e-01 C
 3.337942017194673e-01 8.370320183604065e-01 3.333333333333335e-01 C
 2.912246093514115e-01 8.124544527474169e-01 3.333333333333335e-01 C
 2.522272218008265e-01 7.825307048191783e-01 3.333333333333335e-01 C
 2.174692951808220e-01 7.477727781991739e-01 3.333333333333335e-01 C
 1.875455472525835e-01 7.087753906485890e-01 3.333333333333335e-01 C
 1.629679816395938e-01 6.662057982805329e-01 3.333333333333335e-01 C
 1.441571273036796e-01 6.207923786229443e-01 3.333333333333335e-01 C
 1.314348431778825e-01 5.733121678771426e-01 3.333333333333335e-01 C
 1.250188110708784e-01 5.245775656129900e-01 3.333333333333335e-01 C
 1.250188110708784e-01 4.754224343870105e-01 3.333333333333335e-01 C
 1.314348431778824e-01 4.266878321228579e-01 3.333333333333335e-01 C
 1.441571273036795e-01 3.792076213770560e-01 3.333333333333335e-01 C
 1.629679816395937e-01 3.337942017194673e-01 3.333333333333335e-01 C
 1.875455472525834e-01 2.912246093514115e-01 3.333333333333335e-01 C
 2.174692951808219e-01 2.522272218008265e-01 3.333333333333335e-01 C
 2.522272218008265e-01 2.174692951808219e-01 3.333333333333335e-01 C
 2.912246093514114e-01 1.875455472525834e-01 3.333333333333335e-01 C
 3.337942017194672e-01 1.629679816395938e-01 3.333333333333335e-01 C
 3.792076213770559e-01 1.441571273036795e-01 3.333333333333335e-01 C
 4.266878321228580e-01 1.314348431778824e-01 3.333333333333335e-01 C
 4.754224343870105e-01 1.250188110708784e-01 3.333333333333335e-01 C
 5.245775656129896e-01 1.250188110708784e-01 3.333333333333335e-01 C
 5.733121678771428e-01 1.314348431778825e-01 3.333333333333335e-01 C
 6.207923786229441e-01 1.441571273036795e-01 3.333333333333335e-01 C
 6.662057982805328e-01 1.629679816395937e-01 3.333333333333335e-01 C
 7.087753906485887e-01 1.875455472525834e-01 3.333333333333335e-01 C
 7.477727781991732e-01 2.174692951808215e-01 3.333333333333335e-01 C
 7.825307048191781e-01 2.522272218008264e-01 3.333333333333335e-01 C
 8.124544527474167e-01 2.912246093514114e-01 3.333333333333335e-01 C
 8.370320183604065e-01 3.337942017194672e-01 3.333333333333335e-01 C
 8.558428726963206e-01 3.792076213770559e-01 3.333333333333335e-01 C
 8.685651568221177e-01 4.266878321228575e-01 3.333333333333335e-01 C
 8.749811889291217e-01 4.754224343870098e-01 3.333333333333335e-01 C
 8.725708757195960e-01 5.490498863168082e-01 8.333333333333334e-01 C
 8.629811853399747e-01 5.972605154795380e-01 8.333333333333334e-01 C
 8.471807862417892e-01 6.438069902567035e-01 8.333333333333334e-01 C
 8.254400276343077e-01 6.878928875597468e-01 8.333333333333334e-01 C
 7.981308999249811e-01 7.287638854628926e-01 8.333333333333334e-01 C
 7.657206698604369e-01 7.657206698604369e-01 8.333333333333334e-01 C
 7.287638854628926e-01 7.981308999249811e-01 8.333333333333334e-01 C
 6.878928875597469e-01 8.254400276343075e-01 8.333333333333334e-01 C
 6.438069902567035e-01 8.471807862417892e-01 8.333333333333334e-01 C
 5.972605154795381e-01 8.629811853399747e-01 8.333333333333334e-01 C
 5.490498863168082e-01 8.725708757195960e-01 8.333333333333334e-01 C
 5.000000000000002e-01 8.757857751194935e-01 8.333333333333334e-01 C
 4.509501136831921e-01 8.725708757195960e-01 8.333333333333334e-01 C
 4.027394845204624e-01 8.629811853399747e-01 8.333333333333334e-01 C
 3.561930097432967e-01 8.471807862417892e-01 8.333333333333334e-01 C
 3.121071124402536e-01 8.254400276343077e-01 8.333333333333334e-01 C
 2.712361145371078e-01 7.981308999249811e-01 8.333333333333334e-01 C
 2.342793301395634e-01 7.657206698604369e-01 8.333333333333334e-01 C
 2.018691000750193e-01 7.287638854628929e-01 8.333333333333334e-01 C
 1.745599723656926e-01 6.878928875597469e-01 8.333333333333334e-01 C
 1.528192137582111e-01 6.438069902567037e-01 8.333333333333334e-01 C
 1.370188146600256e-01 5.972605154795384e-01 8.333333333333334e-01 C
 1.274291242804040e-01 5.490498863168083e-01 8.333333333333334e-01 C
 1.242142248805067e-01 5.000000000000003e-01 8.333333333333334e-01 C
 1.274291242804040e-01 4.509501136831924e-01 8.333333333333334e-01 C
 1.370188146600254e-01 4.027394845204624e-01 8.333333333333334e-01 C
 1.528192137582109e-01 3.561930097432967e-01 8.333333333333334e-01 C
 1.745599723656924e-01 3.121071124402536e-01 8.333333333333334e-01 C
 2.018691000750190e-01 2.712361145371078e-01 8.333333333333334e-01 C
 2.342793301395631e-01 2.342793301395635e-01 8.333333333333334e-01 C
 2.712361145371074e-01 2.018691000750191e-01 8.333333333333334e-01 C
 3.121071124402536e-01 1.745599723656925e-01 8.333333333333334e-01 C
 3.561930097432968e-01 1.528192137582109e-01 8.333333333333334e-01 C
 4.027394845204623e-01 1.370188146600254e-01 8.333333333333334e-01 C
 4.509501136831924e-01 1.274291242804040e-01 8.333333333333334e-01 C
 5.000000000000000e-01 1.242142248805067e-01 8.333333333333334e-01 C
 5.490498863168081e-01 1.274291242804040e-01 8.333333333333334e-01 C
 5.972605154795377e-01 1.370188146600254e-01 8.333333333333334e-01 C
 6.438069902567036e-01 1.528192137582110e-01 8.333333333333334e-01 C
 6.878928875597469e-01 1.745599723656926e-01 8.333333333333334e-01 C
 7.287638854628926e-01 2.018691000750190e-01 8.333333333333334e-01 C
 7.657206698604367e-01 2.342793301395633e-01 8.333333333333334e-01 C
 7.981308999249811e-01 2.712361145371074e-01 8.333333333333334e-01 C
 8.254400276343078e-01 3.121071124402537e-01 8.333333333333334e-01 C
 8.471807862417894e-01 3.561930097432969e-01 8.333333333333334e-01 C
 8.629811853399746e-01 4.027394845204619e-01 8.333333333333334e-01 C
 8.725708757195960e-01 4.509501136831924e-01 8.333333333333334e-01 C
 8.757857751194935e-01 5.000000000000003e-01 8.333333333333334e-01 C
 8.725708757195960e-01 5.490498863168082e-01 5.000000000000000e-01 C
 8.629811853399747e-01 5.972605154795380e-01 5.000000000000000e-01 C
 8.471807862417892e-01 6.438069902567035e-01 5.000000000000000e-01 C
 8.254400276343077e-01 6.878928875597468e-01 5.000000000000000e-01 C
 7.981308999249811e-01 7.287638854628926e-01 5.000000000000000e-01 C
 7.657206698604369e-01 7.657206698604369e-01 5.000000000000000e-01 C
 7.287638854628926e-01 7.981308999249811e-01 5.000000000000000e-01 C
 6.878928875597469e-01 8.254400276343075e-01 5.000000000000000e-01 C
 6.438069902567035e-01 8.471807862417892e-01 5.000000000000000e-01 C
 5.972605154795381e-01 8.629811853399747e-01 5.000000000000000e-01 C
 5.490498863168082e-01 8.725708757195960e-01 5.000000000000000e-01 C
 5.000000000000002e-01 8.757857751194935e-01 5.000000000000000e-01 C
 4.509501136831921e-01 8.725708757195960e-01 5.000000000000000e-01 C
 4.027394845204624e-01 8.629811853399747e-01 5.000000000000000e-01 C
 3.561930097432967e-01 8.471807862417892e-01 5.000000000000000e-01 C
 3.121071124402536e-01 8.254400276343077e-01 5.000000000000000e-01 C
 2.712361145371078e-01 7.981308999249811e-01 5.000000000000000e-01 C
 2.342793301395634e-01 7.657206698604369e-01 5.000000000000000e-01 C
 2.018691000750193e-01 7.287638854628929e-01 5.000000000000000e-01 C
 1.745599723656926e-01 6.878928875597469e-01 5.000000000000000e-01 C
 1.528192137582111e-01 6.438069902567037e-01 5.000000000000000e-01 C
 1.370188146600256e-01 5.972605154795384e-01 5.000000000000000e-01 C
 1.274291242804040e-01 5.490498863168083e-01 5.000000000000000e-01 C
 1.242142248805067e-01 5.000000000000003e-01 5.000000000000000e-01 C
 1.274291242804040e-01 4.509501136831924e-01 5.000000000000000e-01 C
 1.370188146600254e-01 4.027394845204624e-01 5.000000000000000e-01 C
 1.528192137582109e-01 3.561930097432967e-01 5.000000000000000e-01 C
 1.745599723656924e-01 3.121071124402536e-01 5.000000000000000e-01 C
 2.018691000750190e-01 2.712361145371078e-01 5.000000000000000e-01 C
 2.342793301395631e-01 2.342793301395635e-01 5.000000000000000e-01 C
 2.712361145371074e-01 2.018691000750191e-01 5.000000000000000e-01 C
 3.121071124402536e-01 1.745599723656925e-01 5.000000000000000e-01 C
 3.561930097432968e-01 1.528192137582109e-01 5.000000000000000e-01 C
 4.027394845204623e-01 1.370188146600254e-01 5.000000000000000e-01 C
 4.509501136831924e-01 1.274291242804040e-01 5.000000000000000e-01 C
 5.000000000000000e-01 1.242142248805067e-01 5.000000000000000e-01 C
 5.490498863168081e-01 1.274291242804040e-01 5.000000000000000e-01 C
 5.972605154795377e-01 1.370188146600254e-01 5.000000000000000e-01 C
 6.438069902567036e-01 1.528192137582110e-01 5.000000000000000e-01 C
 6.878928875597469e-01 1.745599723656926e-01 5.000000000000000e-01 C
 7.287638854628926e-01 2.018691000750190e-01 5.000000000000000e-01 C
 7.657206698604367e-01 2.342793301395633e-01 5.000000000000000e-01 C
 7.981308999249811e-01 2.712361145371074e-01 5.000000000000000e-01 C
 8.254400276343078e-01 3.121071124402537e-01 5.000000000000000e-01 C
 8.471807862417894e-01 3.561930097432969e-01 5.000000000000000e-01 C
 8.629811853399746e-01 4.027394845204619e-01 5.000000000000000e-01 C
 8.725708757195960e-01 4.509501136831924e-01 5.000000000000000e-01 C
 8.757857751194935e-01 5.000000000000003e-01 5.000000000000000e-01 C
 7.968601079022216e-01 5.194572394436171e-01 0.000000000000000e+00 C
 7.896087666044919e-01 5.680534358890856e-01 0.000000000000000e+00 C
 7.744576531075013e-01 6.147933120055671e-01 0.000000000000000e+00 C
 7.518200502914424e-01 6.584019258143674e-01 0.000000000000000e+00 C
 7.223134529493113e-01 6.976897480099546e-01 0.000000000000000e+00 C
 6.867427241386425e-01 7.315851092185416e-01 0.000000000000000e+00 C
 6.460781406154216e-01 7.591634323449705e-01 0.000000000000000e+00 C
 6.014289262135044e-01 7.796724526256751e-01 0.000000000000000e+00 C
 5.540129951099598e-01 7.925527374504234e-01 0.000000000000000e+00 C
 5.051237303011853e-01 7.974529462255932e-01 0.000000000000000e+00 C
 4.560947034863624e-01 7.942394140296885e-01 0.000000000000000e+00 C
 4.082632987078658e-01 7.829997976439605e-01 0.000000000000000e+00 C
 3.629342320008860e-01 7.640406845039186e-01 0.000000000000000e+00 C
 3.213439621411316e-01 7.378792297933038e-01 0.000000000000000e+00 C
 2.846269632726354e-01 7.052290497987992e-01 0.000000000000000e+00 C
 2.537847794104565e-01 6.669807563179876e-01 0.000000000000000e+00 C
 2.296587049307827e-01 6.241776630911663e-01 0.000000000000000e+00 C
 2.129068362534374e-01 5.779873269222261e-01 0.000000000000000e+00 C
 2.039861206870759e-01 5.296696997726361e-01 0.000000000000000e+00 C
 2.031398920977787e-01 4.805427605563832e-01 0.000000000000000e+00 C
 2.103912333955084e-01 4.319465641109146e-01 0.000000000000000e+00 C
 2.255423468924989e-01 3.852066879944336e-01 0.000000000000000e+00 C
 2.481799497085578e-01 3.415980741856330e-01 0.000000000000000e+00 C
 2.776865470506892e-01 3.023102519900457e-01 0.000000000000000e+00 C
 3.132572758613579e-01 2.684148907814587e-01 0.000000000000000e+00 C
 3.539218593845789e-01 2.408365676550298e-01 0.000000000000000e+00 C
 3.985710737864961e-01 2.203275473743252e-01 0.000000000000000e+00 C
 4.459870048900403e-01 2.074472625495770e-01 0.000000000000000e+00 C
 4.948762696988151e-01 2.025470537744072e-01 0.000000000000000e+00 C
 5.439052965136381e-01 2.057605859703118e-01 0.000000000000000e+00 C
 5.917367012921348e-01 2.170002023560398e-01 0.000000000000000e+00 C
 6.370657679991145e-01 2.359593154960817e-01 0.000000000000000e+00 C
 6.786560378588684e-01 2.621207702066963e-01 0.000000000000000e+00 C
 7.153730367273653e-01 2.947709502012011e-01 0.000000000000000e+00 C
 7.462152205895441e-01 3.330192436820127e-01 0.000000000000000e+00 C
 7.703412950692176e-01 3.758223369088344e-01 0.000000000000000e+00 C
 7.870931637465629e-01 4.220126730777742e-01 0.000000000000000e+00 C
 7.960138793129244e-01 4.703303002273648e-01 0.000000000000000e+00 C
 7.968601079022216e-01 5.194572394436171e-01 3.333333333333335e-01 C
 7.896087666044919e-01 5.680534358890856e-01 3.333333333333335e-01 C
 7.744576531075013e-01 6.147933120055671e-01 3.333333333333335e-01 C
 7.518200502914424e-01 6.584019258143674e-01 3.333333333333335e-01 C
 7.223134529493113e-01 6.976897480099546e-01 3.333333333333335e-01 C
 6.867427241386425e-01 7.315851092185416e-01 3.333333333333335e-01 C
 6.460781406154216e-01 7.591634323449705e-01 3.333333333333335e-01 C
 6.014289262135044e-01 7.796724526256751e-01 3.333333333333335e-01 C
 5.540129951099598e-01 7.925527374504234e-01 3.333333333333335e-01 C
 5.051237303011853e-01 7.974529462255932e-01 3.333333333333335e-01 C
 4.560947034863624e-01 7.942394140296885e-01 3.333333333333335e-01 C
 4.082632987078658e-01 7.829997976439605e-01 3.333333333333335e-01 C
 3.629342320008860e-01 7.640406845039186e-01 3.333333333333335e-01 C
 3.213439621411316e-01 7.378792297933038e-01 3.333333333333335e-01 C
 2.846269632726354e-01 7.052290497987992e-01 3.333333333333335e-01 C
 2.537847794104565e-01 6.669807563179876e-01 3.333333333333335e-01 C
 2.296587049307827e-01 6.241776630911663e-01 3.333333333333335e-01 C
 2.129068362534374e-01 5.779873269222261e-01 3.333333333333335e-01 C
 2.039861206870759e-01 5.296696997726361e-01 3.333333333333335e-01 C
 2.031398920977787e-01 4.805427605563832e-01 3.333333333333335e-01 C
 2.103912333955084e-01 4.319465641109146e-01 3.333333333333335e-01 C
 2.255423468924989e-01 3.852066879944336e-01 3.333333333333335e-01 C
 2.481799497085578e-01 3.415980741856330e-01 3.333333333333335e-01 C
 2.776865470506892e-01 3.023102519900457e-01 3.333333333333335e-01 C
 3.132572758613579e-01 2.684148907814587e-01 3.333333333333335e-01 C
 3.539218593845789e-01 2.408365676550298e-01 3.333333333333335e-01 C
 3.985710737864961e-01 2.203275473743252e-01 3.333333333333335e-01 C
 4.459870048900403e-01 2.074472625495770e-01 3.333333333333335e-01 C
 4.948762696988151e-01 2.025470537744072e-01 3.333333333333335e-01 C
 5.439052965136381e-01 2.057605859703118e-01 3.333333333333335e-01 C
 5.917367012921348e-01 2.170002023560398e-01 3.333333333333335e-01 C
 6.370657679991145e-01 2.359593154960817e-01 3.333333333333335e-01 C
 6.786560378588684e-01 2.621207702066963e-01 3.333333333333335e-01 C
 7.153730367273653e-01 2.947709502012011e-01 3.333333333333335e-01 C
 7.462152205895441e-01 3.330192436820127e-01 3.333333333333335e-01 C
 7.703412950692176e-01 3.758223369088344e-01 3.333333333333335e-01 C
 7.870931637465629e-01 4.220126730777742e-01 3.333333333333335e-01 C
 7.960138793129244e-01 4.703303002273648e-01 3.333333333333335e-01 C
 7.942394140296885e-01 5.439052965136378e-01 8.333333333333335e-01 C
 7.829997976439605e-01 5.917367012921346e-01 8.333333333333335e-01 C
 7.640406845039186e-01 6.370657679991144e-01 8.333333333333335e-01 C
 7.378792297933039e-01 6.786560378588685e-01 8.333333333333335e-01 C
 7.052290497987992e-01 7.153730367273651e-01 8.333333333333335e-01 C
 6.669807563179877e-01 7.462152205895439e-01 8.333333333333335e-01 C
 6.241776630911663e-01 7.703412950692176e-01 8.333333333333335e-01 C
 5.779873269222261e-01 7.870931637465629e-01 8.333333333333335e-01 C
 5.296696997726360e-01 7.960138793129243e-01 8.333333333333335e-01 C
 4.805427605563832e-01 7.968601079022216e-01 8.333333333333335e-01 C
 4.319465641109146e-01 7.896087666044919e-01 8.333333333333335e-01 C
 3.852066879944335e-01 7.744576531075013e-01 8.333333333333335e-01 C
 3.415980741856330e-01 7.518200502914426e-01 8.333333333333335e-01 C
 3.023102519900457e-01 7.223134529493113e-01 8.333333333333335e-01 C
 2.684148907814590e-01 6.867427241386426e-01 8.333333333333335e-01 C
 2.408365676550298e-01 6.460781406154217e-01 8.333333333333335e-01 C
 2.203275473743252e-01 6.014289262135043e-01 8.333333333333335e-01 C
 2.074472625495768e-01 5.540129951099598e-01 8.333333333333335e-01 C
 2.025470537744072e-01 5.051237303011853e-01 8.333333333333335e-01 C
 2.057605859703117e-01 4.560947034863628e-01 8.333333333333335e-01 C
 2.170002023560398e-01 4.082632987078659e-01 8.333333333333335e-01 C
 2.359593154960816e-01 3.629342320008860e-01 8.333333333333335e-01 C
 2.621207702066964e-01 3.213439621411316e-01 8.333333333333335e-01 C
 2.947709502012010e-01 2.846269632726355e-01 8.333333333333335e-01 C
 3.330192436820126e-01 2.537847794104565e-01 8.333333333333335e-01 C
 3.758223369088339e-01 2.296587049307827e-01 8.333333333333335e-01 C
 4.220126730777742e-01 2.129068362534373e-01 8.333333333333335e-01 C
 4.703303002273648e-01 2.039861206870759e-01 8.333333333333335e-01 C
 5.194572394436172e-01 2.031398920977787e-01 8.333333333333335e-01 C
 5.680534358890855e-01 2.103912333955084e-01 8.333333333333335e-01 C
 6.147933120055671e-01 2.255423468924991e-01 8.333333333333335e-01 C
 6.584019258143675e-01 2.481799497085579e-01 8.333333333333335e-01 C
 6.976897480099548e-01 2.776865470506892e-01 8.333333333333335e-01 C
 7.315851092185415e-01 3.132572758613579e-01 8.333333333333335e-01 C
 7.591634323449706e-01 3.539218593845789e-01 8.333333333333335e-01 C
 7.796724526256751e-01 3.985710737864961e-01 8.333333333333335e-01 C
 7.925527374504234e-01 4.459870048900403e-01 8.333333333333335e-01 C
 7.974529462255933e-01 4.948762696988154e-01 8.333333333333335e-01 C
 7.942394140296885e-01 5.439052965136378e-01 5.000000000000000e-01 C
 7.829997976439605e-01 5.917367012921346e-01 5.000000000000000e-01 C
 7.640406845039186e-01 6.370657679991144e-01 5.000000000000000e-01 C
 7.378792297933039e-01 6.786560378588685e-01 5.000000000000000e-01 C
 7.052290497987992e-01 7.153730367273651e-01 5.000000000000000e-01 C
 6.669807563179877e-01 7.462152205895439e-01 5.000000000000000e-01 C
 6.241776630911663e-01 7.703412950692176e-01 5.000000000000000e-01 C
 5.779873269222261e-01 7.870931637465629e-01 5.000000000000000e-01 C
 5.296696997726360e-01 7.960138793129243e-01 5.000000000000000e-01 C
 4.805427605563832e-01 7.968601079022216e-01 5.000000000000000e-01 C
 4.319465641109146e-01 7.896087666044919e-01 5.000000000000000e-01 C
 3.852066879944335e-01 7.744576531075013e-01 5.000000000000000e-01 C
 3.415980741856330e-01 7.518200502914426e-01 5.000000000000000e-01 C
 3.023102519900457e-01 7.223134529493113e-01 5.000000000000000e-01 C
 2.684148907814590e-01 6.867427241386426e-01 5.000000000000000e-01 C
 2.408365676550298e-01 6.460781406154217e-01 5.000000000000000e-01 C
 2.203275473743252e-01 6.014289262135043e-01 5.000000000000000e-01 C
 2.074472625495768e-01 5.540129951099598e-01 5.000000000000000e-01 C
 2.025470537744072e-01 5.051237303011853e-01 5.000000000000000e-01 C
 2.057605859703117e-01 4.560947034863628e-01 5.000000000000000e-01 C
 2.170002023560398e-01 4.082632987078659e-01 5.000000000000000e-01 C
 2.359593154960816e-01 3.629342320008860e-01 5.000000000000000e-01 C
 2.621207702066964e-01 3.213439621411316e-01 5.000000000000000e-01 C
 2.947709502012010e-01 2.846269632726355e-01 5.000000000000000e-01 C
 3.330192436820126e-01 2.537847794104565e-01 5.000000000000000e-01 C
 3.758223369088339e-01 2.296587049307827e-01 5.000000000000000e-01 C
 4.220126730777742e-01 2.129068362534373e-01 5.000000000000000e-01 C
 4.703303002273648e-01 2.039861206870759e-01 5.000000000000000e-01 C
 5.194572394436172e-01 2.031398920977787e-01 5.000000000000000e-01 C
 5.680534358890855e-01 2.103912333955084e-01 5.000000000000000e-01 C
 6.147933120055671e-01 2.255423468924991e-01 5.000000000000000e-01 C
 6.584019258143675e-01 2.481799497085579e-01 5.000000000000000e-01 C
 6.976897480099548e-01 2.776865470506892e-01 5.000000000000000e-01 C
 7.315851092185415e-01 3.132572758613579e-01 5.000000000000000e-01 C
 7.591634323449706e-01 3.539218593845789e-01 5.000000000000000e-01 C
 7.796724526256751e-01 3.985710737864961e-01 5.000000000000000e-01 C
 7.925527374504234e-01 4.459870048900403e-01 5.000000000000000e-01 C
 7.974529462255933e-01 4.948762696988154e-01 5.000000000000000e-01 C
 7.187390268753212e-01 5.143369132742441e-01 0.000000000000000e+00 C
 7.100645194524053e-01 5.626514694785826e-01 0.000000000000000e+00 C
 6.908564998711020e-01 6.078244193935113e-01 0.000000000000000e+00 C
 6.620781384389224e-01 6.475906026844841e-01 0.000000000000000e+00 C
 6.251725023660486e-01 6.799559768721709e-01 0.000000000000000e+00 C
 5.819901943496897e-01 7.032976069487682e-01 0.000000000000000e+00 C
 5.346965556274013e-01 7.164450461160763e-01 0.000000000000000e+00 C
 4.856630867257561e-01 7.187390268753212e-01 0.000000000000000e+00 C
 4.373485305214176e-01 7.100645194524053e-01 0.000000000000000e+00 C
 3.921755806064893e-01 6.908564998711020e-01 0.000000000000000e+00 C
 3.524093973155162e-01 6.620781384389224e-01 0.000000000000000e+00 C
 3.200440231278295e-01 6.251725023660486e-01 0.000000000000000e+00 C
 2.967023930512321e-01 5.819901943496898e-01 0.000000000000000e+00 C
 2.835549538839240e-01 5.346965556274013e-01 0.000000000000000e+00 C
 2.812609731246792e-01 4.856630867257561e-01 0.000000000000000e+00 C
 2.899354805475949e-01 4.373485305214180e-01 0.000000000000000e+00 C
 3.091435001288986e-01 3.921755806064890e-01 0.000000000000000e+00 C
 3.379218615610778e-01 3.524093973155162e-01 0.000000000000000e+00 C
 3.748274976339517e-01 3.200440231278295e-01 0.000000000000000e+00 C
 4.180098056503107e-01 2.967023930512321e-01 0.000000000000000e+00 C
 4.653034443725992e-01 2.835549538839240e-01 0.000000000000000e+00 C
 5.143369132742441e-01 2.812609731246792e-01 0.000000000000000e+00 C
 5.626514694785827e-01 2.899354805475949e-01 0.000000000000000e+00 C
 6.078244193935114e-01 3.091435001288986e-01 0.000000000000000e+00 C
 6.475906026844840e-01 3.379218615610777e-01 0.000000000000000e+00 C
 6.799559768721708e-01 3.748274976339517e-01 0.000000000000000e+00 C
 7.032976069487682e-01 4.180098056503107e-01 0.000000000000000e+00 C
 7.164450461160763e-01 4.653034443725990e-01 0.000000000000000e+00 C
 7.187390268753212e-01 5.143369132742441e-01 3.333333333333335e-01 C
 7.100645194524053e-01 5.626514694785826e-01 3.333333333333335e-01 C
 6.908564998711020e-01 6.078244193935113e-01 3.333333333333335e-01 C
 6.620781384389224e-01 6.475906026844841e-01 3.333333333333335e-01 C
 6.251725023660486e-01 6.799559768721709e-01 3.333333333333335e-01 C
 5.819901943496897e-01 7.032976069487682e-01 3.333333333333335e-01 C
 5.346965556274013e-01 7.164450461160763e-01 3.333333333333335e-01 C
 4.856630867257561e-01 7.187390268753212e-01 3.333333333333335e-01 C
 4.373485305214176e-01 7.100645194524053e-01 3.333333333333335e-01 C
 3.921755806064893e-01 6.908564998711020e-01 3.333333333333335e-01 C
 3.524093973155162e-01 6.620781384389224e-01 3.333333333333335e-01 C
 3.200440231278295e-01 6.251725023660486e-01 3.333333333333335e-01 C
 2.967023930512321e-01 5.819901943496898e-01 3.333333333333335e-01 C
 2.835549538839240e-01 5.346965556274013e-01 3.333333333333335e-01 C
 2.812609731246792e-01 4.856630867257561e-01 3.333333333333335e-01 C
 2.899354805475949e-01 4.373485305214180e-01 3.333333333333335e-01 C
 3.091435001288986e-01 3.921755806064890e-01 3.333333333333335e-01 C
 3.379218615610778e-01 3.524093973155162e-01 3.333333333333335e-01 C
 3.748274976339517e-01 3.200440231278295e-01 3.333333333333335e-01 C
 4.180098056503107e-01 2.967023930512321e-01 3.333333333333335e-01 C
 4.653034443725992e-01 2.835549538839240e-01 3.333333333333335e-01 C
 5.143369132742441e-01 2.812609731246792e-01 3.333333333333335e-01 C
 5.626514694785827e-01 2.899354805475949e-01 3.333333333333335e-01 C
 6.078244193935114e-01 3.091435001288986e-01 3.333333333333335e-01 C
 6.475906026844840e-01 3.379218615610777e-01 3.333333333333335e-01 C
 6.799559768721708e-01 3.748274976339517e-01 3.333333333333335e-01 C
 7.032976069487682e-01 4.180098056503107e-01 3.333333333333335e-01 C
 7.164450461160763e-01 4.653034443725990e-01 3.333333333333335e-01 C
 7.157584168024836e-01 5.387377663202397e-01 8.333333333333335e-01 C
 7.017289388879399e-01 5.857772940570030e-01 8.333333333333335e-01 C
 6.775839296308641e-01 6.285155900949608e-01 8.333333333333335e-01 C
 6.445341206161848e-01 6.648095778111875e-01 8.333333333333335e-01 C
 6.042367672718817e-01 6.928393251110968e-01 8.333333333333335e-01 C
 5.587125471617317e-01 7.111993034230396e-01 8.333333333333335e-01 C
 5.102442347746462e-01 7.189688667698622e-01 8.333333333333335e-01 C
 4.612622336797608e-01 7.157584168024836e-01 8.333333333333335e-01 C
 4.142227059429976e-01 7.017289388879399e-01 8.333333333333335e-01 C
 3.714844099050396e-01 6.775839296308642e-01 8.333333333333335e-01 C
 3.351904221888127e-01 6.445341206161848e-01 8.333333333333335e-01 C
 3.071606748889035e-01 6.042367672718817e-01 8.333333333333335e-01 C
 2.888006965769608e-01 5.587125471617319e-01 8.333333333333335e-01 C
 2.810311332301382e-01 5.102442347746462e-01 8.333333333333335e-01 C
 2.842415831975167e-01 4.612622336797607e-01 8.333333333333335e-01 C
 2.982710611120605e-01 4.142227059429975e-01 8.333333333333335e-01 C
 3.224160703691362e-01 3.714844099050396e-01 8.333333333333335e-01 C
 3.554658793838156e-01 3.351904221888127e-01 8.333333333333335e-01 C
 3.957632327281186e-01 3.071606748889035e-01 8.333333333333335e-01 C
 4.412874528382688e-01 2.888006965769608e-01 8.333333333333335e-01 C
 4.897557652253541e-01 2.810311332301382e-01 8.333333333333335e-01 C
 5.387377663202395e-01 2.842415831975166e-01 8.333333333333335e-01 C
 5.857772940570031e-01 2.982710611120605e-01 8.333333333333335e-01 C
 6.285155900949609e-01 3.224160703691363e-01 8.333333333333335e-01 C
 6.648095778111874e-01 3.554658793838155e-01 8.333333333333335e-01 C
 6.928393251110968e-01 3.957632327281186e-01 8.333333333333335e-01 C
 7.111993034230396e-01 4.412874528382688e-01 8.333333333333335e-01 C
 7.189688667698622e-01 4.897557652253541e-01 8.333333333333335e-01 C
 7.157584168024836e-01 5.387377663202397e-01 5.000000000000000e-01 C
 7.017289388879399e-01 5.857772940570030e-01 5.000000000000000e-01 C
 6.775839296308641e-01 6.285155900949608e-01 5.000000000000000e-01 C
 6.445341206161848e-01 6.648095778111875e-01 5.000000000000000e-01 C
 6.042367672718817e-01 6.928393251110968e-01 5.000000000000000e-01 C
 5.587125471617317e-01 7.111993034230396e-01 5.000000000000000e-01 C
 5.102442347746462e-01 7.189688667698622e-01 5.000000000000000e-01 C
 4.612622336797608e-01 7.157584168024836e-01 5.000000000000000e-01 C
 4.142227059429976e-01 7.017289388879399e-01 5.000000000000000e-01 C
 3.714844099050396e-01 6.775839296308642e-01 5.000000000000000e-01 C
 3.351904221888127e-01 6.445341206161848e-01 5.000000000000000e-01 C
 3.071606748889035e-01 6.042367672718817e-01 5.000000000000000e-01 C
 2.888006965769608e-01 5.587125471617319e-01 5.000000000000000e-01 C
 2.810311332301382e-01 5.102442347746462e-01 5.000000000000000e-01 C
 2.842415831975167e-01 4.612622336797607e-01 5.000000000000000e-01 C
 2.982710611120605e-01 4.142227059429975e-01 5.000000000000000e-01 C
 3.224160703691362e-01 3.714844099050396e-01 5.000000000000000e-01 C
 3.554658793838156e-01 3.351904221888127e-01 5.000000000000000e-01 C
 3.957632327281186e-01 3.071606748889035e-01 5.000000000000000e-01 C
 4.412874528382688e-01 2.888006965769608e-01 5.000000000000000e-01 C
 4.897557652253541e-01 2.810311332301382e-01 5.000000000000000e-01 C
 5.387377663202395e-01 2.842415831975166e-01 5.000000000000000e-01 C
 5.857772940570031e-01 2.982710611120605e-01 5.000000000000000e-01 C
 6.285155900949609e-01 3.224160703691363e-01 5.000000000000000e-01 C
 6.648095778111874e-01 3.554658793838155e-01 5.000000000000000e-01 C
 6.928393251110968e-01 3.957632327281186e-01 5.000000000000000e-01 C
 7.111993034230396e-01 4.412874528382688e-01 5.000000000000000e-01 C
 7.189688667698622e-01 4.897557652253541e-01 5.000000000000000e-01 C
 6.406179458484209e-01 5.092165871048714e-01 0.000000000000000e+00 C
 6.289853876212520e-01 5.567549288845162e-01 0.000000000000000e+00 C
 6.017952880253803e-01 5.974477886271464e-01 0.000000000000000e+00 C
 5.623271743552001e-01 6.263870068851526e-01 0.000000000000000e+00 C
 5.153414836066561e-01 6.400820868392452e-01 0.000000000000000e+00 C
 4.665053835189654e-01 6.368811997291063e-01 0.000000000000000e+00 C
 4.217092285067793e-01 6.171704197802816e-01 0.000000000000000e+00 C
 3.863560959854043e-01 5.833271579547292e-01 0.000000000000000e+00 C
 3.647100954935851e-01 5.394334111019603e-01 0.000000000000000e+00 C
 3.593820541515795e-01 4.907834128951291e-01 0.000000000000000e+00 C
 3.710146123787483e-01 4.432450711154843e-01 0.000000000000000e+00 C
 3.982047119746199e-01 4.025522113728542e-01 0.000000000000000e+00 C
 4.376728256448003e-01 3.736129931148476e-01 0.000000000000000e+00 C
 4.846585163933442e-01 3.599179131607553e-01 0.000000000000000e+00 C
 5.334946164810350e-01 3.631188002708939e-01 0.000000000000000e+00 C
 5.782907714932209e-01 3.828295802197189e-01 0.000000000000000e+00 C
 6.136439040145961e-01 4.166728420452713e-01 0.000000000000000e+00 C
 6.352899045064152e-01 4.605665888980403e-01 0.000000000000000e+00 C
 6.406179458484209e-01 5.092165871048714e-01 3.333333333333335e-01 C
 6.289853876212520e-01 5.567549288845162e-01 3.333333333333335e-01 C
 6.017952880253803e-01 5.974477886271464e-01 3.333333333333335e-01 C
 5.623271743552001e-01 6.263870068851526e-01 3.333333333333335e-01 C
 5.153414836066561e-01 6.400820868392452e-01 3.333333333333335e-01 C
 4.665053835189654e-01 6.368811997291063e-01 3.333333333333335e-01 C
 4.217092285067793e-01 6.171704197802816e-01 3.333333333333335e-01 C
 3.863560959854043e-01 5.833271579547292e-01 3.333333333333335e-01 C
 3.647100954935851e-01 5.394334111019603e-01 3.333333333333335e-01 C
 3.593820541515795e-01 4.907834128951291e-01 3.333333333333335e-01 C
 3.710146123787483e-01 4.432450711154843e-01 3.333333333333335e-01 C
 3.982047119746199e-01 4.025522113728542e-01 3.333333333333335e-01 C
 4.376728256448003e-01 3.736129931148476e-01 3.333333333333335e-01 C
 4.846585163933442e-01 3.599179131607553e-01 3.333333333333335e-01 C
 5.334946164810350e-01 3.631188002708939e-01 3.333333333333335e-01 C
 5.782907714932209e-01 3.828295802197189e-01 3.333333333333335e-01 C
 6.136439040145961e-01 4.166728420452713e-01 3.333333333333335e-01 C
 6.352899045064152e-01 4.605665888980403e-01 3.333333333333335e-01 C
 6.368811997291063e-01 5.334946164810350e-01 8.333333333333335e-01 C
 6.171704197802815e-01 5.782907714932211e-01 8.333333333333335e-01 C
 5.833271579547292e-01 6.136439040145961e-01 8.333333333333335e-01 C
 5.394334111019602e-01 6.352899045064151e-01 8.333333333333335e-01 C
 4.907834128951291e-01 6.406179458484209e-01 8.333333333333335e-01 C
 4.432450711154843e-01 6.289853876212520e-01 8.333333333333335e-01 C
 4.025522113728542e-01 6.017952880253804e-01 8.333333333333335e-01 C
 3.736129931148476e-01 5.623271743552001e-01 8.333333333333335e-01 C
 3.599179131607553e-01 5.153414836066561e-01 8.333333333333335e-01 C
 3.631188002708939e-01 4.665053835189655e-01 8.333333333333335e-01 C
 3.828295802197189e-01 4.217092285067793e-01 8.333333333333335e-01 C
 4.166728420452713e-01 3.863560959854043e-01 8.333333333333335e-01 C
 4.605665888980402e-01 3.647100954935851e-01 8.333333333333335e-01 C
 5.092165871048714e-01 3.593820541515795e-01 8.333333333333335e-01 C
 5.567549288845163e-01 3.710146123787483e-01 8.333333333333335e-01 C
 5.974477886271464e-01 3.982047119746200e-01 8.333333333333335e-01 C
 6.263870068851526e-01 4.376728256448003e-01 8.333333333333335e-01 C
 6.400820868392452e-01 4.846585163933442e-01 8.333333333333335e-01 C
 6.368811997291063e-01 5.334946164810350e-01 5.000000000000000e-01 C
 6.171704197802815e-01 5.782907714932211e-01 5.000000000000000e-01 C
 5.833271579547292e-01 6.136439040145961e-01 5.000000000000000e-01 C
 5.394334111019602e-01 6.352899045064151e-01 5.000000000000000e-01 C
 4.907834128951291e-01 6.406179458484209e-01 5.000000000000000e-01 C
 4.432450711154843e-01 6.289853876212520e-01 5.000000000000000e-01 C
 4.025522113728542e-01 6.017952880253804e-01 5.000000000000000e-01 C
 3.736129931148476e-01 5.623271743552001e-01 5.000000000000000e-01 C
 3.599179131607553e-01 5.153414836066561e-01 5.000000000000000e-01 C
 3.631188002708939e-01 4.665053835189655e-01 5.000000000000000e-01 C
 3.828295802197189e-01 4.217092285067793e-01 5.000000000000000e-01 C
 4.166728420452713e-01 3.863560959854043e-01 5.000000000000000e-01 C
 4.605665888980402e-01 3.647100954935851e-01 5.000000000000000e-01 C
 5.092165871048714e-01 3.593820541515795e-01 5.000000000000000e-01 C
 5.567549288845163e-01 3.710146123787483e-01 5.000000000000000e-01 C
 5.974477886271464e-01 3.982047119746200e-01 5.000000000000000e-01 C
 6.263870068851526e-01 4.376728256448003e-01 5.000000000000000e-01 C
 6.400820868392452e-01 4.846585163933442e-01 5.000000000000000e-01 C
 5.624968648215205e-01 5.040962609354985e-01 0.000000000000000e+00 C
 5.412954630331959e-01 5.470884508031966e-01 0.000000000000000e+00 C
 4.959037390645017e-01 5.624968648215205e-01 0.000000000000000e+00 C
 4.529115491968039e-01 5.412954630331959e-01 0.000000000000000e+00 C
 4.375031351784799e-01 4.959037390645017e-01 0.000000000000000e+00 C
 4.587045369668046e-01 4.529115491968039e-01 0.000000000000000e+00 C
 5.040962609354985e-01 4.375031351784799e-01 0.000000000000000e+00 C
 5.470884508031966e-01 4.587045369668046e-01 0.000000000000000e+00 C
 5.624968648215205e-01 5.040962609354985e-01 3.333333333333335e-01 C
 5.412954630331959e-01 5.470884508031966e-01 3.333333333333335e-01 C
 4.959037390645017e-01 5.624968648215205e-01 3.333333333333335e-01 C
 4.529115491968039e-01 5.412954630331959e-01 3.333333333333335e-01 C
 4.375031351784799e-01 4.959037390645017e-01 3.333333333333335e-01 C
 4.587045369668046e-01 4.529115491968039e-01 3.333333333333335e-01 C
 5.040962609354985e-01 4.375031351784799e-01 3.333333333333335e-01 C
 5.470884508031966e-01 4.587045369668046e-01 3.333333333333335e-01 C
 5.561720030600680e-01 5.277009663800891e-01 8.333333333333335e-01 C
 5.201320631038243e-01 5.593071454493870e-01 8.333333333333335e-01 C
 4.722990336199114e-01 5.561720030600680e-01 8.333333333333335e-01 C
 4.406928545506132e-01 5.201320631038243e-01 8.333333333333335e-01 C
 4.438279969399325e-01 4.722990336199115e-01 8.333333333333335e-01 C
 4.798679368961761e-01 4.406928545506132e-01 8.333333333333335e-01 C
 5.277009663800890e-01 4.438279969399325e-01 8.333333333333335e-01 C
 5.593071454493870e-01 4.798679368961761e-01 8.333333333333335e-01 C
 5.561720030600680e-01 5.277009663800891e-01 5.000000000000000e-01 C
 5.201320631038243e-01 5.593071454493870e-01 5.000000000000000e-01 C
 4.722990336199114e-01 5.561720030600680e-01 5.000000000000000e-01 C
 4.406928545506132e-01 5.201320631038243e-01 5.000000000000000e-01 C
 4.438279969399325e-01 4.722990336199115e-01 5.000000000000000e-01 C
 4.798679368961761e-01 4.406928545506132e-01 5.000000000000000e-01 C
 5.277009663800890e-01 4.438279969399325e-01 5.000000000000000e-01 C
 5.593071454493870e-01 4.798679368961761e-01 5.000000000000000e-01 C
