# global energy weight w is 20000.000000
# nr.	conf_w	w*de^2		e		e0		|e-e0|		e-e0		de/e0
  0	1000.00	  0.068385	-8.7992347230	-8.7973856000	0.001849	-0.001849	0.000210
  1	1000.00	  0.018034	-8.8100369852	-8.8090874000	0.000950	-0.000950	0.000108
  2	1000.00	  0.001070	-8.8173260511	-8.8170948000	0.000231	-0.000231	0.000026
  3	1000.00	  0.005462	-8.8212874049	-8.8218100000	0.000523	0.000523	-0.000059
  4	1000.00	  0.074156	-8.8223450326	-8.8242706000	0.001926	0.001926	-0.000218
## No.5 has the lowest energy from potfit 
  5	1000.00	  0.182355	-8.8224192367	-8.8254388000	0.003020	0.003020	-0.000342
  6	1000.00	  0.148128	-8.8217829317	-8.8245044000	0.002721	0.002721	-0.000308
  7	1000.00	  0.094240	-8.8206076841	-8.8227784000	0.002171	0.002171	-0.000246
  8	1000.00	  0.022953	-8.8190173132	-8.8200886000	0.001071	0.001071	-0.000121
  9	1000.00	  0.001548	-8.8168734412	-8.8165952000	0.000278	-0.000278	0.000032
 10	1000.00	  0.453100	-8.7897753261	-8.7850156000	0.004760	-0.004760	0.000542
 11	1000.00	  0.001618	-8.6354032088	-8.6356876000	0.000284	0.000284	-0.000033
 12	1000.00	  0.010417	-8.7640616884	-8.7633400000	0.000722	-0.000722	0.000082
 13	1000.00	  0.079389	-8.7776736530	-8.7796660000	0.001992	0.001992	-0.000227
 14	1000.00	  0.238127	-8.7051522440	-8.7086028000	0.003451	0.003451	-0.000396
 15	1000.00	  0.058793	-8.7880769436	-8.7863624000	0.001715	-0.001715	0.000195
 16	1000.00	  0.000232	-8.8120010071	-8.8118932000	0.000108	-0.000108	0.000012
 17	1000.00	  0.191486	-8.8115859605	-8.8146802000	0.003094	0.003094	-0.000351
 18	1000.00	  0.005472	-8.7972897399	-8.7978128000	0.000523	0.000523	-0.000059
 19	1000.00	  0.012012	-8.6187504144	-8.6195254000	0.000775	0.000775	-0.000090
 20	1000.00	  0.000051	-8.6974677087	-8.6975182000	0.000050	0.000050	-0.000006
 21	1000.00	  0.005161	-8.7555488093	-8.7550408000	0.000508	-0.000508	0.000058
 22	1000.00	  0.001446	-8.7943192785	-8.7940504000	0.000269	-0.000269	0.000031
 23	1000.00	  0.001404	-8.8166321959	-8.8163672000	0.000265	-0.000265	0.000030
 24	1000.00	  0.065810	-8.8221526247	-8.8239666000	0.001814	0.001814	-0.000206
 25	1000.00	  0.131552	-8.8147865212	-8.8173512000	0.002565	0.002565	-0.000291
 26	1000.00	  0.052702	-8.7972887072	-8.7989120000	0.001623	0.001623	-0.000184
 27	1000.00	  0.059903	-8.7713054527	-8.7695748000	0.001731	-0.001731	0.000197
 28	1000.00	  0.117266	-8.7329026213	-8.7304812000	0.002421	-0.002421	0.000277
 29	1000.00	  0.253998	-8.6862424945	-8.6826788000	0.003564	-0.003564	0.000410
 30	  1.00	  0.109625	-8.8183579660	-8.8206991750	0.002341	0.002341	-0.000265
 31	  1.00	  0.133204	-8.8187082858	-8.8212890250	0.002581	0.002581	-0.000293
 32	  1.00	  0.065046	-8.8185846119	-8.8203880250	0.001803	0.001803	-0.000204
 33	  1.00	  0.424236	-8.7579195747	-8.7533139500	0.004606	-0.004606	0.000526
 34	  1.00	  0.008474	-8.8005221304	-8.7998712250	0.000651	-0.000651	0.000074
 35	  1.00	  0.089357	-8.7758401008	-8.7737263750	0.002114	-0.002114	0.000241
 36	  1.00	  1.519403	-8.6230631610	-8.6143470750	0.008716	-0.008716	0.001012
 37	  1.00	 10.110590	-8.7087559087	-8.6862719250	0.022484	-0.022484	0.002588
 38	  1.00	  0.056623	-8.7428544831	-8.7411718750	0.001683	-0.001683	0.000192
 39	  1.00	  0.051271	-8.7363551097	-8.7347540000	0.001601	-0.001601	0.000183
 40	  1.00	  0.031204	-8.7682469248	-8.7694960000	0.001249	0.001249	-0.000142
 41	  1.00	  0.314170	-8.7513393949	-8.7473760000	0.003963	-0.003963	0.000453
 42	  1.00	  0.003138	-8.7049719163	-8.7053680000	0.000396	0.000396	-0.000045
 43	  1.00	  4.424919	-8.6875513393	-8.6726770000	0.014874	-0.014874	0.001715
 44	  1.00	  2.906202	-8.6889574649	-8.6769030000	0.012054	-0.012054	0.001389
 45	  1.00	 19.680391	-8.6380800857	-8.6067110000	0.031369	-0.031369	0.003645
 46	  1.00	  9.291149	-8.5693345954	-8.5477810000	0.021554	-0.021554	0.002522
 47	  1.00	  0.004187	-8.5881115431	-8.5876540000	0.000458	-0.000458	0.000053
 48	  1.00	  0.238472	-8.7632500547	-8.7597970000	0.003453	-0.003453	0.000394
 49	  1.00	  0.006008	-8.7511670976	-8.7506190000	0.000548	-0.000548	0.000063
 50	  1.00	  0.215618	-8.7669474305	-8.7636640000	0.003283	-0.003283	0.000375
 51	  1.00	  0.215618	-8.7669474305	-8.7636640000	0.003283	-0.003283	0.000375
 52	  1.00	  0.010197	-8.7769889522	-8.7777030000	0.000714	0.000714	-0.000081
 53	  1.00	  0.009676	-8.7359575395	-8.7352620000	0.000696	-0.000696	0.000080
 54	  1.00	  0.000126	-8.6299214937	-8.6298420000	0.000079	-0.000079	0.000009
 55	  1.00	 13.237541	-8.6244459711	-8.5987190000	0.025727	-0.025727	0.002992
 56	  1.00	  2.676692	-8.6133186914	-8.6017500000	0.011569	-0.011569	0.001345
 57	  1.00	  0.237682	-8.6042586649	-8.6077060000	0.003447	0.003447	-0.000400
 58	  1.00	  0.125227	-8.5737382734	-8.5712360000	0.002502	-0.002502	0.000292
 59	  1.00	  1.221051	-8.6403766134	-8.6325630000	0.007814	-0.007814	0.000905
 60	  1.00	 20.142338	-8.4981771050	-8.4664420000	0.031735	-0.031735	0.003748
 61	  1.00	 13.820532	-8.6094293847	-8.5831420000	0.026287	-0.026287	0.003063
 62	  1.00	 29.714385	-8.5199860287	-8.4814410000	0.038545	-0.038545	0.004545
 63	  1.00	 15.369984	-8.6159288178	-8.5882070000	0.027722	-0.027722	0.003228
 64	  1.00	  3.597836	-8.2612966247	-8.2747090000	0.013412	0.013412	-0.001621
 65	  1.00	  0.273329	-8.8015441827	-8.8052410000	0.003697	0.003697	-0.000420
 66	  1.00	  0.204565	-8.8023598355	-8.8055580000	0.003198	0.003198	-0.000363
 67	  1.00	  0.085066	-8.7953586478	-8.7974210000	0.002062	0.002062	-0.000234
 68	  1.00	  0.245489	-8.7756824920	-8.7721790000	0.003503	-0.003503	0.000399
 69	  1.00	  1.550020	-8.7144224654	-8.7056190000	0.008803	-0.008803	0.001011
 70	  1.00	  2.184282	-8.7272575556	-8.7168070000	0.010451	-0.010451	0.001199
 71	  1.00	  0.236135	-8.7187650956	-8.7153290000	0.003436	-0.003436	0.000394
 72	  1.00	  2.654336	-8.6779592780	-8.6664390000	0.011520	-0.011520	0.001329
 73	  1.00	  0.102439	-8.6712978311	-8.6735610000	0.002263	0.002263	-0.000261
 74	  1.00	  0.054527	-8.7829948328	-8.7846460000	0.001651	0.001651	-0.000188
 75	  1.00	  0.032396	-8.7878262826	-8.7890990000	0.001273	0.001273	-0.000145
 76	  1.00	  0.047528	-8.7938234396	-8.7953650000	0.001542	0.001542	-0.000175
 77	  1.00	  1.281448	-8.7407505236	-8.7327460000	0.008005	-0.008005	0.000917
 78	  1.00	  0.341613	-8.7357111236	-8.7398440000	0.004133	0.004133	-0.000473
 79	  1.00	  0.664987	-8.7231857764	-8.7289520000	0.005766	0.005766	-0.000661
 80	  1.00	  0.024674	-8.6930337183	-8.6919230000	0.001111	-0.001111	0.000128
 81	  1.00	  0.145476	-8.7035519943	-8.7008550000	0.002697	-0.002697	0.000310
 82	  1.00	 12.305982	-8.7016682234	-8.6768630000	0.024805	-0.024805	0.002859
 83	  1.00	  2.643551	-8.7106938012	-8.7221906500	0.011497	0.011497	-0.001318
 84	  1.00	  0.316308	-8.7419829583	-8.7380061000	0.003977	-0.003977	0.000455
 85	  1.00	  0.116631	-8.7142331393	-8.7166480000	0.002415	0.002415	-0.000277
 86	  1.00	  0.090102	-8.6779770732	-8.6758545500	0.002123	-0.002123	0.000245
 87	  1.00	  0.209752	-8.7286552159	-8.7318936750	0.003238	0.003238	-0.000371
 88	  1.00	  9.563254	-8.6837592312	-8.6618923000	0.021867	-0.021867	0.002524
 89	  1.00	  2.534090	-8.7251602842	-8.7139039750	0.011256	-0.011256	0.001292
 90	  1.00	  4.620826	-8.6857765182	-8.6705764750	0.015200	-0.015200	0.001753
 91	  1.00	  0.011440	-8.8086528773	-8.8094092000	0.000756	0.000756	-0.000086
 92	  1.00	  0.022123	-8.8001645603	-8.7991128250	0.001052	-0.001052	0.000120
 93	  1.00	  0.027002	-8.8053576340	-8.8065195750	0.001162	0.001162	-0.000132
 94	  1.00	  0.019619	-8.5633950452	-8.5643854750	0.000990	0.000990	-0.000116
 95	  1.00	  0.056686	-8.5819833669	-8.5836669000	0.001684	0.001684	-0.000196
 96	  1.00	  0.103423	-8.5529245203	-8.5506505000	0.002274	-0.002274	0.000266
 97	  1.00	  0.307683	-8.4477901141	-8.4438678500	0.003922	-0.003922	0.000465
 98	  1.00	  0.355211	-8.7395665740	-8.7437809000	0.004214	0.004214	-0.000482
 99	  1.00	  0.035122	-8.7446591079	-8.7433339250	0.001325	-0.001325	0.000152
100	  1.00	  0.027746	-8.7757137928	-8.7745359500	0.001178	-0.001178	0.000134
101	  1.00	  1.434404	-8.7578010792	-8.7493323000	0.008469	-0.008469	0.000968
102	  1.00	  0.290159	-8.7046985711	-8.7085075000	0.003809	0.003809	-0.000437
103	  1.00	  0.290159	-8.7046985711	-8.7085075000	0.003809	0.003809	-0.000437
104	  1.00	  0.975252	-8.6146701227	-8.6076871000	0.006983	-0.006983	0.000811
105	  1.00	  0.712523	-8.5856345652	-8.5796658000	0.005969	-0.005969	0.000696
106	  1.00	  0.511766	-8.3484990125	-8.3434405250	0.005058	-0.005058	0.000606
107	  1.00	 44.633544	-8.3800703441	-8.4273109750	0.047241	0.047241	-0.005606
108	  1.00	 21.517762	-8.5603582081	-8.5275574750	0.032801	-0.032801	0.003846
109	  1.00	  0.000363	-8.5338839830	-8.5337492250	0.000135	-0.000135	0.000016
110	  1.00	  3.992492	-8.4007609575	-8.3866321000	0.014129	-0.014129	0.001685
111	  1.00	  0.052911	-8.8005064833	-8.8021330000	0.001627	0.001627	-0.000185
112	  1.00	  0.091829	-8.8007662308	-8.8029090000	0.002143	0.002143	-0.000243
113	  1.00	  0.490842	-8.7435819994	-8.7386280000	0.004954	-0.004954	0.000567
114	  1.00	  1.425042	-8.7299830950	-8.7215420000	0.008441	-0.008441	0.000968
115	  1.00	  2.275673	-8.7172329421	-8.7065660000	0.010667	-0.010667	0.001225
116	  1.00	  0.040007	-8.7338546571	-8.7352690000	0.001414	0.001414	-0.000162
117	  1.00	  0.037976	-8.7986230251	-8.8000010000	0.001378	0.001378	-0.000157
118	  1.00	  0.000280	-8.7555163377	-8.7553980000	0.000118	-0.000118	0.000014
119	  1.00	  0.701845	-8.7560058722	-8.7500820000	0.005924	-0.005924	0.000677
120	  1.00	  0.028338	-8.7873143390	-8.7861240000	0.001190	-0.001190	0.000135
121	  1.00	  0.039884	-8.7920368431	-8.7934490000	0.001412	0.001412	-0.000161
122	  1.00	  0.496403	-8.7117889850	-8.7068070000	0.004982	-0.004982	0.000572
123	  1.00	  3.541526	-8.7233470016	-8.7100400000	0.013307	-0.013307	0.001528
124	  1.00	  0.316895	-8.7310575487	-8.7270770000	0.003981	-0.003981	0.000456
125	  1.00	  1.934096	-8.7117148592	-8.7018810000	0.009834	-0.009834	0.001130
126	  1.00	  0.038331	-8.7931266028	-8.7945110000	0.001384	0.001384	-0.000157
127	  1.00	  0.078985	-8.7884987276	-8.7904860000	0.001987	0.001987	-0.000226
128	  1.00	  0.060126	-8.7958041255	-8.7975380000	0.001734	0.001734	-0.000197
129	1000.00	  0.174442	-8.6691629162	-8.6662096000	0.002953	-0.002953	0.000341
130	1000.00	  0.049589	-8.6464583710	-8.6480330000	0.001575	0.001575	-0.000182
131	1000.00	  0.062242	-8.6448214850	-8.6465856000	0.001764	0.001764	-0.000204
132	1000.00	  0.131325	-8.8142513353	-8.8168138000	0.002562	0.002562	-0.000291
133	1000.00	  0.005168	-8.8212572580	-8.8217656000	0.000508	0.000508	-0.000058
134	3000.00	  0.283822	-8.8214949068	-8.8177278000	0.003767	-0.003767	0.000427
