 Fe
 EAM_FS1
 432 
   1.000000
   17.69901751       0.000000          0.000000
   0.000000          17.19451519       0.000000
   0.000000          0.000000          17.35887864
 abs
   0.3105292706E+01  0.3630003762E+01  0.9315263721E+01
   0.1725568097E+02  0.1011574969E+02  0.1748136536E+01
   0.1733868356E+01  0.7277750186E+01  0.1061174039E+02
   0.2605828992E+01  0.5676829504E+01  0.3046264106E+01
   0.1089726442E+02  0.1381371868E+02  0.9880066150E-01
   0.6235105227E+01  0.8196168709E+00  0.1574135832E+02
   0.2508107506E+01  0.1365996118E+00  0.3951064028E+01
   0.1687947409E+02  0.1475529705E+02  0.3419982949E+01
   0.3760711747E+00  0.1688958516E+02  0.1348247639E+02
   0.1196384095E+02  0.1097759112E+02  0.1159197003E+02
   0.1412348402E+02  0.1580335442E+02  0.1232049137E+02
   0.6131978790E+01  0.7608546588E+01  0.3486707483E+01
   0.1255631790E+02  0.9503160259E+01  0.9214593373E+01
   0.1271788049E+02  0.7455694838E+01  0.5140298551E+01
   0.9172512892E+01  0.4655309230E+01  0.8100129731E+00
   0.4254261413E+01  0.1269168933E+02  0.6023108009E+01
   0.5169059719E+01  0.8458805139E+01  0.1122090839E+01
   0.1404486264E+02  0.1145647966E+02  0.5581092699E+01
   0.1008786684E+01  0.7604280650E+01  0.2084359870E+01
   0.1470027217E+02  0.1091782137E+02  0.7854352765E+01
   0.7153577685E+01  0.1263526112E+01  0.2608911825E+01
   0.2424517486E+01  0.6808551961E+01  0.1304881724E+02
   0.1057782041E+02  0.2159431782E+01  0.1228087984E+02
   0.1497582672E+02  0.1630437984E+02  0.9865201905E+01
   0.1938563583E+01  0.4322631266E+01  0.5000529489E+01
   0.9705592497E+01  0.1476754001E+01  0.7834709666E+01
   0.8295183307E+01  0.2071922914E+01  0.1147200345E+02
   0.2804301070E+01  0.1331584195E+02  0.1088667967E+02
   0.6917498495E+01  0.1597771891E+02  0.2291284156E+01
   0.9025018350E+01  0.1393381793E+02  0.5454358245E+01
   0.1285593122E+02  0.5257198473E+01  0.1569303366E+02
   0.1699444584E+02  0.3333771895E+01  0.5579353237E+01
   0.9620877465E+01  0.7720026980E+01  0.8894494419E+01
   0.1079398758E+02  0.1502363481E+02  0.3970753000E+01
   0.1107588919E+02  0.1139036164E+02  0.1263771291E+01
   0.3558116307E+01  0.1628108338E+02  0.8182105214E+01
   0.1154671579E+02  0.1433133879E+01  0.5824557143E+01
   0.2889296283E+01  0.1273311538E+02  0.3598981186E+01
   0.8306206728E+00  0.1487354149E+02  0.1199505273E+02
   0.4699836838E+01  0.3612381390E-01  0.1207088971E+02
   0.3307803810E+01  0.1318234551E+02  0.1168961605E+01
   0.1378463138E+02  0.1422970840E+02  0.9588480682E+01
   0.3202567403E+01  0.6254191037E+01  0.1536284558E+02
   0.3117939777E+01  0.5875705659E+00  0.1722771320E+01
   0.5776530072E+01  0.1148176848E+02  0.8112316824E+01
   0.7163199225E+01  0.2948142485E+01  0.4718586751E+01
   0.8283088655E+01  0.1172959775E+02  0.4822493188E+01
   0.6780757443E+01  0.1115027231E+01  0.1342456059E+02
   0.1403145688E+01  0.3480031057E+01  0.7205966107E+01
   0.2619108175E+01  0.2554082134E+01  0.4097955518E+00
   0.9888318147E+01  0.5347920743E+01  0.9693495702E+01
   0.5236598128E+01  0.9073619535E+01  0.7562925207E+01
   0.2569359380E+01  0.8670917269E+01  0.6856061698E+01
   0.1462190429E+02  0.5114953694E+01  0.9297277455E+01
   0.9957537305E+01  0.1617001233E+02  0.1668147797E+02
   0.1149314617E+02  0.2950364967E+01  0.4079666784E+01
   0.3723381366E+01  0.4612422954E+01  0.5614820628E+00
   0.8804399947E+01  0.2716041094E+01  0.1374599930E+02
   0.4584990664E+01  0.3939412413E+01  0.4196200666E+01
   0.3665156437E+01  0.1094446382E+02  0.9983141871E+01
   0.9605169382E+01  0.7320668940E+01  0.1132179215E+00
   0.1615103052E+02  0.1352667987E+02  0.1525289160E+02
   0.3515416087E+00  0.1232408404E+02  0.3808148449E+01
   0.5555110834E+00  0.2398041319E+01  0.9268416164E+01
   0.2669981076E+01  0.2976391541E+01  0.2918739117E+01
   0.6813888592E+01  0.3196772508E+01  0.1523398328E+02
   0.4237731767E+01  0.2744778224E+00  0.1453975524E+02
   0.7988016269E+01  0.1035881862E+01  0.6434584002E+01
   0.3806570889E+01  0.1489012902E+02  0.4832636520E+01
   0.7448562440E+01  0.3196967527E+01  0.7421633180E+01
   0.1719114583E+02  0.1278296958E+02  0.1279561782E+02
   0.1646829431E+02  0.1510327687E+02  0.1350713306E+02
   0.1111334356E+02  0.1465499812E+02  0.6615777195E+01
   0.9940121480E+01  0.1670163786E+02  0.5864355289E+01
   0.1095990421E+01  0.1399416006E+02  0.2039442472E+01
   0.1718215052E+02  0.1422595362E+02  0.5813766944E+01
   0.8942193564E+00  0.7509964220E+01  0.8373184221E+01
   0.1314125030E+02  0.9710810127E+01  0.1510224830E+02
   0.1463203417E+02  0.7194124537E+01  0.3100114009E+01
   0.1725988636E+02  0.1215797412E+01  0.1558196839E+02
   0.5806301470E+01  0.9912701170E+01  0.3289530133E+01
   0.1443609841E+02  0.7351782192E+01  0.1583236990E+02
   0.1224491438E+02  0.1592702641E+02  0.1606416193E+02
   0.1063527454E+02  0.1529343209E+02  0.1173138223E+02
   0.3793193353E+01  0.4207339345E+01  0.6903581853E+01
   0.8660047202E+01  0.9477478832E+01  0.1320380884E+02
   0.1953649716E+01  0.1062925236E+02  0.1601675953E+02
   0.3892175504E+01  0.3084597159E+01  0.1176920463E+02
   0.1711624094E+02  0.5255400313E+01  0.1699819504E+02
   0.8809631521E-01  0.7897376463E+01  0.6171190912E+01
   0.1316058677E+02  0.6031412562E+01  0.1126032793E+02
   0.7316118702E+01  0.1698932954E+02  0.1133339234E+02
   0.1431170573E+02  0.1325635437E+01  0.1384403876E+01
   0.9245149550E+01  0.1489622096E+02  0.1599884544E+01
   0.1321949908E+02  0.1378285035E+02  0.1580575950E+02
   0.1584557569E+02  0.1659571866E+02  0.7114640291E+01
   0.1757172148E+02  0.3611337422E+01  0.1511907901E+02
   0.3302722655E+01  0.1556038066E+01  0.7729144347E+01
   0.2529350110E+00  0.2852025794E+01  0.1733650125E+02
   0.1121627499E+02  0.6110832646E+01  0.1362366566E+02
   0.5362385352E+01  0.2297754022E+01  0.6178467711E+01
   0.1537849893E+02  0.6947988624E+01  0.5367186773E+01
   0.1270104233E+02  0.1196868528E+02  0.9473096000E+01
   0.2019487541E+01  0.7910316779E+01  0.4555256710E+01
   0.1812728263E+01  0.4550676494E+01  0.1630117595E+02
   0.7657965865E+01  0.1242329028E+01  0.9195389899E+01
   0.2932719509E+01  0.2124874757E+01  0.5448294860E+01
   0.4323472495E+01  0.1427851333E+02  0.1255986156E+02
   0.5984377969E+01  0.5439210047E+01  0.1481796319E+02
   0.7015888049E+00  0.1878560269E+01  0.2072497238E+01
   0.8968677041E+01  0.7237008355E+01  0.1259435786E+02
   0.2801346569E+01  0.1613232921E+02  0.1080640295E+02
   0.6211627797E+01  0.1496929605E+02  0.4693177157E+01
   0.9421808314E-01  0.1324465125E+02  0.1027848497E+02
   0.1602912916E+02  0.2126260780E+01  0.3274637304E+01
   0.1684448787E+02  0.7503285607E+01  0.1569854544E+02
   0.1581854491E+02  0.2020351822E+01  0.7353477231E+01
   0.1686857227E+02  0.1150176303E+02  0.1688320692E+02
   0.1757412692E+02  0.8880284399E+01  0.1067953676E+02
   0.7778509939E+01  0.1675843999E+02  0.8737037090E-01
   0.2301117243E+00  0.3922269405E+01  0.3261380374E+01
   0.2273114806E+01  0.2152508123E+01  0.1539091204E+02
   0.3414637886E+01  0.1076025077E+02  0.7402293310E+01
   0.9455695417E+00  0.5315442654E+00  0.1122386107E+02
   0.1393761443E+02  0.5297380994E+01  0.2087060189E+01
   0.7804213071E+01  0.1107134810E+02  0.2707587381E+01
   0.5481965001E+00  0.5923341977E+01  0.1455171083E+02
   0.8545891311E+01  0.5231672705E+01  0.1417891610E+02
   0.1574341635E+02  0.2368662487E+00  0.1379946486E+02
   0.9293580764E+01  0.1177444637E+00  0.1921645101E+01
   0.1067906833E+02  0.1365315636E+02  0.1497073685E+02
   0.9478249520E+00  0.1467673381E+02  0.1477316799E+02
   0.1247519128E+02  0.2033417866E+01  0.1047092665E+02
   0.6672036142E+01  0.3734488318E+01  0.1271409963E+02
   0.5329190831E+01  0.2609852008E+01  0.8853553111E+01
   0.8285903180E+01  0.8568950297E+01  0.2315471346E+01
   0.6372248979E+00  0.1004843882E+02  0.5029814485E+01
   0.8465735704E+01  0.5140233537E+01  0.5881097703E+01
   0.1130756409E+02  0.1462789801E+02  0.9090351674E+01
   0.1585155839E+02  0.6805904560E+01  0.7647460612E+01
   0.4969680689E+01  0.2842088582E+01  0.1707968105E+01
   0.1108484655E+02  0.2653998240E+00  0.3591430186E+01
   0.1693249077E+02  0.1603747371E+02  0.1603390668E+02
   0.9868775921E+01  0.1017035360E+02  0.6137687216E+01
   0.6430273036E+01  0.1485311624E+02  0.1133099143E+02
   0.1205721266E+02  0.4020174504E+01  0.6432682132E+01
   0.1483498818E+02  0.6725867079E+00  0.1614217217E+02
   0.1375701862E+02  0.7519013100E+00  0.6527151427E+01
   0.1535879432E+02  0.5786389470E+01  0.1160423689E+02
   0.1098569109E+02  0.1332828845E+01  0.1485102194E+02
   0.1526320306E+02  0.2489008508E+01  0.1398950716E+02
   0.1537105831E+02  0.8131895101E+01  0.1174445635E+02
   0.2466680138E+01  0.1302458479E+02  0.1618909453E+02
   0.1677042794E+02  0.1278488999E+02  0.1832546776E+01
   0.1639797864E+02  0.8942555268E+01  0.8476474979E+01
   0.6769318326E+01  0.1191383743E+02  0.1621014383E+02
   0.1219960256E+02  0.1076094421E+02  0.7214279350E+01
   0.1046564649E+02  0.1304054007E+02  0.1267720126E+02
   0.9748439947E+01  0.3938524668E+01  0.7915903139E+01
   0.5570489667E+01  0.1227895140E+02  0.4023287334E+01
   0.6014568424E+01  0.4839288320E+01  0.6192773116E+01
   0.1367139848E+02  0.4750627569E+01  0.1345149023E+02
   0.1326155613E+02  0.5151769966E+01  0.4536606157E+01
   0.1507797639E+02  0.1358251668E+02  0.6791492135E+01
   0.7874549661E+01  0.9232588521E+01  0.4792553517E+01
   0.1035999334E+02  0.1604152043E+02  0.1433177069E+02
   0.3590359967E+01  0.1659303316E+00  0.1674693114E+02
   0.2132163393E+01  0.1683069097E+02  0.6189361030E+01
   0.1541047596E+02  0.4909313097E+01  0.1517267616E+02
   0.1602611136E+02  0.9457549627E+01  0.6071424914E+01
   0.3680617778E+01  0.1497434130E+02  0.1519512625E+02
   0.8338775865E+01  0.1213862626E+02  0.1398096334E+02
   0.1340319457E+02  0.3527847691E+01  0.4811385253E+00
   0.1030400220E+02  0.1278032490E+02  0.1015978276E+02
   0.7027510885E+01  0.1084139969E+02  0.1181292690E+02
   0.1244992677E+02  0.1629224213E+02  0.5392351475E+01
   0.1562250744E+02  0.1680716373E+02  0.2847534321E+01
   0.1326297513E+02  0.3032394326E+00  0.1430716102E+02
   0.6728906259E+01  0.1320066173E+02  0.6280269377E+01
   0.1190266512E+02  0.1174095758E+02  0.1616284059E+02
   0.1649263974E+02  0.8129744583E+00  0.7440212799E+00
   0.1216731764E+02  0.6786951458E+01  0.2862280168E+01
   0.2149324421E+01  0.6158775399E+01  0.6641240098E+01
   0.7615042362E+01  0.3872407856E+01  0.9882264658E+01
   0.1167643345E+02  0.4238938220E+01  0.1169148366E+02
   0.1437221397E+02  0.1174390117E+02  0.1616254048E+02
   0.1229304363E+01  0.4803850606E+01  0.1305266218E+01
   0.5179130805E+01  0.1383184444E+00  0.9757431242E+01
   0.1459795150E+02  0.1417135448E+02  0.2351670943E+01
   0.1255366503E+02  0.1641363285E+02  0.1028126324E+02
   0.7506742235E+01  0.2162764630E+01  0.2770305883E+00
   0.1946356166E+01  0.1460324304E+02  0.9144262287E+01
   0.5181020637E+01  0.1495128663E+02  0.7135343113E+01
   0.1326244993E+02  0.2812059379E+01  0.1540745596E+02
   0.1035654924E+02  0.5510114790E+01  0.1595445863E+02
   0.1437748201E+02  0.3553056294E+01  0.1151585805E+02
   0.1493301141E+02  0.1566867827E+02  0.4987476299E+01
   0.1482866496E+02  0.5599853782E+01  0.7792631479E-01
   0.2703834347E+01  0.1593539722E+02  0.1318274762E+02
   0.8846837509E+01  0.1396834171E+02  0.8074389618E+01
   0.1733863539E+02  0.9899869323E+01  0.1492455504E+02
   0.2857716087E+01  0.1531596841E+02  0.2544798304E+01
   0.5903732286E+01  0.2059288430E+01  0.1113570405E+02
   0.5761708483E+00  0.1029204918E+02  0.7359685368E+01
   0.2746925076E+01  0.5147605341E+01  0.1126778035E+02
   0.9073380904E+01  0.3397162302E+01  0.1606379176E+02
   0.6941207703E+01  0.1590884736E+02  0.8969469583E+01
   0.3425801447E+01  0.6073925729E+01  0.9079266738E+01
   0.8085317933E+01  0.1303100901E+02  0.1137440221E+02
   0.1531569103E+02  0.1385426931E+02  0.1732987042E+02
   0.5565337343E+01  0.5240128104E+00  0.9298667956E+00
   0.5694216961E+01  0.4995296688E+01  0.8491573885E+01
   0.6443364582E+01  0.1398499947E+02  0.1497807295E+02
   0.9902725197E+01  0.6433840494E+01  0.2336852278E+01
   0.1044624164E+02  0.8193232575E+01  0.4223253905E+01
   0.4786595581E+01  0.2306400430E+01  0.1665719665E+02
   0.4635275285E+01  0.1489259135E+02  0.9912801480E+01
   0.4886146975E+01  0.1348621670E+02  0.1685852116E+02
   0.3412677567E+01  0.1049964729E+02  0.4774903769E+01
   0.1195606831E+02  0.1374736017E+02  0.2464972811E+01
   0.1678607914E+01  0.1005570575E+02  0.3021910162E+01
   0.6031039053E+01  0.7364043659E+01  0.9277828616E+01
   0.1348284447E+02  0.7324070766E+01  0.1356412381E+02
   0.4351784765E+00  0.1574452809E+02  0.7428801070E+01
   0.1374325119E+02  0.3165919743E+01  0.2933269323E+01
   0.8811187797E+01  0.1508212392E+02  0.1033512133E+02
   0.2391392609E+01  0.1428778920E+02  0.6862090884E+01
   0.1151855787E+02  0.1624167282E+02  0.1241701663E+01
   0.4499954587E+01  0.6825280151E+01  0.7183780124E+01
   0.1621760158E+01  0.1222383214E+02  0.5957200475E+01
   0.4363720833E+01  0.5145349949E+01  0.1315729722E+02
   0.2133206660E+01  0.4083617189E+01  0.1366294860E+02
   0.9189673999E+01  0.1731011407E+00  0.1289248985E+02
   0.1186795536E+02  0.1720243130E+01  0.1815770202E+01
   0.1436710100E+02  0.9209600706E+01  0.4470003300E+01
   0.1313953646E+02  0.1391735676E+02  0.4822978865E+01
   0.1123641035E+02  0.1233882571E+02  0.5079184093E+01
   0.1224154728E+01  0.6974503668E+01  0.1694174292E+02
   0.7864464938E+01  0.6376204874E+01  0.1051950646E+02
   0.9097492887E+01  0.4297307057E+01  0.3549739468E+01
   0.7536448763E+01  0.1363648721E+02  0.3126706125E+01
   0.1489474140E+02  0.9374902294E+01  0.2041124659E+01
   0.4135548850E+01  0.4141536102E+01  0.1557713952E+02
   0.1092113792E+01  0.4309859405E+00  0.7970341126E-01
   0.1680194035E+02  0.4141022815E+01  0.1055305833E+02
   0.1453009018E+01  0.1474812466E+02  0.4528947007E+01
   0.7872221059E+01  0.5830394580E+01  0.1635513746E+02
   0.1587876155E+02  0.9441441246E+00  0.5195819348E+01
   0.1379360363E+01  0.1064724049E+02  0.1346005504E+02
   0.9127262562E+01  0.1446190187E+01  0.4211054999E+01
   0.1301071154E+02  0.1009980260E+02  0.3839154762E+00
   0.1688042943E+02  0.8386083107E+01  0.3646727801E+01
   0.1080304494E+02  0.6636164431E+01  0.1129526526E+02
   0.8210956148E+01  0.1166589593E+02  0.7223071308E+01
   0.1256318531E+02  0.9221984362E+01  0.2834134783E+01
   0.6644978564E+01  0.8317129909E+01  0.1203326708E+02
   0.1428533830E+02  0.9222662440E+00  0.1168214770E+02
   0.6635853377E+01  0.6093907982E+01  0.1259575294E+02
   0.1502826547E+02  0.1153500332E+02  0.1275369198E+01
   0.1058373731E+02  0.1094973622E+02  0.1410834427E+02
   0.8422377782E+01  0.6828901846E+01  0.4114675068E+01
   0.3824728370E+00  0.2022967529E+01  0.1349273767E+02
   0.2496352456E+01  0.9282509707E+01  0.9013408154E+00
   0.8534800059E+01  0.1609959912E+02  0.4016547090E+01
   0.1183542324E+02  0.5900799967E+01  0.5293253979E+00
   0.7134159157E+01  0.7707874081E+01  0.1456501638E+02
   0.1140421449E+02  0.8397086681E+01  0.7101615403E+01
   0.1645346726E+02  0.1666723160E+02  0.1163191607E+02
   0.6180926226E+01  0.1035706292E+02  0.1393895187E+02
   0.1356107646E+02  0.9406383140E+00  0.3937772445E+01
   0.9187743621E+01  0.4565970159E+01  0.1198391299E+02
   0.4658672758E+01  0.8590504055E+01  0.5277439085E+01
   0.3687181474E+01  0.8512337475E+01  0.9359609824E+01
   0.3156866272E+01  0.1382045872E+01  0.1027584071E+02
   0.1415310441E+02  0.2850721070E+01  0.5325697703E+01
   0.5969657350E+01  0.9797375948E+01  0.9830635741E+01
   0.7574113081E+01  0.1570738045E+02  0.6550768450E+01
   0.1594187365E+02  0.6541891793E+01  0.1364760997E+02
   0.1004269424E+02  0.1261817941E+01  0.1733112221E+02
   0.1577857751E+02  0.1427036018E+02  0.1119775127E+02
   0.1675508325E+01  0.8369128784E+01  0.1479866193E+02
   0.4778308677E+01  0.1602426318E+01  0.3717983777E+01
   0.1385813205E+02  0.9971713239E+01  0.1276867247E+02
   0.6701676661E+01  0.1360000238E+02  0.8919343388E+01
   0.1053603840E+02  0.1242831743E+02  0.7604953560E+01
   0.9514906359E+01  0.1184687272E+02  0.1627490291E+02
   0.6028447415E+01  0.1067247250E+02  0.5847995562E+01
   0.1537847533E+02  0.9529180960E+01  0.1675380643E+02
   0.1600298749E+02  0.3619468727E+01  0.1489103440E+01
   0.1452584146E+02  0.1209168341E+02  0.1163203730E+02
   0.1766571470E+02  0.1310672463E+02  0.7846605563E+01
   0.8400193203E+01  0.1470027356E+02  0.1314176915E+02
   0.3808437825E+00  0.5756726626E+01  0.1196654072E+02
   0.2462876316E+00  0.6137443458E+01  0.4293525267E+01
   0.7300377459E+00  0.1716051655E+01  0.4486743397E+01
   0.1354776084E+02  0.7702906126E+01  0.8033416271E+00
   0.1312472229E+02  0.1275566291E+02  0.7270135432E+00
   0.1777140048E+01  0.1696812463E+02  0.1522580826E+02
   0.4709163357E+01  0.2525387665E+01  0.1391285202E+02
   0.5893088164E+01  0.1584953300E+02  0.1360184870E+02
   0.1201045750E+02  0.7072505802E+01  0.9221292016E+01
   0.4023195732E+01  0.1313923867E+02  0.8506683156E+01
   0.1291333446E+02  0.1308429308E+02  0.7344048377E+01
   0.3158941506E+01  0.6818348993E+01  0.8289032541E+00
   0.7873151390E+01  0.1619086232E+02  0.1492301102E+02
   0.1238022320E+02  0.1490337198E+02  0.1368359780E+02
   0.9550545187E+01  0.2545111786E+01  0.1989852213E+01
   0.1544899292E+02  0.1136219102E+02  0.1420705561E+02
   0.4750720221E+01  0.9597537095E+01  0.1189923979E+02
   0.4418277157E+01  0.1710595409E+02  0.5706702357E+01
   0.5687168500E+01  0.9272491334E+01  0.1597651760E+02
   0.1210587436E+02  0.4530583378E+01  0.9174626444E+01
   0.3695667808E+01  0.9958491087E+01  0.1432891130E+02
   0.2463560912E+01  0.9141459589E+01  0.1191008473E+02
   0.1665980403E+02  0.1176447474E+02  0.6031668088E+01
   0.3665803732E+01  0.8217757332E+01  0.2960214472E+01
   0.4739540868E+01  0.7735421306E+01  0.1393984506E+02
   0.1757516863E+02  0.5495155286E+01  0.6571582271E+01
   0.5465578143E+01  0.1243462736E+02  0.1065374796E+02
   0.1210484641E+02  0.9930867551E+01  0.5042742582E+01
   0.7375494093E+01  0.6316200371E+01  0.1562322598E+01
   0.7975613074E+01  0.1147606510E+02  0.9526696830E+01
   0.2592537009E+01  0.1269294371E+01  0.1292275668E+02
   0.1258297970E+02  0.1368230673E+02  0.1150455417E+02
   0.1333178047E+02  0.1160997624E+02  0.3152150347E+01
   0.1359589469E+02  0.1553775789E+02  0.7556155213E+01
   0.1535601370E+02  0.1257538387E+02  0.9275104986E+01
   0.6201246092E+01  0.1287265762E+02  0.1299086742E+02
   0.1102330611E+02  0.8590284547E+01  0.1356099479E+01
   0.1680723244E+02  0.6618986971E+01  0.9871668079E+01
   0.1455618077E+02  0.1362619555E+02  0.1346191192E+02
   0.6853754595E+01  0.1432056449E+02  0.5187523979E+00
   0.1124980976E+02  0.3373740328E+01  0.1704224230E+02
   0.5045048463E+01  0.5748797494E+01  0.2170707817E+01
   0.1460736203E+02  0.1556623519E+02  0.1515009232E+02
   0.1543469619E+02  0.1306342271E+02  0.4261250985E+01
   0.1660223961E+02  0.1902406629E+01  0.1166952816E+02
   0.1562794328E+02  0.4707555457E+01  0.3993452389E+01
   0.1564331119E+01  0.1184057680E+00  0.8837205499E+01
   0.6630771579E+01  0.2907817429E+00  0.4767088820E+01
   0.8483899323E+01  0.1252288370E+02  0.8869578652E+00
   0.1662549015E+02  0.4151286169E+01  0.8208106881E+01
   0.1007802903E+02  0.2876013040E+01  0.1000337134E+02
   0.1629457932E+02  0.7703198291E+01  0.7954412121E+00
   0.1330247628E+02  0.6165616074E+01  0.7274840909E+01
   0.1814435555E+01  0.1209942814E+02  0.8742257132E+01
   0.1712000681E+02  0.1102161075E+02  0.9517377258E+01
   0.1054479526E+02  0.8924998528E+01  0.1096613659E+02
   0.6682979077E+01  0.7256554868E+01  0.6106944333E+01
   0.5069732183E+01  0.1415245822E+02  0.2599970404E+01
   0.1179925541E+02  0.2205906299E+01  0.8148278419E+01
   0.1075252658E+02  0.9581956133E+01  0.1629045084E+02
   0.2204897368E+01  0.1317122338E+02  0.1342069746E+02
   0.1667285340E+02  0.4152532470E+01  0.1299202300E+02
   0.4212923339E+01  0.6225583895E+01  0.4824441130E+01
   0.3934243785E+01  0.1084103840E+02  0.2183270048E+01
   0.8627504880E+01  0.1028285557E+01  0.1541567408E+02
   0.1067523108E+01  0.5087449994E+01  0.9228124737E+01
   0.1666416890E+02  0.5910861974E+01  0.2147884748E+01
   0.8220350282E+01  0.9008292965E+01  0.1040652553E+02
   0.9484372807E+01  0.7673243975E+01  0.1503174425E+02
   0.5880143227E+01  0.3788486474E+00  0.7489403158E+01
   0.9492107458E+01  0.1099887053E+02  0.1160862046E+02
   0.1128462713E+02  0.8693263091E+01  0.1340429940E+02
   0.1108645063E+00  0.8155294999E+01  0.1300407905E+02
   0.4374368235E+01  0.7142934912E+01  0.1138544140E+02
   0.1281433668E+02  0.2387108230E+01  0.1306617110E+02
   0.3810077276E+01  0.1161586852E+02  0.1245310507E+02
   0.1284852798E+02  0.8413401551E+01  0.1133561231E+02
   0.1391628336E+02  0.7658855492E+00  0.8793995677E+01
   0.6833856007E+00  0.1663738055E+02  0.2473664615E+01
   0.1011661716E+02  0.3426789082E+00  0.1032274654E+02
   0.1391027527E+02  0.8674072749E+01  0.7059826607E+01
   0.1610331201E+02  0.1475288749E+02  0.8565323502E+01
   0.1677105220E+02  0.4689398651E+00  0.9155370606E+01
   0.1071518594E+02  0.5984497535E+01  0.7271407904E+01
   0.3922788780E+00  0.9195729762E+01  0.1712723837E+02
   0.1316543466E+02  0.1599000069E+02  0.2982342665E+01
   0.1599995655E+02  0.1084457775E+02  0.3737700791E+01
   0.1300103510E+01  0.1132372580E+02  0.1124321153E+02
   0.9150969894E+01  0.7614522781E+01  0.6350473272E+01
   0.4858062837E+01  0.1657791716E+02  0.3178594776E+01
   0.5342395406E+01  0.6652292503E+01  0.1678047259E+02
   0.7450744808E+01  0.8121929595E+01  0.1715061763E+02
   0.1532413002E+02  0.2411581202E+01  0.9705488700E+01
   0.1192449105E+02  0.7578571225E+01  0.1592677022E+02
   0.6654008967E+01  0.5342169842E+01  0.4019382654E+01
   0.1249766398E+02  0.9559756708E+00  0.1693879807E+02
   0.6682047484E+01  0.1024643942E+02  0.7014201962E+00
   0.5331501370E+01  0.4830319849E+01  0.1073024440E+02
   0.1075669137E+02  0.5609240010E+01  0.4741227882E+01
   0.1477445598E+02  0.1008787659E+02  0.1027730689E+02
   0.1296469482E+01  0.3174752372E+01  0.1142771822E+02
   0.1010309524E+02  0.1034859182E+02  0.3374986186E+01
   0.1542483001E+02  0.8870950953E+01  0.1414776315E+02
   0.1757467577E+02  0.1658295131E+02  0.4967295001E+01
   0.1386589211E+02  0.3232132539E+01  0.7940086412E+01
   0.1105010590E+02  0.3806790126E+01  0.1426384753E+02
   0.9677700877E+01  0.3107372574E+01  0.5799579335E+01
   0.6239985361E+01  0.4386489760E+01  0.2041326491E-01
   0.9101868352E+01  0.1002975497E+02  0.6718200970E+00
   0.1449966166E+01  0.1163706863E+02  0.1021792291E+01
   0.9301955520E+01  0.1634823580E+02  0.8227920240E+01
   0.4209285211E+01  0.1100773462E+02  0.1705622224E+02
   0.9800627901E+01  0.1281821293E+02  0.3034514137E+01
   0.1426841359E+02  0.1611106622E+02  0.4846526115E+00
   0.1684325957E+02  0.1545925001E+02  0.1043519666E+01
   0.1554408877E+02  0.2944928196E+01  0.1662839285E+02
   0.7710732782E+01  0.9275156798E+01  0.7771152586E+01
   0.7959818879E+01  0.5915927854E+01  0.8041952708E+01
   0.1164227893E+02  0.1695563280E+02  0.7886037461E+01
   0.8213168546E+01  0.9912999544E+01  0.1558366473E+02
   0.1146819575E+02  0.4349507999E+01  0.2263336531E+01
   0.4663489599E-01  0.1566986238E+02  0.9935505961E+01
   0.7104636011E+01  0.3793954480E+01  0.2249855451E+01
   0.1277336038E+02  0.1213445998E+02  0.1380242691E+02
   0.2245606525E+00  0.1369138648E+02  0.1705512232E+02
   0.1655441025E+01  0.9651349269E+01  0.9318056063E+01
   0.1440136460E+02  0.7599781842E+01  0.9482633828E+01
   0.4128753949E+00  0.1224599523E+02  0.1495402437E+02
   0.3783219100E+00  0.1174215683E+01  0.6889188520E+01
   0.4440680422E+01  0.1554535669E+02  0.7829239906E+00
   0.5873966662E+01  0.1222437175E+02  0.1467830463E+01
   0.1012629606E+02  0.1031901198E+02  0.8871905413E+01
   0.1181694735E+02  0.9812676421E-01  0.1244923316E+02
   0.3488928772E+01  0.8476034569E+01  0.1634505061E+02
   0.4427565064E+01  0.1235950547E+02  0.1473245066E+02
   0.1657359341E+02  0.1040186483E+02  0.1225179255E+02
   0.1503725491E+02  0.4711579736E+01  0.6482971032E+01
   0.8575408531E+01  0.1417977692E+02  0.1613630764E+02
   0.5727282026E+01  0.1587403538E+02  0.1622533251E+02
   0.1949657047E+01  0.1538551341E+02  0.2822706391E-01
