 Fe
 EAM_FS1
 432 
   1.000000
   17.68817408       0.000000          0.000000
   0.000000          17.19446517       0.000000
   0.000000          0.000000          17.35882700
 abs
   0.3105242665E+01  0.3629991046E+01  0.9315230253E+01
   0.1725576468E+02  0.1011575157E+02  0.1748209212E+01
   0.1733815310E+01  0.7277731464E+01  0.1061170120E+02
   0.2605783305E+01  0.5676819361E+01  0.3046255380E+01
   0.1089726591E+02  0.1381367008E+02  0.9882300476E-01
   0.6235086382E+01  0.8196168569E+00  0.1574130926E+02
   0.2508038561E+01  0.1366070853E+00  0.3951044277E+01
   0.1687953960E+02  0.1475525667E+02  0.3419973814E+01
   0.3759961504E+00  0.1688954618E+02  0.1348243532E+02
   0.1196386003E+02  0.1097756924E+02  0.1159195628E+02
   0.1412354365E+02  0.1580330273E+02  0.1232045562E+02
   0.6131965704E+01  0.7608530570E+01  0.3486689478E+01
   0.1255635924E+02  0.9503147648E+01  0.9214572804E+01
   0.1271790907E+02  0.7455665702E+01  0.5140288819E+01
   0.9172529903E+01  0.4655285986E+01  0.8100080473E+00
   0.4254228243E+01  0.1269165540E+02  0.6023086415E+01
   0.5169002244E+01  0.8458793721E+01  0.1122067536E+01
   0.1404489896E+02  0.1145644827E+02  0.5581082113E+01
   0.1008716820E+01  0.7604268257E+01  0.2084360636E+01
   0.1470031527E+02  0.1091779265E+02  0.7854330918E+01
   0.7153560271E+01  0.1263514051E+01  0.2608904492E+01
   0.2424472499E+01  0.6808553836E+01  0.1304878118E+02
   0.1057784381E+02  0.2159417384E+01  0.1228084522E+02
   0.1497588827E+02  0.1630434348E+02  0.9865171992E+01
   0.1938496966E+01  0.4322620878E+01  0.5000506848E+01
   0.9705596235E+01  0.1476747893E+01  0.7834679769E+01
   0.8295189807E+01  0.2071910751E+01  0.1147196083E+02
   0.2804242109E+01  0.1331581044E+02  0.1088664566E+02
   0.6917464988E+01  0.1597766365E+02  0.2291283310E+01
   0.9025033466E+01  0.1393376748E+02  0.5454354527E+01
   0.1285597487E+02  0.5257189027E+01  0.1569299488E+02
   0.1699451259E+02  0.3333772106E+01  0.5579333277E+01
   0.9620887457E+01  0.7720001226E+01  0.8894465780E+01
   0.1079398929E+02  0.1502360046E+02  0.3970732310E+01
   0.1107591493E+02  0.1139032667E+02  0.1263769186E+01
   0.3558057759E+01  0.1628103403E+02  0.8182076221E+01
   0.1154673642E+02  0.1433127626E+01  0.5824546937E+01
   0.2889232707E+01  0.1273307567E+02  0.3598969806E+01
   0.8305492536E+00  0.1487350373E+02  0.1199501669E+02
   0.4699795173E+01  0.3613306267E-01  0.1207085293E+02
   0.3307752348E+01  0.1318230123E+02  0.1168953773E+01
   0.1378468792E+02  0.1422966779E+02  0.9588471732E+01
   0.3202517411E+01  0.6254178918E+01  0.1536279473E+02
   0.3117888831E+01  0.5875653202E+00  0.1722762190E+01
   0.5776501769E+01  0.1148173511E+02  0.8112284312E+01
   0.7163182042E+01  0.2948128587E+01  0.4718570925E+01
   0.8283093303E+01  0.1172956232E+02  0.4822473915E+01
   0.6780748648E+01  0.1115024687E+01  0.1342451975E+02
   0.1403083480E+01  0.3480007940E+01  0.7205933150E+01
   0.2619052415E+01  0.2554080349E+01  0.4097969041E+00
   0.9888326656E+01  0.5347911077E+01  0.9693463761E+01
   0.5236568017E+01  0.9073590846E+01  0.7562903585E+01
   0.2569302455E+01  0.8670883433E+01  0.6856043577E+01
   0.1462197003E+02  0.5114923383E+01  0.9297250682E+01
   0.9957518577E+01  0.1616993488E+02  0.1668142203E+02
   0.1149316715E+02  0.2950351727E+01  0.4079654412E+01
   0.3723334164E+01  0.4612406828E+01  0.5614921242E+00
   0.8804412802E+01  0.2716021256E+01  0.1374595490E+02
   0.4584952448E+01  0.3939402819E+01  0.4196186258E+01
   0.3665108609E+01  0.1094443351E+02  0.9983107078E+01
   0.9605175337E+01  0.7320646818E+01  0.1132136146E+00
   0.1615110604E+02  0.1352664731E+02  0.1525285097E+02
   0.3514492986E+00  0.1232403483E+02  0.3808123662E+01
   0.5554389552E+00  0.2398035045E+01  0.9268397171E+01
   0.2669928055E+01  0.2976386837E+01  0.2918728653E+01
   0.6813893864E+01  0.3196758519E+01  0.1523394605E+02
   0.4237690538E+01  0.2744870850E+00  0.1453971203E+02
   0.7988007686E+01  0.1035860610E+01  0.6434560592E+01
   0.3806507490E+01  0.1489009159E+02  0.4832624434E+01
   0.7448551761E+01  0.3196955845E+01  0.7421606399E+01
   0.1719122366E+02  0.1278293549E+02  0.1279558855E+02
   0.1646836479E+02  0.1510323605E+02  0.1350709671E+02
   0.1111336058E+02  0.1465495514E+02  0.6615761305E+01
   0.9940130641E+01  0.1670158615E+02  0.5864337142E+01
   0.1095915472E+01  0.1399412025E+02  0.2039437435E+01
   0.1718220591E+02  0.1422591196E+02  0.5813746271E+01
   0.8941354246E+00  0.7509942577E+01  0.8373153342E+01
   0.1314129220E+02  0.9710787699E+01  0.1510220494E+02
   0.1463207290E+02  0.7194098190E+01  0.3100098796E+01
   0.1725997021E+02  0.1215810386E+01  0.1558192838E+02
   0.5806277067E+01  0.9912666137E+01  0.3289512414E+01
   0.1443614927E+02  0.7351768962E+01  0.1583232036E+02
   0.1224490530E+02  0.1592700684E+02  0.1606408813E+02
   0.1063530054E+02  0.1529339925E+02  0.1173134000E+02
   0.3793149090E+01  0.4207329924E+01  0.6903552806E+01
   0.8660059465E+01  0.9477447037E+01  0.1320377222E+02
   0.1953586595E+01  0.1062921350E+02  0.1601671796E+02
   0.3892142237E+01  0.3084583766E+01  0.1176916096E+02
   0.1711631955E+02  0.5255399854E+01  0.1699815259E+02
   0.8801492620E-01  0.7897353087E+01  0.6171161011E+01
   0.1316063335E+02  0.6031391231E+01  0.1126028674E+02
   0.7316090967E+01  0.1698927844E+02  0.1133336476E+02
   0.1431175847E+02  0.1325620805E+01  0.1384400811E+01
   0.9245125448E+01  0.1489617286E+02  0.1599878836E+01
   0.1321953178E+02  0.1378284712E+02  0.1580574343E+02
   0.1584562802E+02  0.1659566483E+02  0.7114618979E+01
   0.1757180896E+02  0.3611344392E+01  0.1511904472E+02
   0.3302686904E+01  0.1556031634E+01  0.7729116793E+01
   0.2528618005E+00  0.2852037851E+01  0.1733647858E+02
   0.1121630769E+02  0.6110813213E+01  0.1362362876E+02
   0.5362356170E+01  0.2297753471E+01  0.6178453465E+01
   0.1537854993E+02  0.6947960694E+01  0.5367170000E+01
   0.1270108024E+02  0.1196866107E+02  0.9473076896E+01
   0.2019426843E+01  0.7910292356E+01  0.4555240673E+01
   0.1812670848E+01  0.4550682031E+01  0.1630113859E+02
   0.7657956831E+01  0.1242318976E+01  0.9195356608E+01
   0.2932675949E+01  0.2124876388E+01  0.5448271761E+01
   0.4323431233E+01  0.1427847022E+02  0.1255982740E+02
   0.5984364997E+01  0.5439172208E+01  0.1481791491E+02
   0.7015298982E+00  0.1878541185E+01  0.2072507858E+01
   0.8968690632E+01  0.7236981182E+01  0.1259431338E+02
   0.2801295720E+01  0.1613228090E+02  0.1080636691E+02
   0.6211576145E+01  0.1496925044E+02  0.4693169402E+01
   0.9414484112E-01  0.1324461053E+02  0.1027845270E+02
   0.1602919525E+02  0.2126250783E+01  0.3274626994E+01
   0.1684455185E+02  0.7503272729E+01  0.1569851073E+02
   0.1581858435E+02  0.2020345435E+01  0.7353452014E+01
   0.1686862826E+02  0.1150173828E+02  0.1688317172E+02
   0.1757421729E+02  0.8880256789E+01  0.1067950114E+02
   0.7778490643E+01  0.1675838604E+02  0.8737031199E-01
   0.2300280954E+00  0.3922251839E+01  0.3261353772E+01
   0.2273062630E+01  0.2152517181E+01  0.1539087024E+02
   0.3414595449E+01  0.1076021443E+02  0.7402264283E+01
   0.9455070214E+00  0.5315412605E+00  0.1122382913E+02
   0.1393764863E+02  0.5297362100E+01  0.2087051288E+01
   0.7804204196E+01  0.1107130727E+02  0.2707578669E+01
   0.5481297252E+00  0.5923340433E+01  0.1455166832E+02
   0.8545899888E+01  0.5231649463E+01  0.1417887413E+02
   0.1574349713E+02  0.2368709327E+00  0.1379942825E+02
   0.9293571282E+01  0.1177298238E+00  0.1921644080E+01
   0.1067910235E+02  0.1365311009E+02  0.1497071252E+02
   0.9477549930E+00  0.1467669941E+02  0.1477312630E+02
   0.1247523488E+02  0.2033418100E+01  0.1047090699E+02
   0.6672037127E+01  0.3734474815E+01  0.1271405802E+02
   0.5329159824E+01  0.2609837667E+01  0.8853530505E+01
   0.8285932209E+01  0.8568916314E+01  0.2315470338E+01
   0.6371114103E+00  0.1004840603E+02  0.5029742541E+01
   0.8465727597E+01  0.5140216823E+01  0.5881077387E+01
   0.1130759294E+02  0.1462785757E+02  0.9090334870E+01
   0.1585161718E+02  0.6805881563E+01  0.7647435434E+01
   0.4969649980E+01  0.2842082236E+01  0.1707967576E+01
   0.1108485586E+02  0.2654073060E+00  0.3591417434E+01
   0.1693257173E+02  0.1603743698E+02  0.1603385210E+02
   0.9868793818E+01  0.1017032525E+02  0.6137666064E+01
   0.6430241703E+01  0.1485306505E+02  0.1133095138E+02
   0.1205723169E+02  0.4020152578E+01  0.6432668495E+01
   0.1483506477E+02  0.6725929122E+00  0.1614213523E+02
   0.1375705425E+02  0.7518936634E+00  0.6527131465E+01
   0.1535885759E+02  0.5786374709E+01  0.1160420309E+02
   0.1098572285E+02  0.1332786349E+01  0.1485097650E+02
   0.1526326941E+02  0.2489010201E+01  0.1398946853E+02
   0.1537112457E+02  0.8131880845E+01  0.1174441172E+02
   0.2466624615E+01  0.1302454745E+02  0.1618904608E+02
   0.1677048640E+02  0.1278486747E+02  0.1832545389E+01
   0.1639803770E+02  0.8942525949E+01  0.8476451355E+01
   0.6769299304E+01  0.1191379857E+02  0.1621008084E+02
   0.1219963066E+02  0.1076091814E+02  0.7214259685E+01
   0.1046564122E+02  0.1304053455E+02  0.1267717464E+02
   0.9748441043E+01  0.3938515535E+01  0.7915875646E+01
   0.5570457803E+01  0.1227890364E+02  0.4023272024E+01
   0.6014546517E+01  0.4839280456E+01  0.6192748063E+01
   0.1367144591E+02  0.4750620035E+01  0.1345145408E+02
   0.1326159320E+02  0.5151748429E+01  0.4536599074E+01
   0.1507802523E+02  0.1358247597E+02  0.6791481706E+01
   0.7874566806E+01  0.9232566219E+01  0.4792534698E+01
   0.1035995469E+02  0.1604141736E+02  0.1433170886E+02
   0.3590307331E+01  0.1659346144E+00  0.1674688089E+02
   0.2132084756E+01  0.1683065525E+02  0.6189341523E+01
   0.1541053814E+02  0.4909308866E+01  0.1517263306E+02
   0.1602616355E+02  0.9457513532E+01  0.6071408663E+01
   0.3680565517E+01  0.1497430327E+02  0.1519508494E+02
   0.8338772433E+01  0.1213859021E+02  0.1398091735E+02
   0.1340324217E+02  0.3527837029E+01  0.4811332050E+00
   0.1030401635E+02  0.1278028867E+02  0.1015975659E+02
   0.7027537584E+01  0.1084135741E+02  0.1181288702E+02
   0.1244994741E+02  0.1629219283E+02  0.5392332133E+01
   0.1562255365E+02  0.1680710897E+02  0.2847521871E+01
   0.1326306093E+02  0.3032595806E+00  0.1430711622E+02
   0.6728898680E+01  0.1320061431E+02  0.6280230071E+01
   0.1190269789E+02  0.1174093067E+02  0.1616280167E+02
   0.1649271383E+02  0.8129810069E+00  0.7440277643E+00
   0.1216734777E+02  0.6786926444E+01  0.2862273231E+01
   0.2149267768E+01  0.6158755295E+01  0.6641219872E+01
   0.7615035012E+01  0.3872398311E+01  0.9882232909E+01
   0.1167646670E+02  0.4238926108E+01  0.1169145354E+02
   0.1437225451E+02  0.1174389254E+02  0.1616248383E+02
   0.1229243303E+01  0.4803862875E+01  0.1305271878E+01
   0.5179101981E+01  0.1383065691E+00  0.9757394170E+01
   0.1459799528E+02  0.1417132350E+02  0.2351673615E+01
   0.1255371298E+02  0.1641358692E+02  0.1028123980E+02
   0.7506743576E+01  0.2162751755E+01  0.2770265123E+00
   0.1946289487E+01  0.1460320293E+02  0.9144232002E+01
   0.5180990711E+01  0.1495124484E+02  0.7135327070E+01
   0.1326250334E+02  0.2812055167E+01  0.1540740948E+02
   0.1035656974E+02  0.5510092359E+01  0.1595441159E+02
   0.1437754968E+02  0.3553042821E+01  0.1151583612E+02
   0.1493305043E+02  0.1566863665E+02  0.4987458219E+01
   0.1482873192E+02  0.5599848460E+01  0.7793287960E-01
   0.2703772851E+01  0.1593535564E+02  0.1318270478E+02
   0.8846837397E+01  0.1396827900E+02  0.8074403878E+01
   0.1733870528E+02  0.9899848208E+01  0.1492451718E+02
   0.2857657538E+01  0.1531591737E+02  0.2544791297E+01
   0.5903718223E+01  0.2059281944E+01  0.1113567038E+02
   0.5761018407E+00  0.1029200428E+02  0.7359638845E+01
   0.2746882091E+01  0.5147596175E+01  0.1126774991E+02
   0.9073414279E+01  0.3397129030E+01  0.1606374063E+02
   0.6941210351E+01  0.1590879670E+02  0.8969450481E+01
   0.3425756911E+01  0.6073908087E+01  0.9079235878E+01
   0.8085302674E+01  0.1303097002E+02  0.1137434068E+02
   0.1531575300E+02  0.1385423387E+02  0.1732982068E+02
   0.5565304585E+01  0.5240093937E+00  0.9298643191E+00
   0.5694187317E+01  0.4995269241E+01  0.8491538297E+01
   0.6443335729E+01  0.1398496000E+02  0.1497802503E+02
   0.9902747274E+01  0.6433816304E+01  0.2336844589E+01
   0.1044626414E+02  0.8193202154E+01  0.4223243488E+01
   0.4786560675E+01  0.2306393513E+01  0.1665714547E+02
   0.4635237564E+01  0.1489254467E+02  0.9912770543E+01
   0.4886114873E+01  0.1348616701E+02  0.1685846838E+02
   0.3412632723E+01  0.1049961781E+02  0.4774890887E+01
   0.1195609204E+02  0.1374731526E+02  0.2464982689E+01
   0.1678608242E+01  0.1005567697E+02  0.3021891005E+01
   0.6031010834E+01  0.7364012539E+01  0.9277807766E+01
   0.1348289527E+02  0.7324054332E+01  0.1356408048E+02
   0.4350944708E+00  0.1574447970E+02  0.7428768763E+01
   0.1374329162E+02  0.3165903059E+01  0.2933261334E+01
   0.8811192247E+01  0.1508209955E+02  0.1033511868E+02
   0.2391333464E+01  0.1428774355E+02  0.6862068370E+01
   0.1151855788E+02  0.1624162015E+02  0.1241690893E+01
   0.4499919579E+01  0.6825257575E+01  0.7183755446E+01
   0.1621690285E+01  0.1222378644E+02  0.5957170893E+01
   0.4363692911E+01  0.5145340070E+01  0.1315725490E+02
   0.2133164242E+01  0.4083621108E+01  0.1366291263E+02
   0.9189679567E+01  0.1730860848E+00  0.1289242991E+02
   0.1186799441E+02  0.1720226979E+01  0.1815763977E+01
   0.1436713225E+02  0.9209563662E+01  0.4469997406E+01
   0.1313956920E+02  0.1391732181E+02  0.4822968972E+01
   0.1123643246E+02  0.1233879578E+02  0.5079157324E+01
   0.1224085962E+01  0.6974509037E+01  0.1694169484E+02
   0.7864465201E+01  0.6376186488E+01  0.1051947447E+02
   0.9097490798E+01  0.4297291327E+01  0.3549719441E+01
   0.7536424436E+01  0.1363644057E+02  0.3126711177E+01
   0.1489478984E+02  0.9374881596E+01  0.2041118792E+01
   0.4135508411E+01  0.4141533043E+01  0.1557709933E+02
   0.1092045020E+01  0.4309966032E+00  0.7970236164E-01
   0.1680201807E+02  0.4141008269E+01  0.1055303145E+02
   0.1452928984E+01  0.1474808172E+02  0.4528938882E+01
   0.7872219244E+01  0.5830355180E+01  0.1635509180E+02
   0.1587881414E+02  0.9441430667E+00  0.5195803435E+01
   0.1379288551E+01  0.1064720894E+02  0.1346001808E+02
   0.9127254582E+01  0.1446179622E+01  0.4211040797E+01
   0.1301075403E+02  0.1009978861E+02  0.3839204516E+00
   0.1688047114E+02  0.8386044240E+01  0.3646714557E+01
   0.1080308177E+02  0.6636142085E+01  0.1129523106E+02
   0.8210950591E+01  0.1166584802E+02  0.7223041488E+01
   0.1256321851E+02  0.9221956882E+01  0.2834124302E+01
   0.6644967836E+01  0.8317105337E+01  0.1203323055E+02
   0.1428539801E+02  0.9222653717E+00  0.1168212247E+02
   0.6635845904E+01  0.6093886628E+01  0.1259571238E+02
   0.1502831389E+02  0.1153498329E+02  0.1275370355E+01
   0.1058375476E+02  0.1094971449E+02  0.1410830075E+02
   0.8422378022E+01  0.6828876191E+01  0.4114660233E+01
   0.3824184573E+00  0.2022979491E+01  0.1349270479E+02
   0.2496300258E+01  0.9282479750E+01  0.9013172176E+00
   0.8534776913E+01  0.1609954717E+02  0.4016549402E+01
   0.1183544814E+02  0.5900784133E+01  0.5293237054E+00
   0.7134167145E+01  0.7707838661E+01  0.1456497500E+02
   0.1140423639E+02  0.8397065805E+01  0.7101592580E+01
   0.1645354002E+02  0.1666718141E+02  0.1163187712E+02
   0.6180912070E+01  0.1035702643E+02  0.1393890812E+02
   0.1356111352E+02  0.9406324154E+00  0.3937764339E+01
   0.9187762143E+01  0.4565952326E+01  0.1198387520E+02
   0.4658613013E+01  0.8590476807E+01  0.5277423394E+01
   0.3687145905E+01  0.8512317226E+01  0.9359581545E+01
   0.3156819601E+01  0.1382034142E+01  0.1027580501E+02
   0.1415314626E+02  0.2850712819E+01  0.5325685550E+01
   0.5969639407E+01  0.9797343532E+01  0.9830608252E+01
   0.7574115011E+01  0.1570730634E+02  0.6550760721E+01
   0.1594194771E+02  0.6541883822E+01  0.1364756876E+02
   0.1004272318E+02  0.1261789535E+01  0.1733106798E+02
   0.1577865832E+02  0.1427031758E+02  0.1119772411E+02
   0.1675424804E+01  0.8369115735E+01  0.1479863843E+02
   0.4778268126E+01  0.1602416235E+01  0.3717971137E+01
   0.1385818198E+02  0.9971692960E+01  0.1276863384E+02
   0.6701647521E+01  0.1359995979E+02  0.8919306078E+01
   0.1053605419E+02  0.1242828211E+02  0.7604924498E+01
   0.9514919379E+01  0.1184682832E+02  0.1627485577E+02
   0.6028434732E+01  0.1067242154E+02  0.5847969848E+01
   0.1537852159E+02  0.9529168123E+01  0.1675375380E+02
   0.1600303554E+02  0.3619460110E+01  0.1489102202E+01
   0.1452586762E+02  0.1209166507E+02  0.1163201579E+02
   0.1766579594E+02  0.1310668931E+02  0.7846578345E+01
   0.8400161298E+01  0.1470022963E+02  0.1314171113E+02
   0.3807805245E+00  0.5756718414E+01  0.1196650305E+02
   0.2462107706E+00  0.6137415233E+01  0.4293508977E+01
   0.7299701270E+00  0.1716061673E+01  0.4486755113E+01
   0.1354780000E+02  0.7702885192E+01  0.8033333674E+00
   0.1312476272E+02  0.1275565541E+02  0.7270185958E+00
   0.1777080897E+01  0.1696808961E+02  0.1522575895E+02
   0.4709149043E+01  0.2525393857E+01  0.1391281050E+02
   0.5893054083E+01  0.1584949148E+02  0.1360180513E+02
   0.1201048285E+02  0.7072502008E+01  0.9221260143E+01
   0.4023142957E+01  0.1313919846E+02  0.8506661523E+01
   0.1291336431E+02  0.1308426204E+02  0.7344028955E+01
   0.3158887925E+01  0.6818326840E+01  0.8288867080E+00
   0.7873121911E+01  0.1619080734E+02  0.1492296311E+02
   0.1238025762E+02  0.1490334276E+02  0.1368356281E+02
   0.9550565228E+01  0.2545089385E+01  0.1989841637E+01
   0.1544905428E+02  0.1136216176E+02  0.1420701784E+02
   0.4750699131E+01  0.9597530893E+01  0.1189920682E+02
   0.4418209148E+01  0.1710591465E+02  0.5706684564E+01
   0.5687159177E+01  0.9272454963E+01  0.1597646477E+02
   0.1210589626E+02  0.4530580857E+01  0.9174597811E+01
   0.3695625143E+01  0.9958454794E+01  0.1432886229E+02
   0.2463509286E+01  0.9141450119E+01  0.1191003088E+02
   0.1665986618E+02  0.1176443727E+02  0.6031653618E+01
   0.3665767339E+01  0.8217728558E+01  0.2960200260E+01
   0.4739548930E+01  0.7735385095E+01  0.1393981120E+02
   0.1757525674E+02  0.5495142477E+01  0.6571580079E+01
   0.5465543690E+01  0.1243457217E+02  0.1065372117E+02
   0.1210487246E+02  0.9930841368E+01  0.5042724518E+01
   0.7375499960E+01  0.6316165236E+01  0.1562326356E+01
   0.7975605292E+01  0.1147602266E+02  0.9526658043E+01
   0.2592487248E+01  0.1269301819E+01  0.1292272045E+02
   0.1258299337E+02  0.1368227134E+02  0.1150453104E+02
   0.1333181913E+02  0.1160994678E+02  0.3152140347E+01
   0.1359593391E+02  0.1553771236E+02  0.7556137438E+01
   0.1535608429E+02  0.1257534185E+02  0.9275091660E+01
   0.6201219777E+01  0.1287260460E+02  0.1299082300E+02
   0.1102333766E+02  0.8590254179E+01  0.1356087252E+01
   0.1680730549E+02  0.6618963982E+01  0.9871635962E+01
   0.1455622916E+02  0.1362615887E+02  0.1346189742E+02
   0.6853730073E+01  0.1432051858E+02  0.5187400190E+00
   0.1124984498E+02  0.3373720966E+01  0.1704219253E+02
   0.5045021588E+01  0.5748790273E+01  0.2170693854E+01
   0.1460741494E+02  0.1556619869E+02  0.1515005402E+02
   0.1543474359E+02  0.1306339600E+02  0.4261245118E+01
   0.1660232365E+02  0.1902398684E+01  0.1166950338E+02
   0.1562799179E+02  0.4707535987E+01  0.3993431751E+01
   0.1564264543E+01  0.1184091129E+00  0.8837172140E+01
   0.6630732368E+01  0.2907723965E+00  0.4767081580E+01
   0.8483883838E+01  0.1252283949E+02  0.8869494591E+00
   0.1662556983E+02  0.4151256952E+01  0.8208081821E+01
   0.1007804689E+02  0.2876010635E+01  0.1000334471E+02
   0.1629463999E+02  0.7703194563E+01  0.7954544330E+00
   0.1330251766E+02  0.6165586580E+01  0.7274824319E+01
   0.1814373801E+01  0.1209939149E+02  0.8742217714E+01
   0.1712009906E+02  0.1102157208E+02  0.9517322272E+01
   0.1054481965E+02  0.8924975557E+01  0.1096610222E+02
   0.6682958678E+01  0.7256550975E+01  0.6106913544E+01
   0.5069688046E+01  0.1415240272E+02  0.2599958719E+01
   0.1179927183E+02  0.2205889117E+01  0.8148277970E+01
   0.1075255200E+02  0.9581929508E+01  0.1629039809E+02
   0.2204830550E+01  0.1317119457E+02  0.1342066287E+02
   0.1667293083E+02  0.4152529366E+01  0.1299198921E+02
   0.4212888591E+01  0.6225566463E+01  0.4824420346E+01
   0.3934212052E+01  0.1084101337E+02  0.2183255612E+01
   0.8627510415E+01  0.1028264002E+01  0.1541562349E+02
   0.1067460465E+01  0.5087431954E+01  0.9228098546E+01
   0.1666423281E+02  0.5910849438E+01  0.2147881934E+01
   0.8220357190E+01  0.9008261311E+01  0.1040649423E+02
   0.9484388222E+01  0.7673215529E+01  0.1503169763E+02
   0.5880119147E+01  0.3788335711E+00  0.7489372076E+01
   0.9492122123E+01  0.1099884547E+02  0.1160858452E+02
   0.1128465695E+02  0.8693239482E+01  0.1340426264E+02
   0.1107920719E+00  0.8155281781E+01  0.1300404097E+02
   0.4374334677E+01  0.7142924584E+01  0.1138541110E+02
   0.1281437566E+02  0.2387105595E+01  0.1306613356E+02
   0.3809983485E+01  0.1161584237E+02  0.1245306765E+02
   0.1284856970E+02  0.8413383290E+01  0.1133558006E+02
   0.1391632238E+02  0.7658836331E+00  0.8793972951E+01
   0.6833106382E+00  0.1663732258E+02  0.2473654550E+01
   0.1011665759E+02  0.3426847816E+00  0.1032270043E+02
   0.1391031120E+02  0.8674044672E+01  0.7059811124E+01
   0.1610337677E+02  0.1475284250E+02  0.8565302699E+01
   0.1677112705E+02  0.4689382320E+00  0.9155341370E+01
   0.1071520652E+02  0.5984481998E+01  0.7271380970E+01
   0.3921662341E+00  0.9195732486E+01  0.1712722382E+02
   0.1316545498E+02  0.1598996701E+02  0.2982320097E+01
   0.1599995730E+02  0.1084455887E+02  0.3737707609E+01
   0.1300030178E+01  0.1132369642E+02  0.1124317129E+02
   0.9150975146E+01  0.7614498296E+01  0.6350452182E+01
   0.4858013242E+01  0.1657786183E+02  0.3178583070E+01
   0.5342369559E+01  0.6652266854E+01  0.1678041431E+02
   0.7450732662E+01  0.8121889239E+01  0.1715057693E+02
   0.1532419387E+02  0.2411561318E+01  0.9705466013E+01
   0.1192452157E+02  0.7578549474E+01  0.1592671980E+02
   0.6653990333E+01  0.5342151515E+01  0.4019363451E+01
   0.1249772149E+02  0.9559803469E+00  0.1693874702E+02
   0.6682049264E+01  0.1024639806E+02  0.7014126960E+00
   0.5331474176E+01  0.4830307547E+01  0.1073021028E+02
   0.1075670666E+02  0.5609211947E+01  0.4741211051E+01
   0.1477452017E+02  0.1008785465E+02  0.1027727374E+02
   0.1296414893E+01  0.3174750406E+01  0.1142768538E+02
   0.1010310587E+02  0.1034856002E+02  0.3374973378E+01
   0.1542489176E+02  0.8870933031E+01  0.1414771793E+02
   0.1757474115E+02  0.1658291097E+02  0.4967276569E+01
   0.1386592225E+02  0.3232118511E+01  0.7940071852E+01
   0.1105013639E+02  0.3806765845E+01  0.1426381112E+02
   0.9677702284E+01  0.3107359908E+01  0.5799552240E+01
   0.6239944989E+01  0.4386475658E+01  0.2041899268E-01
   0.9101884051E+01  0.1002971646E+02  0.6718223235E+00
   0.1449890042E+01  0.1163703983E+02  0.1021793545E+01
   0.9301967630E+01  0.1634817673E+02  0.8227897681E+01
   0.4209255379E+01  0.1100769228E+02  0.1705615703E+02
   0.9800627314E+01  0.1281818076E+02  0.3034489703E+01
   0.1426842242E+02  0.1611099246E+02  0.4846381526E+00
   0.1684331554E+02  0.1545921180E+02  0.1043514459E+01
   0.1554416060E+02  0.2944930400E+01  0.1662834489E+02
   0.7710720076E+01  0.9275108015E+01  0.7771129751E+01
   0.7959804373E+01  0.5915925655E+01  0.8041925130E+01
   0.1164230227E+02  0.1695557812E+02  0.7886015390E+01
   0.8213170034E+01  0.9912960922E+01  0.1558362520E+02
   0.1146822218E+02  0.4349486729E+01  0.2263327167E+01
   0.4655975604E-01  0.1566981542E+02  0.9935468517E+01
   0.7104635501E+01  0.3793934583E+01  0.2249837560E+01
   0.1277338993E+02  0.1213443942E+02  0.1380239748E+02
   0.2244827886E+00  0.1369135496E+02  0.1705507346E+02
   0.1655387936E+01  0.9651320171E+01  0.9318017387E+01
   0.1440141144E+02  0.7599754868E+01  0.9482604339E+01
   0.4128032799E+00  0.1224596136E+02  0.1495399302E+02
   0.3782148072E+00  0.1174216807E+01  0.6889177790E+01
   0.4440629754E+01  0.1554530517E+02  0.7829171117E+00
   0.5873945736E+01  0.1222432579E+02  0.1467818994E+01
   0.1012630491E+02  0.1031897760E+02  0.8871870768E+01
   0.1181698330E+02  0.9812161047E-01  0.1244921290E+02
   0.3488909866E+01  0.8476005527E+01  0.1634498130E+02
   0.4427525847E+01  0.1235947684E+02  0.1473239515E+02
   0.1657365980E+02  0.1040184476E+02  0.1225174768E+02
   0.1503731774E+02  0.4711559021E+01  0.6482959424E+01
   0.8575405636E+01  0.1417971203E+02  0.1613623842E+02
   0.5727234673E+01  0.1587399640E+02  0.1622528326E+02
   0.1949587946E+01  0.1538547794E+02  0.2823078429E-01
