 Al
 EAM Mishin     
         500
   4.05000019073486     
   5.000000000000000   0.000000000000000   0.000000000000000
   0.000000000000000   5.000000000000000   0.000000000000000
   0.000000000000000   0.000000000000000   5.000000000000000
 fra
   0.000000000000000   0.000000000000000   0.000000000000000
   0.000000000000000   0.100000000000000   0.100000000000000
   0.100000000000000   0.000000000000000   0.100000000000000
   0.100000000000000   0.100000000000000   0.000000000000000
   0.200000000000000   0.000000000000000   0.000000000000000
   0.200000000000000   0.100000000000000   0.100000000000000
   0.300000000000000   0.000000000000000   0.100000000000000
   0.300000000000000   0.100000000000000   0.000000000000000
   0.400000000000000   0.000000000000000   0.000000000000000
   0.400000000000000   0.100000000000000   0.100000000000000
   0.500000000000000   0.000000000000000   0.100000000000000
   0.500000000000000   0.100000000000000   0.000000000000000
   0.600000000000000   0.000000000000000   0.000000000000000
   0.600000000000000   0.100000000000000   0.100000000000000
   0.700000000000000   0.000000000000000   0.100000000000000
   0.700000000000000   0.100000000000000   0.000000000000000
   0.800000000000000   0.000000000000000   0.000000000000000
   0.800000000000000   0.100000000000000   0.100000000000000
   0.900000000000000   0.000000000000000   0.100000000000000
   0.900000000000000   0.100000000000000   0.000000000000000
   0.000000000000000   0.200000000000000   0.000000000000000
   0.000000000000000   0.300000000000000   0.100000000000000
   0.100000000000000   0.200000000000000   0.100000000000000
   0.100000000000000   0.300000000000000   0.000000000000000
   0.200000000000000   0.200000000000000   0.000000000000000
   0.200000000000000   0.300000000000000   0.100000000000000
   0.300000000000000   0.200000000000000   0.100000000000000
   0.300000000000000   0.300000000000000   0.000000000000000
   0.400000000000000   0.200000000000000   0.000000000000000
   0.400000000000000   0.300000000000000   0.100000000000000
   0.500000000000000   0.200000000000000   0.100000000000000
   0.500000000000000   0.300000000000000   0.000000000000000
   0.600000000000000   0.200000000000000   0.000000000000000
   0.600000000000000   0.300000000000000   0.100000000000000
   0.700000000000000   0.200000000000000   0.100000000000000
   0.700000000000000   0.300000000000000   0.000000000000000
   0.800000000000000   0.200000000000000   0.000000000000000
   0.800000000000000   0.300000000000000   0.100000000000000
   0.900000000000000   0.200000000000000   0.100000000000000
   0.900000000000000   0.300000000000000   0.000000000000000
   0.000000000000000   0.400000000000000   0.000000000000000
   0.000000000000000   0.500000000000000   0.100000000000000
   0.100000000000000   0.400000000000000   0.100000000000000
   0.100000000000000   0.500000000000000   0.000000000000000
   0.200000000000000   0.400000000000000   0.000000000000000
   0.200000000000000   0.500000000000000   0.100000000000000
   0.300000000000000   0.400000000000000   0.100000000000000
   0.300000000000000   0.500000000000000   0.000000000000000
   0.400000000000000   0.400000000000000   0.000000000000000
   0.400000000000000   0.500000000000000   0.100000000000000
   0.500000000000000   0.400000000000000   0.100000000000000
   0.500000000000000   0.500000000000000   0.000000000000000
   0.600000000000000   0.400000000000000   0.000000000000000
   0.600000000000000   0.500000000000000   0.100000000000000
   0.700000000000000   0.400000000000000   0.100000000000000
   0.700000000000000   0.500000000000000   0.000000000000000
   0.800000000000000   0.400000000000000   0.000000000000000
   0.800000000000000   0.500000000000000   0.100000000000000
   0.900000000000000   0.400000000000000   0.100000000000000
   0.900000000000000   0.500000000000000   0.000000000000000
   0.000000000000000   0.600000000000000   0.000000000000000
   0.000000000000000   0.700000000000000   0.100000000000000
   0.100000000000000   0.600000000000000   0.100000000000000
   0.100000000000000   0.700000000000000   0.000000000000000
   0.200000000000000   0.600000000000000   0.000000000000000
   0.200000000000000   0.700000000000000   0.100000000000000
   0.300000000000000   0.600000000000000   0.100000000000000
   0.300000000000000   0.700000000000000   0.000000000000000
   0.400000000000000   0.600000000000000   0.000000000000000
   0.400000000000000   0.700000000000000   0.100000000000000
   0.500000000000000   0.600000000000000   0.100000000000000
   0.500000000000000   0.700000000000000   0.000000000000000
   0.600000000000000   0.600000000000000   0.000000000000000
   0.600000000000000   0.700000000000000   0.100000000000000
   0.700000000000000   0.600000000000000   0.100000000000000
   0.700000000000000   0.700000000000000   0.000000000000000
   0.800000000000000   0.600000000000000   0.000000000000000
   0.800000000000000   0.700000000000000   0.100000000000000
   0.900000000000000   0.600000000000000   0.100000000000000
   0.900000000000000   0.700000000000000   0.000000000000000
   0.000000000000000   0.800000000000000   0.000000000000000
   0.000000000000000   0.900000000000000   0.100000000000000
   0.100000000000000   0.800000000000000   0.100000000000000
   0.100000000000000   0.900000000000000   0.000000000000000
   0.200000000000000   0.800000000000000   0.000000000000000
   0.200000000000000   0.900000000000000   0.100000000000000
   0.300000000000000   0.800000000000000   0.100000000000000
   0.300000000000000   0.900000000000000   0.000000000000000
   0.400000000000000   0.800000000000000   0.000000000000000
   0.400000000000000   0.900000000000000   0.100000000000000
   0.500000000000000   0.800000000000000   0.100000000000000
   0.500000000000000   0.900000000000000   0.000000000000000
   0.600000000000000   0.800000000000000   0.000000000000000
   0.600000000000000   0.900000000000000   0.100000000000000
   0.700000000000000   0.800000000000000   0.100000000000000
   0.700000000000000   0.900000000000000   0.000000000000000
   0.800000000000000   0.800000000000000   0.000000000000000
   0.800000000000000   0.900000000000000   0.100000000000000
   0.900000000000000   0.800000000000000   0.100000000000000
   0.900000000000000   0.900000000000000   0.000000000000000
   0.000000000000000   0.000000000000000   0.200000000000000
   0.000000000000000   0.100000000000000   0.300000000000000
   0.100000000000000   0.000000000000000   0.300000000000000
   0.100000000000000   0.100000000000000   0.200000000000000
   0.200000000000000   0.000000000000000   0.200000000000000
   0.200000000000000   0.100000000000000   0.300000000000000
   0.300000000000000   0.000000000000000   0.300000000000000
   0.300000000000000   0.100000000000000   0.200000000000000
   0.400000000000000   0.000000000000000   0.200000000000000
   0.400000000000000   0.100000000000000   0.300000000000000
   0.500000000000000   0.000000000000000   0.300000000000000
   0.500000000000000   0.100000000000000   0.200000000000000
   0.600000000000000   0.000000000000000   0.200000000000000
   0.600000000000000   0.100000000000000   0.300000000000000
   0.700000000000000   0.000000000000000   0.300000000000000
   0.700000000000000   0.100000000000000   0.200000000000000
   0.800000000000000   0.000000000000000   0.200000000000000
   0.800000000000000   0.100000000000000   0.300000000000000
   0.900000000000000   0.000000000000000   0.300000000000000
   0.900000000000000   0.100000000000000   0.200000000000000
   0.000000000000000   0.200000000000000   0.200000000000000
   0.000000000000000   0.300000000000000   0.300000000000000
   0.100000000000000   0.200000000000000   0.300000000000000
   0.100000000000000   0.300000000000000   0.200000000000000
   0.200000000000000   0.200000000000000   0.200000000000000
   0.200000000000000   0.300000000000000   0.300000000000000
   0.300000000000000   0.200000000000000   0.300000000000000
   0.300000000000000   0.300000000000000   0.200000000000000
   0.400000000000000   0.200000000000000   0.200000000000000
   0.400000000000000   0.300000000000000   0.300000000000000
   0.500000000000000   0.200000000000000   0.300000000000000
   0.500000000000000   0.300000000000000   0.200000000000000
   0.600000000000000   0.200000000000000   0.200000000000000
   0.600000000000000   0.300000000000000   0.300000000000000
   0.700000000000000   0.200000000000000   0.300000000000000
   0.700000000000000   0.300000000000000   0.200000000000000
   0.800000000000000   0.200000000000000   0.200000000000000
   0.800000000000000   0.300000000000000   0.300000000000000
   0.900000000000000   0.200000000000000   0.300000000000000
   0.900000000000000   0.300000000000000   0.200000000000000
   0.000000000000000   0.400000000000000   0.200000000000000
   0.000000000000000   0.500000000000000   0.300000000000000
   0.100000000000000   0.400000000000000   0.300000000000000
   0.100000000000000   0.500000000000000   0.200000000000000
   0.200000000000000   0.400000000000000   0.200000000000000
   0.200000000000000   0.500000000000000   0.300000000000000
   0.300000000000000   0.400000000000000   0.300000000000000
   0.300000000000000   0.500000000000000   0.200000000000000
   0.400000000000000   0.400000000000000   0.200000000000000
   0.400000000000000   0.500000000000000   0.300000000000000
   0.500000000000000   0.400000000000000   0.300000000000000
   0.500000000000000   0.500000000000000   0.200000000000000
   0.600000000000000   0.400000000000000   0.200000000000000
   0.600000000000000   0.500000000000000   0.300000000000000
   0.700000000000000   0.400000000000000   0.300000000000000
   0.700000000000000   0.500000000000000   0.200000000000000
   0.800000000000000   0.400000000000000   0.200000000000000
   0.800000000000000   0.500000000000000   0.300000000000000
   0.900000000000000   0.400000000000000   0.300000000000000
   0.900000000000000   0.500000000000000   0.200000000000000
   0.000000000000000   0.600000000000000   0.200000000000000
   0.000000000000000   0.700000000000000   0.300000000000000
   0.100000000000000   0.600000000000000   0.300000000000000
   0.100000000000000   0.700000000000000   0.200000000000000
   0.200000000000000   0.600000000000000   0.200000000000000
   0.200000000000000   0.700000000000000   0.300000000000000
   0.300000000000000   0.600000000000000   0.300000000000000
   0.300000000000000   0.700000000000000   0.200000000000000
   0.400000000000000   0.600000000000000   0.200000000000000
   0.400000000000000   0.700000000000000   0.300000000000000
   0.500000000000000   0.600000000000000   0.300000000000000
   0.500000000000000   0.700000000000000   0.200000000000000
   0.600000000000000   0.600000000000000   0.200000000000000
   0.600000000000000   0.700000000000000   0.300000000000000
   0.700000000000000   0.600000000000000   0.300000000000000
   0.700000000000000   0.700000000000000   0.200000000000000
   0.800000000000000   0.600000000000000   0.200000000000000
   0.800000000000000   0.700000000000000   0.300000000000000
   0.900000000000000   0.600000000000000   0.300000000000000
   0.900000000000000   0.700000000000000   0.200000000000000
   0.000000000000000   0.800000000000000   0.200000000000000
   0.000000000000000   0.900000000000000   0.300000000000000
   0.100000000000000   0.800000000000000   0.300000000000000
   0.100000000000000   0.900000000000000   0.200000000000000
   0.200000000000000   0.800000000000000   0.200000000000000
   0.200000000000000   0.900000000000000   0.300000000000000
   0.300000000000000   0.800000000000000   0.300000000000000
   0.300000000000000   0.900000000000000   0.200000000000000
   0.400000000000000   0.800000000000000   0.200000000000000
   0.400000000000000   0.900000000000000   0.300000000000000
   0.500000000000000   0.800000000000000   0.300000000000000
   0.500000000000000   0.900000000000000   0.200000000000000
   0.600000000000000   0.800000000000000   0.200000000000000
   0.600000000000000   0.900000000000000   0.300000000000000
   0.700000000000000   0.800000000000000   0.300000000000000
   0.700000000000000   0.900000000000000   0.200000000000000
   0.800000000000000   0.800000000000000   0.200000000000000
   0.800000000000000   0.900000000000000   0.300000000000000
   0.900000000000000   0.800000000000000   0.300000000000000
   0.900000000000000   0.900000000000000   0.200000000000000
   0.000000000000000   0.000000000000000   0.400000000000000
   0.000000000000000   0.100000000000000   0.500000000000000
   0.100000000000000   0.000000000000000   0.500000000000000
   0.100000000000000   0.100000000000000   0.400000000000000
   0.200000000000000   0.000000000000000   0.400000000000000
   0.200000000000000   0.100000000000000   0.500000000000000
   0.300000000000000   0.000000000000000   0.500000000000000
   0.300000000000000   0.100000000000000   0.400000000000000
   0.400000000000000   0.000000000000000   0.400000000000000
   0.400000000000000   0.100000000000000   0.500000000000000
   0.500000000000000   0.000000000000000   0.500000000000000
   0.500000000000000   0.100000000000000   0.400000000000000
   0.600000000000000   0.000000000000000   0.400000000000000
   0.600000000000000   0.100000000000000   0.500000000000000
   0.700000000000000   0.000000000000000   0.500000000000000
   0.700000000000000   0.100000000000000   0.400000000000000
   0.800000000000000   0.000000000000000   0.400000000000000
   0.800000000000000   0.100000000000000   0.500000000000000
   0.900000000000000   0.000000000000000   0.500000000000000
   0.900000000000000   0.100000000000000   0.400000000000000
   0.000000000000000   0.200000000000000   0.400000000000000
   0.000000000000000   0.300000000000000   0.500000000000000
   0.100000000000000   0.200000000000000   0.500000000000000
   0.100000000000000   0.300000000000000   0.400000000000000
   0.200000000000000   0.200000000000000   0.400000000000000
   0.200000000000000   0.300000000000000   0.500000000000000
   0.300000000000000   0.200000000000000   0.500000000000000
   0.300000000000000   0.300000000000000   0.400000000000000
   0.400000000000000   0.200000000000000   0.400000000000000
   0.400000000000000   0.300000000000000   0.500000000000000
   0.500000000000000   0.200000000000000   0.500000000000000
   0.500000000000000   0.300000000000000   0.400000000000000
   0.600000000000000   0.200000000000000   0.400000000000000
   0.600000000000000   0.300000000000000   0.500000000000000
   0.700000000000000   0.200000000000000   0.500000000000000
   0.700000000000000   0.300000000000000   0.400000000000000
   0.800000000000000   0.200000000000000   0.400000000000000
   0.800000000000000   0.300000000000000   0.500000000000000
   0.900000000000000   0.200000000000000   0.500000000000000
   0.900000000000000   0.300000000000000   0.400000000000000
   0.000000000000000   0.400000000000000   0.400000000000000
   0.000000000000000   0.500000000000000   0.500000000000000
   0.100000000000000   0.400000000000000   0.500000000000000
   0.100000000000000   0.500000000000000   0.400000000000000
   0.200000000000000   0.400000000000000   0.400000000000000
   0.200000000000000   0.500000000000000   0.500000000000000
   0.300000000000000   0.400000000000000   0.500000000000000
   0.300000000000000   0.500000000000000   0.400000000000000
   0.400000000000000   0.400000000000000   0.400000000000000
   0.400000000000000   0.500000000000000   0.500000000000000
   0.500000000000000   0.400000000000000   0.500000000000000
   0.500000000000000   0.500000000000000   0.400000000000000
   0.600000000000000   0.400000000000000   0.400000000000000
   0.600000000000000   0.500000000000000   0.500000000000000
   0.700000000000000   0.400000000000000   0.500000000000000
   0.700000000000000   0.500000000000000   0.400000000000000
   0.800000000000000   0.400000000000000   0.400000000000000
   0.800000000000000   0.500000000000000   0.500000000000000
   0.900000000000000   0.400000000000000   0.500000000000000
   0.900000000000000   0.500000000000000   0.400000000000000
   0.000000000000000   0.600000000000000   0.400000000000000
   0.000000000000000   0.700000000000000   0.500000000000000
   0.100000000000000   0.600000000000000   0.500000000000000
   0.100000000000000   0.700000000000000   0.400000000000000
   0.200000000000000   0.600000000000000   0.400000000000000
   0.200000000000000   0.700000000000000   0.500000000000000
   0.300000000000000   0.600000000000000   0.500000000000000
   0.300000000000000   0.700000000000000   0.400000000000000
   0.400000000000000   0.600000000000000   0.400000000000000
   0.400000000000000   0.700000000000000   0.500000000000000
   0.500000000000000   0.600000000000000   0.500000000000000
   0.500000000000000   0.700000000000000   0.400000000000000
   0.600000000000000   0.600000000000000   0.400000000000000
   0.600000000000000   0.700000000000000   0.500000000000000
   0.700000000000000   0.600000000000000   0.500000000000000
   0.700000000000000   0.700000000000000   0.400000000000000
   0.800000000000000   0.600000000000000   0.400000000000000
   0.800000000000000   0.700000000000000   0.500000000000000
   0.900000000000000   0.600000000000000   0.500000000000000
   0.900000000000000   0.700000000000000   0.400000000000000
   0.000000000000000   0.800000000000000   0.400000000000000
   0.000000000000000   0.900000000000000   0.500000000000000
   0.100000000000000   0.800000000000000   0.500000000000000
   0.100000000000000   0.900000000000000   0.400000000000000
   0.200000000000000   0.800000000000000   0.400000000000000
   0.200000000000000   0.900000000000000   0.500000000000000
   0.300000000000000   0.800000000000000   0.500000000000000
   0.300000000000000   0.900000000000000   0.400000000000000
   0.400000000000000   0.800000000000000   0.400000000000000
   0.400000000000000   0.900000000000000   0.500000000000000
   0.500000000000000   0.800000000000000   0.500000000000000
   0.500000000000000   0.900000000000000   0.400000000000000
   0.600000000000000   0.800000000000000   0.400000000000000
   0.600000000000000   0.900000000000000   0.500000000000000
   0.700000000000000   0.800000000000000   0.500000000000000
   0.700000000000000   0.900000000000000   0.400000000000000
   0.800000000000000   0.800000000000000   0.400000000000000
   0.800000000000000   0.900000000000000   0.500000000000000
   0.900000000000000   0.800000000000000   0.500000000000000
   0.900000000000000   0.900000000000000   0.400000000000000
   0.000000000000000   0.000000000000000   0.600000000000000
   0.000000000000000   0.100000000000000   0.700000000000000
   0.100000000000000   0.000000000000000   0.700000000000000
   0.100000000000000   0.100000000000000   0.600000000000000
   0.200000000000000   0.000000000000000   0.600000000000000
   0.200000000000000   0.100000000000000   0.700000000000000
   0.300000000000000   0.000000000000000   0.700000000000000
   0.300000000000000   0.100000000000000   0.600000000000000
   0.400000000000000   0.000000000000000   0.600000000000000
   0.400000000000000   0.100000000000000   0.700000000000000
   0.500000000000000   0.000000000000000   0.700000000000000
   0.500000000000000   0.100000000000000   0.600000000000000
   0.600000000000000   0.000000000000000   0.600000000000000
   0.600000000000000   0.100000000000000   0.700000000000000
   0.700000000000000   0.000000000000000   0.700000000000000
   0.700000000000000   0.100000000000000   0.600000000000000
   0.800000000000000   0.000000000000000   0.600000000000000
   0.800000000000000   0.100000000000000   0.700000000000000
   0.900000000000000   0.000000000000000   0.700000000000000
   0.900000000000000   0.100000000000000   0.600000000000000
   0.000000000000000   0.200000000000000   0.600000000000000
   0.000000000000000   0.300000000000000   0.700000000000000
   0.100000000000000   0.200000000000000   0.700000000000000
   0.100000000000000   0.300000000000000   0.600000000000000
   0.200000000000000   0.200000000000000   0.600000000000000
   0.200000000000000   0.300000000000000   0.700000000000000
   0.300000000000000   0.200000000000000   0.700000000000000
   0.300000000000000   0.300000000000000   0.600000000000000
   0.400000000000000   0.200000000000000   0.600000000000000
   0.400000000000000   0.300000000000000   0.700000000000000
   0.500000000000000   0.200000000000000   0.700000000000000
   0.500000000000000   0.300000000000000   0.600000000000000
   0.600000000000000   0.200000000000000   0.600000000000000
   0.600000000000000   0.300000000000000   0.700000000000000
   0.700000000000000   0.200000000000000   0.700000000000000
   0.700000000000000   0.300000000000000   0.600000000000000
   0.800000000000000   0.200000000000000   0.600000000000000
   0.800000000000000   0.300000000000000   0.700000000000000
   0.900000000000000   0.200000000000000   0.700000000000000
   0.900000000000000   0.300000000000000   0.600000000000000
   0.000000000000000   0.400000000000000   0.600000000000000
   0.000000000000000   0.500000000000000   0.700000000000000
   0.100000000000000   0.400000000000000   0.700000000000000
   0.100000000000000   0.500000000000000   0.600000000000000
   0.200000000000000   0.400000000000000   0.600000000000000
   0.200000000000000   0.500000000000000   0.700000000000000
   0.300000000000000   0.400000000000000   0.700000000000000
   0.300000000000000   0.500000000000000   0.600000000000000
   0.400000000000000   0.400000000000000   0.600000000000000
   0.400000000000000   0.500000000000000   0.700000000000000
   0.500000000000000   0.400000000000000   0.700000000000000
   0.500000000000000   0.500000000000000   0.600000000000000
   0.600000000000000   0.400000000000000   0.600000000000000
   0.600000000000000   0.500000000000000   0.700000000000000
   0.700000000000000   0.400000000000000   0.700000000000000
   0.700000000000000   0.500000000000000   0.600000000000000
   0.800000000000000   0.400000000000000   0.600000000000000
   0.800000000000000   0.500000000000000   0.700000000000000
   0.900000000000000   0.400000000000000   0.700000000000000
   0.900000000000000   0.500000000000000   0.600000000000000
   0.000000000000000   0.600000000000000   0.600000000000000
   0.000000000000000   0.700000000000000   0.700000000000000
   0.100000000000000   0.600000000000000   0.700000000000000
   0.100000000000000   0.700000000000000   0.600000000000000
   0.200000000000000   0.600000000000000   0.600000000000000
   0.200000000000000   0.700000000000000   0.700000000000000
   0.300000000000000   0.600000000000000   0.700000000000000
   0.300000000000000   0.700000000000000   0.600000000000000
   0.400000000000000   0.600000000000000   0.600000000000000
   0.400000000000000   0.700000000000000   0.700000000000000
   0.500000000000000   0.600000000000000   0.700000000000000
   0.500000000000000   0.700000000000000   0.600000000000000
   0.600000000000000   0.600000000000000   0.600000000000000
   0.600000000000000   0.700000000000000   0.700000000000000
   0.700000000000000   0.600000000000000   0.700000000000000
   0.700000000000000   0.700000000000000   0.600000000000000
   0.800000000000000   0.600000000000000   0.600000000000000
   0.800000000000000   0.700000000000000   0.700000000000000
   0.900000000000000   0.600000000000000   0.700000000000000
   0.900000000000000   0.700000000000000   0.600000000000000
   0.000000000000000   0.800000000000000   0.600000000000000
   0.000000000000000   0.900000000000000   0.700000000000000
   0.100000000000000   0.800000000000000   0.700000000000000
   0.100000000000000   0.900000000000000   0.600000000000000
   0.200000000000000   0.800000000000000   0.600000000000000
   0.200000000000000   0.900000000000000   0.700000000000000
   0.300000000000000   0.800000000000000   0.700000000000000
   0.300000000000000   0.900000000000000   0.600000000000000
   0.400000000000000   0.800000000000000   0.600000000000000
   0.400000000000000   0.900000000000000   0.700000000000000
   0.500000000000000   0.800000000000000   0.700000000000000
   0.500000000000000   0.900000000000000   0.600000000000000
   0.600000000000000   0.800000000000000   0.600000000000000
   0.600000000000000   0.900000000000000   0.700000000000000
   0.700000000000000   0.800000000000000   0.700000000000000
   0.700000000000000   0.900000000000000   0.600000000000000
   0.800000000000000   0.800000000000000   0.600000000000000
   0.800000000000000   0.900000000000000   0.700000000000000
   0.900000000000000   0.800000000000000   0.700000000000000
   0.900000000000000   0.900000000000000   0.600000000000000
   0.000000000000000   0.000000000000000   0.800000000000000
   0.000000000000000   0.100000000000000   0.900000000000000
   0.100000000000000   0.000000000000000   0.900000000000000
   0.100000000000000   0.100000000000000   0.800000000000000
   0.200000000000000   0.000000000000000   0.800000000000000
   0.200000000000000   0.100000000000000   0.900000000000000
   0.300000000000000   0.000000000000000   0.900000000000000
   0.300000000000000   0.100000000000000   0.800000000000000
   0.400000000000000   0.000000000000000   0.800000000000000
   0.400000000000000   0.100000000000000   0.900000000000000
   0.500000000000000   0.000000000000000   0.900000000000000
   0.500000000000000   0.100000000000000   0.800000000000000
   0.600000000000000   0.000000000000000   0.800000000000000
   0.600000000000000   0.100000000000000   0.900000000000000
   0.700000000000000   0.000000000000000   0.900000000000000
   0.700000000000000   0.100000000000000   0.800000000000000
   0.800000000000000   0.000000000000000   0.800000000000000
   0.800000000000000   0.100000000000000   0.900000000000000
   0.900000000000000   0.000000000000000   0.900000000000000
   0.900000000000000   0.100000000000000   0.800000000000000
   0.000000000000000   0.200000000000000   0.800000000000000
   0.000000000000000   0.300000000000000   0.900000000000000
   0.100000000000000   0.200000000000000   0.900000000000000
   0.100000000000000   0.300000000000000   0.800000000000000
   0.200000000000000   0.200000000000000   0.800000000000000
   0.200000000000000   0.300000000000000   0.900000000000000
   0.300000000000000   0.200000000000000   0.900000000000000
   0.300000000000000   0.300000000000000   0.800000000000000
   0.400000000000000   0.200000000000000   0.800000000000000
   0.400000000000000   0.300000000000000   0.900000000000000
   0.500000000000000   0.200000000000000   0.900000000000000
   0.500000000000000   0.300000000000000   0.800000000000000
   0.600000000000000   0.200000000000000   0.800000000000000
   0.600000000000000   0.300000000000000   0.900000000000000
   0.700000000000000   0.200000000000000   0.900000000000000
   0.700000000000000   0.300000000000000   0.800000000000000
   0.800000000000000   0.200000000000000   0.800000000000000
   0.800000000000000   0.300000000000000   0.900000000000000
   0.900000000000000   0.200000000000000   0.900000000000000
   0.900000000000000   0.300000000000000   0.800000000000000
   0.000000000000000   0.400000000000000   0.800000000000000
   0.000000000000000   0.500000000000000   0.900000000000000
   0.100000000000000   0.400000000000000   0.900000000000000
   0.100000000000000   0.500000000000000   0.800000000000000
   0.200000000000000   0.400000000000000   0.800000000000000
   0.200000000000000   0.500000000000000   0.900000000000000
   0.300000000000000   0.400000000000000   0.900000000000000
   0.300000000000000   0.500000000000000   0.800000000000000
   0.400000000000000   0.400000000000000   0.800000000000000
   0.400000000000000   0.500000000000000   0.900000000000000
   0.500000000000000   0.400000000000000   0.900000000000000
   0.500000000000000   0.500000000000000   0.800000000000000
   0.600000000000000   0.400000000000000   0.800000000000000
   0.600000000000000   0.500000000000000   0.900000000000000
   0.700000000000000   0.400000000000000   0.900000000000000
   0.700000000000000   0.500000000000000   0.800000000000000
   0.800000000000000   0.400000000000000   0.800000000000000
   0.800000000000000   0.500000000000000   0.900000000000000
   0.900000000000000   0.400000000000000   0.900000000000000
   0.900000000000000   0.500000000000000   0.800000000000000
   0.000000000000000   0.600000000000000   0.800000000000000
   0.000000000000000   0.700000000000000   0.900000000000000
   0.100000000000000   0.600000000000000   0.900000000000000
   0.100000000000000   0.700000000000000   0.800000000000000
   0.200000000000000   0.600000000000000   0.800000000000000
   0.200000000000000   0.700000000000000   0.900000000000000
   0.300000000000000   0.600000000000000   0.900000000000000
   0.300000000000000   0.700000000000000   0.800000000000000
   0.400000000000000   0.600000000000000   0.800000000000000
   0.400000000000000   0.700000000000000   0.900000000000000
   0.500000000000000   0.600000000000000   0.900000000000000
   0.500000000000000   0.700000000000000   0.800000000000000
   0.600000000000000   0.600000000000000   0.800000000000000
   0.600000000000000   0.700000000000000   0.900000000000000
   0.700000000000000   0.600000000000000   0.900000000000000
   0.700000000000000   0.700000000000000   0.800000000000000
   0.800000000000000   0.600000000000000   0.800000000000000
   0.800000000000000   0.700000000000000   0.900000000000000
   0.900000000000000   0.600000000000000   0.900000000000000
   0.900000000000000   0.700000000000000   0.800000000000000
   0.000000000000000   0.800000000000000   0.800000000000000
   0.000000000000000   0.900000000000000   0.900000000000000
   0.100000000000000   0.800000000000000   0.900000000000000
   0.100000000000000   0.900000000000000   0.800000000000000
   0.200000000000000   0.800000000000000   0.800000000000000
   0.200000000000000   0.900000000000000   0.900000000000000
   0.300000000000000   0.800000000000000   0.900000000000000
   0.300000000000000   0.900000000000000   0.800000000000000
   0.400000000000000   0.800000000000000   0.800000000000000
   0.400000000000000   0.900000000000000   0.900000000000000
   0.500000000000000   0.800000000000000   0.900000000000000
   0.500000000000000   0.900000000000000   0.800000000000000
   0.600000000000000   0.800000000000000   0.800000000000000
   0.600000000000000   0.900000000000000   0.900000000000000
   0.700000000000000   0.800000000000000   0.900000000000000
   0.700000000000000   0.900000000000000   0.800000000000000
   0.800000000000000   0.800000000000000   0.800000000000000
   0.800000000000000   0.900000000000000   0.900000000000000
   0.900000000000000   0.800000000000000   0.900000000000000
   0.900000000000000   0.900000000000000   0.800000000000000
