 C
 Brenner 
 128
 1.024875e+01
 4.878643737041103e+00 0.000000000000000e+00 0.000000000000000e+00
 0.000000000000000e+00 4.878643737041103e+00 0.000000000000000e+00
 0.000000000000000e+00 0.000000000000000e+00 4.156604463959019e-01
 fra
 7.499874592860810e-01 5.163850437419931e-01 0.000000000000000e+00 C
 7.419874568933165e-01 5.648403436530253e-01 0.000000000000000e+00 C
 7.246880122402709e-01 6.108038655203553e-01 0.000000000000000e+00 C
 6.987539332833207e-01 6.525092569752616e-01 0.000000000000000e+00 C
 6.651818521327824e-01 6.883538032127854e-01 0.000000000000000e+00 C
 6.252619250398310e-01 7.169600184228717e-01 0.000000000000000e+00 C
 5.805282524152962e-01 7.372285817975470e-01 0.000000000000000e+00 C
 5.326999242112055e-01 7.483805838130639e-01 0.000000000000000e+00 C
 4.836149562580069e-01 7.499874592860810e-01 0.000000000000000e+00 C
 4.351596563469749e-01 7.419874568933165e-01 0.000000000000000e+00 C
 3.891961344796447e-01 7.246880122402708e-01 0.000000000000000e+00 C
 3.474907430247384e-01 6.987539332833207e-01 0.000000000000000e+00 C
 3.116461967872146e-01 6.651818521327824e-01 0.000000000000000e+00 C
 2.830399815771283e-01 6.252619250398310e-01 0.000000000000000e+00 C
 2.627714182024530e-01 5.805282524152962e-01 0.000000000000000e+00 C
 2.516194161869361e-01 5.326999242112054e-01 0.000000000000000e+00 C
 2.500125407139189e-01 4.836149562580069e-01 0.000000000000000e+00 C
 2.580125431066836e-01 4.351596563469747e-01 0.000000000000000e+00 C
 2.753119877597291e-01 3.891961344796450e-01 0.000000000000000e+00 C
 3.012460667166793e-01 3.474907430247384e-01 0.000000000000000e+00 C
 3.348181478672176e-01 3.116461967872146e-01 0.000000000000000e+00 C
 3.747380749601688e-01 2.830399815771284e-01 0.000000000000000e+00 C
 4.194717475847041e-01 2.627714182024529e-01 0.000000000000000e+00 C
 4.673000757887946e-01 2.516194161869361e-01 0.000000000000000e+00 C
 5.163850437419932e-01 2.500125407139189e-01 0.000000000000000e+00 C
 5.648403436530252e-01 2.580125431066835e-01 0.000000000000000e+00 C
 6.108038655203554e-01 2.753119877597292e-01 0.000000000000000e+00 C
 6.525092569752616e-01 3.012460667166794e-01 0.000000000000000e+00 C
 6.883538032127854e-01 3.348181478672177e-01 0.000000000000000e+00 C
 7.169600184228716e-01 3.747380749601688e-01 0.000000000000000e+00 C
 7.372285817975470e-01 4.194717475847041e-01 0.000000000000000e+00 C
 7.483805838130639e-01 4.673000757887946e-01 0.000000000000000e+00 C
 7.499874592860810e-01 5.163850437419931e-01 3.333333333333334e-01 C
 7.419874568933165e-01 5.648403436530253e-01 3.333333333333334e-01 C
 7.246880122402709e-01 6.108038655203553e-01 3.333333333333334e-01 C
 6.987539332833207e-01 6.525092569752616e-01 3.333333333333334e-01 C
 6.651818521327824e-01 6.883538032127854e-01 3.333333333333334e-01 C
 6.252619250398310e-01 7.169600184228717e-01 3.333333333333334e-01 C
 5.805282524152962e-01 7.372285817975470e-01 3.333333333333334e-01 C
 5.326999242112055e-01 7.483805838130639e-01 3.333333333333334e-01 C
 4.836149562580069e-01 7.499874592860810e-01 3.333333333333334e-01 C
 4.351596563469749e-01 7.419874568933165e-01 3.333333333333334e-01 C
 3.891961344796447e-01 7.246880122402708e-01 3.333333333333334e-01 C
 3.474907430247384e-01 6.987539332833207e-01 3.333333333333334e-01 C
 3.116461967872146e-01 6.651818521327824e-01 3.333333333333334e-01 C
 2.830399815771283e-01 6.252619250398310e-01 3.333333333333334e-01 C
 2.627714182024530e-01 5.805282524152962e-01 3.333333333333334e-01 C
 2.516194161869361e-01 5.326999242112054e-01 3.333333333333334e-01 C
 2.500125407139189e-01 4.836149562580069e-01 3.333333333333334e-01 C
 2.580125431066836e-01 4.351596563469747e-01 3.333333333333334e-01 C
 2.753119877597291e-01 3.891961344796450e-01 3.333333333333334e-01 C
 3.012460667166793e-01 3.474907430247384e-01 3.333333333333334e-01 C
 3.348181478672176e-01 3.116461967872146e-01 3.333333333333334e-01 C
 3.747380749601688e-01 2.830399815771284e-01 3.333333333333334e-01 C
 4.194717475847041e-01 2.627714182024529e-01 3.333333333333334e-01 C
 4.673000757887946e-01 2.516194161869361e-01 3.333333333333334e-01 C
 5.163850437419932e-01 2.500125407139189e-01 3.333333333333334e-01 C
 5.648403436530252e-01 2.580125431066835e-01 3.333333333333334e-01 C
 6.108038655203554e-01 2.753119877597292e-01 3.333333333333334e-01 C
 6.525092569752616e-01 3.012460667166794e-01 3.333333333333334e-01 C
 6.883538032127854e-01 3.348181478672177e-01 3.333333333333334e-01 C
 7.169600184228716e-01 3.747380749601688e-01 3.333333333333334e-01 C
 7.372285817975470e-01 4.194717475847041e-01 3.333333333333334e-01 C
 7.483805838130639e-01 4.673000757887946e-01 3.333333333333334e-01 C
 7.471776862093306e-01 5.408092011553616e-01 8.333333333333333e-01 C
 7.344667560836197e-01 5.882470381959730e-01 8.333333333333333e-01 C
 7.127454000120869e-01 6.322935910482222e-01 8.333333333333333e-01 C
 6.828483575270843e-01 6.712561753875890e-01 8.333333333333333e-01 C
 6.459245552048563e-01 7.036374809483802e-01 8.333333333333333e-01 C
 6.033929540615389e-01 7.281931123175404e-01 8.333333333333333e-01 C
 5.568880196770734e-01 7.439794103525091e-01 8.333333333333333e-01 C
 5.081969105995868e-01 7.503897164728605e-01 8.333333333333333e-01 C
 4.591907988446385e-01 7.471776862093306e-01 8.333333333333333e-01 C
 4.117529618040272e-01 7.344667560836197e-01 8.333333333333333e-01 C
 3.677064089517778e-01 7.127454000120869e-01 8.333333333333333e-01 C
 3.287438246124110e-01 6.828483575270843e-01 8.333333333333333e-01 C
 2.963625190516198e-01 6.459245552048563e-01 8.333333333333333e-01 C
 2.718068876824597e-01 6.033929540615390e-01 8.333333333333333e-01 C
 2.560205896474910e-01 5.568880196770734e-01 8.333333333333333e-01 C
 2.496102835271395e-01 5.081969105995869e-01 8.333333333333333e-01 C
 2.528223137906693e-01 4.591907988446386e-01 8.333333333333333e-01 C
 2.655332439163803e-01 4.117529618040273e-01 8.333333333333333e-01 C
 2.872545999879131e-01 3.677064089517780e-01 8.333333333333333e-01 C
 3.171516424729157e-01 3.287438246124110e-01 8.333333333333333e-01 C
 3.540754447951438e-01 2.963625190516198e-01 8.333333333333333e-01 C
 3.966070459384610e-01 2.718068876824598e-01 8.333333333333333e-01 C
 4.431119803229268e-01 2.560205896474909e-01 8.333333333333333e-01 C
 4.918030894004132e-01 2.496102835271395e-01 8.333333333333333e-01 C
 5.408092011553616e-01 2.528223137906694e-01 8.333333333333333e-01 C
 5.882470381959727e-01 2.655332439163803e-01 8.333333333333333e-01 C
 6.322935910482222e-01 2.872545999879133e-01 8.333333333333333e-01 C
 6.712561753875889e-01 3.171516424729157e-01 8.333333333333333e-01 C
 7.036374809483802e-01 3.540754447951438e-01 8.333333333333333e-01 C
 7.281931123175404e-01 3.966070459384611e-01 8.333333333333333e-01 C
 7.439794103525091e-01 4.431119803229268e-01 8.333333333333333e-01 C
 7.503897164728605e-01 4.918030894004132e-01 8.333333333333333e-01 C
 7.471776862093306e-01 5.408092011553616e-01 5.000000000000000e-01 C
 7.344667560836197e-01 5.882470381959730e-01 5.000000000000000e-01 C
 7.127454000120869e-01 6.322935910482222e-01 5.000000000000000e-01 C
 6.828483575270843e-01 6.712561753875890e-01 5.000000000000000e-01 C
 6.459245552048563e-01 7.036374809483802e-01 5.000000000000000e-01 C
 6.033929540615389e-01 7.281931123175404e-01 5.000000000000000e-01 C
 5.568880196770734e-01 7.439794103525091e-01 5.000000000000000e-01 C
 5.081969105995868e-01 7.503897164728605e-01 5.000000000000000e-01 C
 4.591907988446385e-01 7.471776862093306e-01 5.000000000000000e-01 C
 4.117529618040272e-01 7.344667560836197e-01 5.000000000000000e-01 C
 3.677064089517778e-01 7.127454000120869e-01 5.000000000000000e-01 C
 3.287438246124110e-01 6.828483575270843e-01 5.000000000000000e-01 C
 2.963625190516198e-01 6.459245552048563e-01 5.000000000000000e-01 C
 2.718068876824597e-01 6.033929540615390e-01 5.000000000000000e-01 C
 2.560205896474910e-01 5.568880196770734e-01 5.000000000000000e-01 C
 2.496102835271395e-01 5.081969105995869e-01 5.000000000000000e-01 C
 2.528223137906693e-01 4.591907988446386e-01 5.000000000000000e-01 C
 2.655332439163803e-01 4.117529618040273e-01 5.000000000000000e-01 C
 2.872545999879131e-01 3.677064089517780e-01 5.000000000000000e-01 C
 3.171516424729157e-01 3.287438246124110e-01 5.000000000000000e-01 C
 3.540754447951438e-01 2.963625190516198e-01 5.000000000000000e-01 C
 3.966070459384610e-01 2.718068876824598e-01 5.000000000000000e-01 C
 4.431119803229268e-01 2.560205896474909e-01 5.000000000000000e-01 C
 4.918030894004132e-01 2.496102835271395e-01 5.000000000000000e-01 C
 5.408092011553616e-01 2.528223137906694e-01 5.000000000000000e-01 C
 5.882470381959727e-01 2.655332439163803e-01 5.000000000000000e-01 C
 6.322935910482222e-01 2.872545999879133e-01 5.000000000000000e-01 C
 6.712561753875889e-01 3.171516424729157e-01 5.000000000000000e-01 C
 7.036374809483802e-01 3.540754447951438e-01 5.000000000000000e-01 C
 7.281931123175404e-01 3.966070459384611e-01 5.000000000000000e-01 C
 7.439794103525091e-01 4.431119803229268e-01 5.000000000000000e-01 C
 7.503897164728605e-01 4.918030894004132e-01 5.000000000000000e-01 C
