# cell 11 22 33 Econst xx (GPa), yy,zz
1.17771828e+01 1.17971868e+01 1.35499952e+01  1.15220587e+02 1.13522983e+02 1.19234096e+02
1.17747044e+01 1.17960932e+01 1.35549996e+01  1.15492937e+02 1.13675788e+02 1.18537171e+02
1.17722843e+01 1.17947633e+01 1.35600003e+01  1.15760925e+02 1.13862956e+02 1.17881126e+02
1.17717607e+01 1.17951241e+01 1.35601797e+01  1.15810837e+02 1.13838959e+02 1.17837425e+02
1.17713723e+01 1.17954595e+01 1.35601902e+01  1.15847562e+02 1.13815198e+02 1.17826743e+02
1.17710501e+01 1.17957315e+01 1.35601997e+01  1.15877892e+02 1.13796126e+02 1.17821731e+02
1.17694907e+01 1.17969814e+01 1.35602016e+01  1.16012633e+02 1.13705626e+02 1.17841890e+02
1.17695098e+01 1.17969666e+01 1.35602036e+01  1.16011182e+02 1.13707077e+02 1.17838260e+02
1.17695176e+01 1.17969612e+01 1.35602064e+01  1.16010928e+02 1.13707417e+02 1.17835368e+02
1.17695228e+01 1.17969597e+01 1.35602083e+01  1.16010696e+02 1.13707371e+02 1.17832932e+02
1.17695259e+01 1.17969608e+01 1.35602102e+01  1.16010493e+02 1.13707039e+02 1.17830599e+02
1.17695274e+01 1.17969642e+01 1.35602121e+01  1.16010299e+02 1.13706470e+02 1.17828255e+02
1.17695277e+01 1.17969692e+01 1.35602140e+01  1.16010102e+02 1.13705709e+02 1.17825856e+02
1.17695271e+01 1.17969756e+01 1.35602160e+01  1.16009895e+02 1.13704794e+02 1.17823389e+02
1.17695259e+01 1.17969831e+01 1.35602179e+01  1.16009677e+02 1.13703757e+02 1.17820858e+02
1.17695241e+01 1.17969913e+01 1.35602198e+01  1.16009447e+02 1.13702622e+02 1.17818270e+02
1.17695219e+01 1.17970002e+01 1.35602217e+01  1.16009204e+02 1.13701410e+02 1.17815635e+02
1.17695195e+01 1.17970095e+01 1.35602236e+01  1.16008951e+02 1.13700139e+02 1.17812961e+02
1.17695164e+01 1.17970189e+01 1.35602264e+01  1.16008729e+02 1.13698864e+02 1.17810140e+02
1.17695136e+01 1.17970289e+01 1.35602283e+01  1.16008457e+02 1.13697508e+02 1.17807411e+02
