 C
 AIREBO 
 32
 1.000000e+00
 8.520000457763672e+00 0.000000000000000e+00 0.000000000000000e+00
 0.000000000000000e+00 4.920000076293945e+00 0.000000000000000e+00
 0.000000000000000e+00 0.000000000000000e+00 4.500000000000000e+00
 fra
 -4.018301200162677e-02 -5.678620423710871e-02 -7.238334489822067e-04 C
 1.265473941809333e-01 -5.676990657826884e-02 -2.921620683772175e-03 C
 2.098354844119938e-01 1.932846453966022e-01 -3.414898468085176e-03 C
 3.764988246817825e-01 1.931958305805699e-01 -3.348308491507829e-03 C
 4.598050040831748e-01 -5.676956046700592e-02 -2.843278826712337e-03 C
 6.265301513654066e-01 -5.679477509752745e-02 -6.216524806441287e-04 C
 7.098524489217345e-01 1.932364302887657e-01 -5.248172535430405e-04 C
 8.764907303610304e-01 1.931048769490027e-01 -4.436765079793313e-04 C
 -4.019325721193030e-02 4.432708406590959e-01 -5.976853299373661e-04 C
 1.264507185850974e-01 4.432364178389652e-01 -2.791228614765029e-03 C
 2.097699974186744e-01 6.932737650496189e-01 -3.169718542107972e-03 C
 3.764863979209772e-01 6.932482327859142e-01 -3.066890658155788e-03 C
 4.598004966601265e-01 4.432738409033504e-01 -2.683084839899798e-03 C
 6.264506816508367e-01 4.432090041916349e-01 -6.666509425583955e-04 C
 7.097552790365969e-01 6.932366215448506e-01 -1.738480622701502e-04 C
 8.764999715267879e-01 6.931716273206419e-01 -2.192620454928078e-04 C
 3.967738664511343e-02 5.738039795761281e-02 5.024239290466816e-01 C
 2.064094884162024e-01 5.735861218587048e-02 5.011340965643324e-01 C
 2.896609705824100e-01 3.073630778531212e-01 5.011734163430475e-01 C
 4.563274084704308e-01 3.073164997394199e-01 5.012589546743077e-01 C
 5.395749673319256e-01 5.740243181374440e-02 5.020024280277291e-01 C
 7.063654462256452e-01 5.734928896275299e-02 5.029777901008848e-01 C
 7.897074131246666e-01 3.073388165706319e-01 5.034389177572359e-01 C
 9.564342901694339e-01 3.073301069781373e-01 5.033115237630302e-01 C
 3.979531884108393e-02 5.573836430129167e-01 5.023488082176797e-01 C
 2.064110877989094e-01 5.573888790513724e-01 5.011735684822165e-01 C
 2.896693668828518e-01 8.074831172688405e-01 5.009021798037279e-01 C
 4.563425002697432e-01 8.074007154643269e-01 5.010977973285925e-01 C
 5.396957621816330e-01 5.574078401657853e-01 5.019676505592359e-01 C
 7.063349490127647e-01 5.573449013343933e-01 5.030571398827755e-01 C
 7.897127799096361e-01 8.074778658377632e-01 5.033563495984765e-01 C
 9.564205781276616e-01 8.073725987355096e-01 5.032437932603930e-01 C
