 Al
 EAM Mishin     
        25 
   1.1     
   100.000000000000000   0.000000000000000   0.000000000000000
   0.000000000000000   100.000000000000000   0.000000000000000
   0.000000000000000   0.000000000000000   100.000000000000000
 fra
 0.00 0.0 0.0
 0.03 0.0 0.0
 0.06 0.0 0.0
 0.09 0.0 0.0
 0.12 0.0 0.0
 0.15 0.0 0.0
 0.18 0.0 0.0
 0.21 0.0 0.0
 0.24 0.0 0.0
 0.27 0.0 0.0
 0.30 0.0 0.0
-0.03 0.0 0.0
-0.06 0.0 0.0
-0.09 0.0 0.0
-0.12 0.0 0.0
-0.15 0.0 0.0
-0.18 0.0 0.0
-0.21 0.0 0.0
-0.24 0.0 0.0
-0.27 0.0 0.0
-0.30 0.0 0.0
-0.30 -0.15 0.0
 0.30 -0.15 0.0
-0.29 -0.15 0.05
 0.29 -0.15 0.05
