  Si  C
 1 1 1
r_cut 6.000000
pair eopp_exp_sc
         54.76981119         99.81518028         99.99829363
          0.94316881          2.69685398          2.94157738
         -0.10997668        -40.07065812        -37.03115840
         -4.10218869          4.24090003          5.08378463
         -0.02286412          3.30734144         -3.79921477
          1.22684130         -6.28320105         -0.45536297
          4.40674137          4.85199441          0.22317612
den mishin_sc
          0.06411005          6.23671992
          2.10178246        200.00000055
         -0.09686070         -0.99982712
          0.49915780          0.49999972
          1.09863460          3.81305936
          0.27946012          2.14420560
          0.60486290          6.67655306
embed poly_5
         -3.34196080         -5.48235867
          4.60373179         -9.14332065
         -2.78371767         -8.41185619
          1.64141362         10.42611439
         -0.00000883         14.24614846
dipole eopp_exp_sc
          0.00000269         -0.25331336         -2.55795141
         -2.47933363         -0.11346076          0.11776579
          0.00287360         -3.08943946        -12.67204824
         -2.63723693          2.88081993          1.53804418
          2.29766983          2.12702745         -0.47495757
          1.45913222         -6.14233548         -1.03462167
          3.13534114          4.15709639          2.25480682
quad eopp_exp_sc
        -99.99875905        -60.02366568         40.05563287
          2.77745553          1.24113787          0.73962731
         24.10489611        -75.13785583        100.00000119
          3.79571741          1.69844358          2.78862020
          0.03361896          0.06383388         -0.49391266
         -4.91567802         -1.89314796         -1.26416322
          0.19999788          4.89650816          2.62562736
