 720
 1 61 121 1
 1 121 180 1
 1 180 61 1
 2 62 121 -1
 2 121 122 -1
 2 122 62 -1
 3 63 122 -1
 3 122 123 -1
 3 123 63 -1
 4 64 123 -1
 4 123 124 -1
 4 124 64 -1
 5 65 124 -1
 5 124 125 -1
 5 125 65 -1
 6 66 125 -1
 6 125 126 -1
 6 126 66 -1
 7 67 126 -1
 7 126 127 -1
 7 127 67 -1
 8 68 127 -1
 8 127 128 -1
 8 128 68 -1
 9 69 128 -1
 9 128 129 -1
 9 129 69 -1
 10 70 129 -1
 10 129 130 -1
 10 130 70 -1
 11 71 130 -1
 11 130 131 -1
 11 131 71 -1
 12 72 131 -1
 12 131 132 -1
 12 132 72 -1
 13 73 132 -1
 13 132 133 -1
 13 133 73 -1
 14 74 133 -1
 14 133 134 -1
 14 134 74 -1
 15 75 134 -1
 15 134 135 -1
 15 135 75 -1
 16 76 135 -1
 16 135 136 -1
 16 136 76 -1
 17 77 136 -1
 17 136 137 -1
 17 137 77 -1
 18 78 137 -1
 18 137 138 -1
 18 138 78 -1
 19 79 138 -1
 19 138 139 -1
 19 139 79 -1
 20 80 139 -1
 20 139 140 -1
 20 140 80 -1
 21 81 140 -1
 21 140 141 -1
 21 141 81 -1
 22 82 141 -1
 22 141 142 -1
 22 142 82 -1
 23 83 142 -1
 23 142 143 -1
 23 143 83 -1
 24 84 143 -1
 24 143 144 -1
 24 144 84 -1
 25 85 144 -1
 25 144 145 -1
 25 145 85 -1
 26 86 145 -1
 26 145 146 -1
 26 146 86 -1
 27 87 146 -1
 27 146 147 -1
 27 147 87 -1
 28 88 147 -1
 28 147 148 -1
 28 148 88 -1
 29 89 148 -1
 29 148 149 -1
 29 149 89 -1
 30 90 149 -1
 30 149 150 -1
 30 150 90 -1
 31 91 150 -1
 31 150 151 -1
 31 151 91 -1
 32 92 151 -1
 32 151 152 -1
 32 152 92 -1
 33 93 152 -1
 33 152 153 -1
 33 153 93 -1
 34 94 153 -1
 34 153 154 -1
 34 154 94 -1
 35 95 154 -1
 35 154 155 -1
 35 155 95 -1
 36 96 155 -1
 36 155 156 -1
 36 156 96 -1
 37 97 156 -1
 37 156 157 -1
 37 157 97 -1
 38 98 157 -1
 38 157 158 -1
 38 158 98 -1
 39 99 158 -1
 39 158 159 -1
 39 159 99 -1
 40 100 159 -1
 40 159 160 -1
 40 160 100 -1
 41 101 160 -1
 41 160 161 -1
 41 161 101 -1
 42 102 161 -1
 42 161 162 -1
 42 162 102 -1
 43 103 162 -1
 43 162 163 -1
 43 163 103 -1
 44 104 163 -1
 44 163 164 -1
 44 164 104 -1
 45 105 164 -1
 45 164 165 -1
 45 165 105 -1
 46 106 165 -1
 46 165 166 -1
 46 166 106 -1
 47 107 166 -1
 47 166 167 -1
 47 167 107 -1
 48 108 167 -1
 48 167 168 -1
 48 168 108 -1
 49 109 168 -1
 49 168 169 -1
 49 169 109 -1
 50 110 169 -1
 50 169 170 -1
 50 170 110 -1
 51 111 170 -1
 51 170 171 -1
 51 171 111 -1
 52 112 171 -1
 52 171 172 -1
 52 172 112 -1
 53 113 172 -1
 53 172 173 -1
 53 173 113 -1
 54 114 173 -1
 54 173 174 -1
 54 174 114 -1
 55 115 174 -1
 55 174 175 -1
 55 175 115 -1
 56 116 175 -1
 56 175 176 -1
 56 176 116 -1
 57 117 176 -1
 57 176 177 -1
 57 177 117 -1
 58 118 177 -1
 58 177 178 -1
 58 178 118 -1
 59 119 178 -1
 59 178 179 -1
 59 179 119 -1
 60 120 179 -1
 60 179 180 -1
 60 180 120 -1
 61 1 181 -1
 61 181 240 -1
 61 240 1 -1
 62 2 181 1
 62 181 182 1
 62 182 2 1
 63 3 182 1
 63 182 183 1
 63 183 3 1
 64 4 183 1
 64 183 184 1
 64 184 4 1
 65 5 184 1
 65 184 185 1
 65 185 5 1
 66 6 185 1
 66 185 186 1
 66 186 6 1
 67 7 186 1
 67 186 187 1
 67 187 7 1
 68 8 187 1
 68 187 188 1
 68 188 8 1
 69 9 188 1
 69 188 189 1
 69 189 9 1
 70 10 189 1
 70 189 190 1
 70 190 10 1
 71 11 190 1
 71 190 191 1
 71 191 11 1
 72 12 191 1
 72 191 192 1
 72 192 12 1
 73 13 192 1
 73 192 193 1
 73 193 13 1
 74 14 193 1
 74 193 194 1
 74 194 14 1
 75 15 194 1
 75 194 195 1
 75 195 15 1
 76 16 195 1
 76 195 196 1
 76 196 16 1
 77 17 196 1
 77 196 197 1
 77 197 17 1
 78 18 197 1
 78 197 198 1
 78 198 18 1
 79 19 198 1
 79 198 199 1
 79 199 19 1
 80 20 199 1
 80 199 200 1
 80 200 20 1
 81 21 200 1
 81 200 201 1
 81 201 21 1
 82 22 201 1
 82 201 202 1
 82 202 22 1
 83 23 202 1
 83 202 203 1
 83 203 23 1
 84 24 203 1
 84 203 204 1
 84 204 24 1
 85 25 204 1
 85 204 205 1
 85 205 25 1
 86 26 205 1
 86 205 206 1
 86 206 26 1
 87 27 206 1
 87 206 207 1
 87 207 27 1
 88 28 207 1
 88 207 208 1
 88 208 28 1
 89 29 208 1
 89 208 209 1
 89 209 29 1
 90 30 209 1
 90 209 210 1
 90 210 30 1
 91 31 210 1
 91 210 211 1
 91 211 31 1
 92 32 211 1
 92 211 212 1
 92 212 32 1
 93 33 212 1
 93 212 213 1
 93 213 33 1
 94 34 213 1
 94 213 214 1
 94 214 34 1
 95 35 214 1
 95 214 215 1
 95 215 35 1
 96 36 215 1
 96 215 216 1
 96 216 36 1
 97 37 216 1
 97 216 217 1
 97 217 37 1
 98 38 217 1
 98 217 218 1
 98 218 38 1
 99 39 218 1
 99 218 219 1
 99 219 39 1
 100 40 219 1
 100 219 220 1
 100 220 40 1
 101 41 220 1
 101 220 221 1
 101 221 41 1
 102 42 221 1
 102 221 222 1
 102 222 42 1
 103 43 222 1
 103 222 223 1
 103 223 43 1
 104 44 223 1
 104 223 224 1
 104 224 44 1
 105 45 224 1
 105 224 225 1
 105 225 45 1
 106 46 225 1
 106 225 226 1
 106 226 46 1
 107 47 226 1
 107 226 227 1
 107 227 47 1
 108 48 227 1
 108 227 228 1
 108 228 48 1
 109 49 228 1
 109 228 229 1
 109 229 49 1
 110 50 229 1
 110 229 230 1
 110 230 50 1
 111 51 230 1
 111 230 231 1
 111 231 51 1
 112 52 231 1
 112 231 232 1
 112 232 52 1
 113 53 232 1
 113 232 233 1
 113 233 53 1
 114 54 233 1
 114 233 234 1
 114 234 54 1
 115 55 234 1
 115 234 235 1
 115 235 55 1
 116 56 235 1
 116 235 236 1
 116 236 56 1
 117 57 236 1
 117 236 237 1
 117 237 57 1
 118 58 237 1
 118 237 238 1
 118 238 58 1
 119 59 238 1
 119 238 239 1
 119 239 59 1
 120 60 239 1
 120 239 240 1
 120 240 60 1
 121 1 2 1
 121 2 181 1
 121 181 1 1
 122 2 3 1
 122 3 182 1
 122 182 2 1
 123 3 4 1
 123 4 183 1
 123 183 3 1
 124 4 5 1
 124 5 184 1
 124 184 4 1
 125 5 6 1
 125 6 185 1
 125 185 5 1
 126 6 7 1
 126 7 186 1
 126 186 6 1
 127 7 8 1
 127 8 187 1
 127 187 7 1
 128 8 9 1
 128 9 188 1
 128 188 8 1
 129 9 10 1
 129 10 189 1
 129 189 9 1
 130 10 11 1
 130 11 190 1
 130 190 10 1
 131 11 12 1
 131 12 191 1
 131 191 11 1
 132 12 13 1
 132 13 192 1
 132 192 12 1
 133 13 14 1
 133 14 193 1
 133 193 13 1
 134 14 15 1
 134 15 194 1
 134 194 14 1
 135 15 16 1
 135 16 195 1
 135 195 15 1
 136 16 17 1
 136 17 196 1
 136 196 16 1
 137 17 18 1
 137 18 197 1
 137 197 17 1
 138 18 19 1
 138 19 198 1
 138 198 18 1
 139 19 20 1
 139 20 199 1
 139 199 19 1
 140 20 21 1
 140 21 200 1
 140 200 20 1
 141 21 22 1
 141 22 201 1
 141 201 21 1
 142 22 23 1
 142 23 202 1
 142 202 22 1
 143 23 24 1
 143 24 203 1
 143 203 23 1
 144 24 25 1
 144 25 204 1
 144 204 24 1
 145 25 26 1
 145 26 205 1
 145 205 25 1
 146 26 27 1
 146 27 206 1
 146 206 26 1
 147 27 28 1
 147 28 207 1
 147 207 27 1
 148 28 29 1
 148 29 208 1
 148 208 28 1
 149 29 30 1
 149 30 209 1
 149 209 29 1
 150 30 31 1
 150 31 210 1
 150 210 30 1
 151 31 32 1
 151 32 211 1
 151 211 31 1
 152 32 33 1
 152 33 212 1
 152 212 32 1
 153 33 34 1
 153 34 213 1
 153 213 33 1
 154 34 35 1
 154 35 214 1
 154 214 34 1
 155 35 36 1
 155 36 215 1
 155 215 35 1
 156 36 37 1
 156 37 216 1
 156 216 36 1
 157 37 38 1
 157 38 217 1
 157 217 37 1
 158 38 39 1
 158 39 218 1
 158 218 38 1
 159 39 40 1
 159 40 219 1
 159 219 39 1
 160 40 41 1
 160 41 220 1
 160 220 40 1
 161 41 42 1
 161 42 221 1
 161 221 41 1
 162 42 43 1
 162 43 222 1
 162 222 42 1
 163 43 44 1
 163 44 223 1
 163 223 43 1
 164 44 45 1
 164 45 224 1
 164 224 44 1
 165 45 46 1
 165 46 225 1
 165 225 45 1
 166 46 47 1
 166 47 226 1
 166 226 46 1
 167 47 48 1
 167 48 227 1
 167 227 47 1
 168 48 49 1
 168 49 228 1
 168 228 48 1
 169 49 50 1
 169 50 229 1
 169 229 49 1
 170 50 51 1
 170 51 230 1
 170 230 50 1
 171 51 52 1
 171 52 231 1
 171 231 51 1
 172 52 53 1
 172 53 232 1
 172 232 52 1
 173 53 54 1
 173 54 233 1
 173 233 53 1
 174 54 55 1
 174 55 234 1
 174 234 54 1
 175 55 56 1
 175 56 235 1
 175 235 55 1
 176 56 57 1
 176 57 236 1
 176 236 56 1
 177 57 58 1
 177 58 237 1
 177 237 57 1
 178 58 59 1
 178 59 238 1
 178 238 58 1
 179 59 60 1
 179 60 239 1
 179 239 59 1
 180 1 60 -1
 180 60 240 -1
 180 240 1 -1
 181 61 62 -1
 181 62 121 -1
 181 121 61 -1
 182 62 63 -1
 182 63 122 -1
 182 122 62 -1
 183 63 64 -1
 183 64 123 -1
 183 123 63 -1
 184 64 65 -1
 184 65 124 -1
 184 124 64 -1
 185 65 66 -1
 185 66 125 -1
 185 125 65 -1
 186 66 67 -1
 186 67 126 -1
 186 126 66 -1
 187 67 68 -1
 187 68 127 -1
 187 127 67 -1
 188 68 69 -1
 188 69 128 -1
 188 128 68 -1
 189 69 70 -1
 189 70 129 -1
 189 129 69 -1
 190 70 71 -1
 190 71 130 -1
 190 130 70 -1
 191 71 72 -1
 191 72 131 -1
 191 131 71 -1
 192 72 73 -1
 192 73 132 -1
 192 132 72 -1
 193 73 74 -1
 193 74 133 -1
 193 133 73 -1
 194 74 75 -1
 194 75 134 -1
 194 134 74 -1
 195 75 76 -1
 195 76 135 -1
 195 135 75 -1
 196 76 77 -1
 196 77 136 -1
 196 136 76 -1
 197 77 78 -1
 197 78 137 -1
 197 137 77 -1
 198 78 79 -1
 198 79 138 -1
 198 138 78 -1
 199 79 80 -1
 199 80 139 -1
 199 139 79 -1
 200 80 81 -1
 200 81 140 -1
 200 140 80 -1
 201 81 82 -1
 201 82 141 -1
 201 141 81 -1
 202 82 83 -1
 202 83 142 -1
 202 142 82 -1
 203 83 84 -1
 203 84 143 -1
 203 143 83 -1
 204 84 85 -1
 204 85 144 -1
 204 144 84 -1
 205 85 86 -1
 205 86 145 -1
 205 145 85 -1
 206 86 87 -1
 206 87 146 -1
 206 146 86 -1
 207 87 88 -1
 207 88 147 -1
 207 147 87 -1
 208 88 89 -1
 208 89 148 -1
 208 148 88 -1
 209 89 90 -1
 209 90 149 -1
 209 149 89 -1
 210 90 91 -1
 210 91 150 -1
 210 150 90 -1
 211 91 92 -1
 211 92 151 -1
 211 151 91 -1
 212 92 93 -1
 212 93 152 -1
 212 152 92 -1
 213 93 94 -1
 213 94 153 -1
 213 153 93 -1
 214 94 95 -1
 214 95 154 -1
 214 154 94 -1
 215 95 96 -1
 215 96 155 -1
 215 155 95 -1
 216 96 97 -1
 216 97 156 -1
 216 156 96 -1
 217 97 98 -1
 217 98 157 -1
 217 157 97 -1
 218 98 99 -1
 218 99 158 -1
 218 158 98 -1
 219 99 100 -1
 219 100 159 -1
 219 159 99 -1
 220 100 101 -1
 220 101 160 -1
 220 160 100 -1
 221 101 102 -1
 221 102 161 -1
 221 161 101 -1
 222 102 103 -1
 222 103 162 -1
 222 162 102 -1
 223 103 104 -1
 223 104 163 -1
 223 163 103 -1
 224 104 105 -1
 224 105 164 -1
 224 164 104 -1
 225 105 106 -1
 225 106 165 -1
 225 165 105 -1
 226 106 107 -1
 226 107 166 -1
 226 166 106 -1
 227 107 108 -1
 227 108 167 -1
 227 167 107 -1
 228 108 109 -1
 228 109 168 -1
 228 168 108 -1
 229 109 110 -1
 229 110 169 -1
 229 169 109 -1
 230 110 111 -1
 230 111 170 -1
 230 170 110 -1
 231 111 112 -1
 231 112 171 -1
 231 171 111 -1
 232 112 113 -1
 232 113 172 -1
 232 172 112 -1
 233 113 114 -1
 233 114 173 -1
 233 173 113 -1
 234 114 115 -1
 234 115 174 -1
 234 174 114 -1
 235 115 116 -1
 235 116 175 -1
 235 175 115 -1
 236 116 117 -1
 236 117 176 -1
 236 176 116 -1
 237 117 118 -1
 237 118 177 -1
 237 177 117 -1
 238 118 119 -1
 238 119 178 -1
 238 178 118 -1
 239 119 120 -1
 239 120 179 -1
 239 179 119 -1
 240 61 120 1
 240 120 180 1
 240 180 61 1
