 360
 1 31 61 1
 1 61 90 1
 1 90 31 1
 2 32 61 -1
 2 61 62 -1
 2 62 32 -1
 3 33 62 -1
 3 62 63 -1
 3 63 33 -1
 4 34 63 -1
 4 63 64 -1
 4 64 34 -1
 5 35 64 -1
 5 64 65 -1
 5 65 35 -1
 6 36 65 -1
 6 65 66 -1
 6 66 36 -1
 7 37 66 -1
 7 66 67 -1
 7 67 37 -1
 8 38 67 -1
 8 67 68 -1
 8 68 38 -1
 9 39 68 -1
 9 68 69 -1
 9 69 39 -1
 10 40 69 -1
 10 69 70 -1
 10 70 40 -1
 11 41 70 -1
 11 70 71 -1
 11 71 41 -1
 12 42 71 -1
 12 71 72 -1
 12 72 42 -1
 13 43 72 -1
 13 72 73 -1
 13 73 43 -1
 14 44 73 -1
 14 73 74 -1
 14 74 44 -1
 15 45 74 -1
 15 74 75 -1
 15 75 45 -1
 16 46 75 -1
 16 75 76 -1
 16 76 46 -1
 17 47 76 -1
 17 76 77 -1
 17 77 47 -1
 18 48 77 -1
 18 77 78 -1
 18 78 48 -1
 19 49 78 -1
 19 78 79 -1
 19 79 49 -1
 20 50 79 -1
 20 79 80 -1
 20 80 50 -1
 21 51 80 -1
 21 80 81 -1
 21 81 51 -1
 22 52 81 -1
 22 81 82 -1
 22 82 52 -1
 23 53 82 -1
 23 82 83 -1
 23 83 53 -1
 24 54 83 -1
 24 83 84 -1
 24 84 54 -1
 25 55 84 -1
 25 84 85 -1
 25 85 55 -1
 26 56 85 -1
 26 85 86 -1
 26 86 56 -1
 27 57 86 -1
 27 86 87 -1
 27 87 57 -1
 28 58 87 -1
 28 87 88 -1
 28 88 58 -1
 29 59 88 -1
 29 88 89 -1
 29 89 59 -1
 30 60 89 -1
 30 89 90 -1
 30 90 60 -1
 31 1 91 -1
 31 91 120 -1
 31 120 1 -1
 32 2 91 1
 32 91 92 1
 32 92 2 1
 33 3 92 1
 33 92 93 1
 33 93 3 1
 34 4 93 1
 34 93 94 1
 34 94 4 1
 35 5 94 1
 35 94 95 1
 35 95 5 1
 36 6 95 1
 36 95 96 1
 36 96 6 1
 37 7 96 1
 37 96 97 1
 37 97 7 1
 38 8 97 1
 38 97 98 1
 38 98 8 1
 39 9 98 1
 39 98 99 1
 39 99 9 1
 40 10 99 1
 40 99 100 1
 40 100 10 1
 41 11 100 1
 41 100 101 1
 41 101 11 1
 42 12 101 1
 42 101 102 1
 42 102 12 1
 43 13 102 1
 43 102 103 1
 43 103 13 1
 44 14 103 1
 44 103 104 1
 44 104 14 1
 45 15 104 1
 45 104 105 1
 45 105 15 1
 46 16 105 1
 46 105 106 1
 46 106 16 1
 47 17 106 1
 47 106 107 1
 47 107 17 1
 48 18 107 1
 48 107 108 1
 48 108 18 1
 49 19 108 1
 49 108 109 1
 49 109 19 1
 50 20 109 1
 50 109 110 1
 50 110 20 1
 51 21 110 1
 51 110 111 1
 51 111 21 1
 52 22 111 1
 52 111 112 1
 52 112 22 1
 53 23 112 1
 53 112 113 1
 53 113 23 1
 54 24 113 1
 54 113 114 1
 54 114 24 1
 55 25 114 1
 55 114 115 1
 55 115 25 1
 56 26 115 1
 56 115 116 1
 56 116 26 1
 57 27 116 1
 57 116 117 1
 57 117 27 1
 58 28 117 1
 58 117 118 1
 58 118 28 1
 59 29 118 1
 59 118 119 1
 59 119 29 1
 60 30 119 1
 60 119 120 1
 60 120 30 1
 61 1 2 1
 61 2 91 1
 61 91 1 1
 62 2 3 1
 62 3 92 1
 62 92 2 1
 63 3 4 1
 63 4 93 1
 63 93 3 1
 64 4 5 1
 64 5 94 1
 64 94 4 1
 65 5 6 1
 65 6 95 1
 65 95 5 1
 66 6 7 1
 66 7 96 1
 66 96 6 1
 67 7 8 1
 67 8 97 1
 67 97 7 1
 68 8 9 1
 68 9 98 1
 68 98 8 1
 69 9 10 1
 69 10 99 1
 69 99 9 1
 70 10 11 1
 70 11 100 1
 70 100 10 1
 71 11 12 1
 71 12 101 1
 71 101 11 1
 72 12 13 1
 72 13 102 1
 72 102 12 1
 73 13 14 1
 73 14 103 1
 73 103 13 1
 74 14 15 1
 74 15 104 1
 74 104 14 1
 75 15 16 1
 75 16 105 1
 75 105 15 1
 76 16 17 1
 76 17 106 1
 76 106 16 1
 77 17 18 1
 77 18 107 1
 77 107 17 1
 78 18 19 1
 78 19 108 1
 78 108 18 1
 79 19 20 1
 79 20 109 1
 79 109 19 1
 80 20 21 1
 80 21 110 1
 80 110 20 1
 81 21 22 1
 81 22 111 1
 81 111 21 1
 82 22 23 1
 82 23 112 1
 82 112 22 1
 83 23 24 1
 83 24 113 1
 83 113 23 1
 84 24 25 1
 84 25 114 1
 84 114 24 1
 85 25 26 1
 85 26 115 1
 85 115 25 1
 86 26 27 1
 86 27 116 1
 86 116 26 1
 87 27 28 1
 87 28 117 1
 87 117 27 1
 88 28 29 1
 88 29 118 1
 88 118 28 1
 89 29 30 1
 89 30 119 1
 89 119 29 1
 90 1 30 -1
 90 30 120 -1
 90 120 1 -1
 91 31 32 -1
 91 32 61 -1
 91 61 31 -1
 92 32 33 -1
 92 33 62 -1
 92 62 32 -1
 93 33 34 -1
 93 34 63 -1
 93 63 33 -1
 94 34 35 -1
 94 35 64 -1
 94 64 34 -1
 95 35 36 -1
 95 36 65 -1
 95 65 35 -1
 96 36 37 -1
 96 37 66 -1
 96 66 36 -1
 97 37 38 -1
 97 38 67 -1
 97 67 37 -1
 98 38 39 -1
 98 39 68 -1
 98 68 38 -1
 99 39 40 -1
 99 40 69 -1
 99 69 39 -1
 100 40 41 -1
 100 41 70 -1
 100 70 40 -1
 101 41 42 -1
 101 42 71 -1
 101 71 41 -1
 102 42 43 -1
 102 43 72 -1
 102 72 42 -1
 103 43 44 -1
 103 44 73 -1
 103 73 43 -1
 104 44 45 -1
 104 45 74 -1
 104 74 44 -1
 105 45 46 -1
 105 46 75 -1
 105 75 45 -1
 106 46 47 -1
 106 47 76 -1
 106 76 46 -1
 107 47 48 -1
 107 48 77 -1
 107 77 47 -1
 108 48 49 -1
 108 49 78 -1
 108 78 48 -1
 109 49 50 -1
 109 50 79 -1
 109 79 49 -1
 110 50 51 -1
 110 51 80 -1
 110 80 50 -1
 111 51 52 -1
 111 52 81 -1
 111 81 51 -1
 112 52 53 -1
 112 53 82 -1
 112 82 52 -1
 113 53 54 -1
 113 54 83 -1
 113 83 53 -1
 114 54 55 -1
 114 55 84 -1
 114 84 54 -1
 115 55 56 -1
 115 56 85 -1
 115 85 55 -1
 116 56 57 -1
 116 57 86 -1
 116 86 56 -1
 117 57 58 -1
 117 58 87 -1
 117 87 57 -1
 118 58 59 -1
 118 59 88 -1
 118 88 58 -1
 119 59 60 -1
 119 60 89 -1
 119 89 59 -1
 120 31 60 1
 120 60 90 1
 120 90 31 1
