 C
 AIREBO 
 160
 1.024875e+01
 4.878643737041103e+00 0.000000000000000e+00 0.000000000000000e+00
 0.000000000000000e+00 4.878643737041103e+00 0.000000000000000e+00
 0.000000000000000e+00 0.000000000000000e+00 4.156604463959019e-01
 fra
 8.124843241076014e-01 5.204813046774914e-01 0.000000000000000e+00 C
 8.054331415992806e-01 5.691124639053657e-01 0.000000000000000e+00 C
 7.908611814703052e-01 6.160418449007725e-01 0.000000000000000e+00 C
 7.691272537406132e-01 6.601138905539190e-01 0.000000000000000e+00 C
 7.407665198416803e-01 7.002434008340911e-01 0.000000000000000e+00 C
 7.064773151659780e-01 7.354422540159818e-01 0.000000000000000e+00 C
 6.671039537319677e-01 7.648437375159570e-01 0.000000000000000e+00 C
 6.236159383708499e-01 7.877238892323175e-01 0.000000000000000e+00 C
 5.770840883492634e-01 8.035193238949370e-01 0.000000000000000e+00 C
 5.286541722450959e-01 8.118411054803794e-01 0.000000000000000e+00 C
 4.795186953225087e-01 8.124843241076014e-01 0.000000000000000e+00 C
 4.308875360946344e-01 8.054331415992806e-01 0.000000000000000e+00 C
 3.839581550992276e-01 7.908611814703053e-01 0.000000000000000e+00 C
 3.398861094460810e-01 7.691272537406132e-01 0.000000000000000e+00 C
 2.997565991659092e-01 7.407665198416806e-01 0.000000000000000e+00 C
 2.645577459840182e-01 7.064773151659780e-01 0.000000000000000e+00 C
 2.351562624840433e-01 6.671039537319681e-01 0.000000000000000e+00 C
 2.122761107676824e-01 6.236159383708499e-01 0.000000000000000e+00 C
 1.964806761050631e-01 5.770840883492635e-01 0.000000000000000e+00 C
 1.881588945196206e-01 5.286541722450959e-01 0.000000000000000e+00 C
 1.875156758923986e-01 4.795186953225086e-01 0.000000000000000e+00 C
 1.945668584007193e-01 4.308875360946346e-01 0.000000000000000e+00 C
 2.091388185296948e-01 3.839581550992276e-01 0.000000000000000e+00 C
 2.308727462593867e-01 3.398861094460812e-01 0.000000000000000e+00 C
 2.592334801583196e-01 2.997565991659091e-01 0.000000000000000e+00 C
 2.935226848340218e-01 2.645577459840184e-01 0.000000000000000e+00 C
 3.328960462680323e-01 2.351562624840431e-01 0.000000000000000e+00 C
 3.763840616291502e-01 2.122761107676824e-01 0.000000000000000e+00 C
 4.229159116507365e-01 1.964806761050631e-01 0.000000000000000e+00 C
 4.713458277549043e-01 1.881588945196206e-01 0.000000000000000e+00 C
 5.204813046774914e-01 1.875156758923986e-01 0.000000000000000e+00 C
 5.691124639053657e-01 1.945668584007193e-01 0.000000000000000e+00 C
 6.160418449007724e-01 2.091388185296948e-01 0.000000000000000e+00 C
 6.601138905539189e-01 2.308727462593868e-01 0.000000000000000e+00 C
 7.002434008340912e-01 2.592334801583197e-01 0.000000000000000e+00 C
 7.354422540159818e-01 2.935226848340221e-01 0.000000000000000e+00 C
 7.648437375159568e-01 3.328960462680320e-01 0.000000000000000e+00 C
 7.877238892323176e-01 3.763840616291502e-01 0.000000000000000e+00 C
 8.035193238949370e-01 4.229159116507365e-01 0.000000000000000e+00 C
 8.118411054803794e-01 4.713458277549040e-01 0.000000000000000e+00 C
 8.124843241076014e-01 5.204813046774914e-01 3.333333333333334e-01 C
 8.054331415992806e-01 5.691124639053657e-01 3.333333333333334e-01 C
 7.908611814703052e-01 6.160418449007725e-01 3.333333333333334e-01 C
 7.691272537406132e-01 6.601138905539190e-01 3.333333333333334e-01 C
 7.407665198416803e-01 7.002434008340911e-01 3.333333333333334e-01 C
 7.064773151659780e-01 7.354422540159818e-01 3.333333333333334e-01 C
 6.671039537319677e-01 7.648437375159570e-01 3.333333333333334e-01 C
 6.236159383708499e-01 7.877238892323175e-01 3.333333333333334e-01 C
 5.770840883492634e-01 8.035193238949370e-01 3.333333333333334e-01 C
 5.286541722450959e-01 8.118411054803794e-01 3.333333333333334e-01 C
 4.795186953225087e-01 8.124843241076014e-01 3.333333333333334e-01 C
 4.308875360946344e-01 8.054331415992806e-01 3.333333333333334e-01 C
 3.839581550992276e-01 7.908611814703053e-01 3.333333333333334e-01 C
 3.398861094460810e-01 7.691272537406132e-01 3.333333333333334e-01 C
 2.997565991659092e-01 7.407665198416806e-01 3.333333333333334e-01 C
 2.645577459840182e-01 7.064773151659780e-01 3.333333333333334e-01 C
 2.351562624840433e-01 6.671039537319681e-01 3.333333333333334e-01 C
 2.122761107676824e-01 6.236159383708499e-01 3.333333333333334e-01 C
 1.964806761050631e-01 5.770840883492635e-01 3.333333333333334e-01 C
 1.881588945196206e-01 5.286541722450959e-01 3.333333333333334e-01 C
 1.875156758923986e-01 4.795186953225086e-01 3.333333333333334e-01 C
 1.945668584007193e-01 4.308875360946346e-01 3.333333333333334e-01 C
 2.091388185296948e-01 3.839581550992276e-01 3.333333333333334e-01 C
 2.308727462593867e-01 3.398861094460812e-01 3.333333333333334e-01 C
 2.592334801583196e-01 2.997565991659091e-01 3.333333333333334e-01 C
 2.935226848340218e-01 2.645577459840184e-01 3.333333333333334e-01 C
 3.328960462680323e-01 2.351562624840431e-01 3.333333333333334e-01 C
 3.763840616291502e-01 2.122761107676824e-01 3.333333333333334e-01 C
 4.229159116507365e-01 1.964806761050631e-01 3.333333333333334e-01 C
 4.713458277549043e-01 1.881588945196206e-01 3.333333333333334e-01 C
 5.204813046774914e-01 1.875156758923986e-01 3.333333333333334e-01 C
 5.691124639053657e-01 1.945668584007193e-01 3.333333333333334e-01 C
 6.160418449007724e-01 2.091388185296948e-01 3.333333333333334e-01 C
 6.601138905539189e-01 2.308727462593868e-01 3.333333333333334e-01 C
 7.002434008340912e-01 2.592334801583197e-01 3.333333333333334e-01 C
 7.354422540159818e-01 2.935226848340221e-01 3.333333333333334e-01 C
 7.648437375159568e-01 3.328960462680320e-01 3.333333333333334e-01 C
 7.877238892323176e-01 3.763840616291502e-01 3.333333333333334e-01 C
 8.035193238949370e-01 4.229159116507365e-01 3.333333333333334e-01 C
 8.118411054803794e-01 4.713458277549040e-01 3.333333333333334e-01 C
 8.099140945784262e-01 5.449354051490699e-01 8.333333333333333e-01 C
 7.990690917353496e-01 5.928634213394586e-01 8.333333333333333e-01 C
 7.808600153003387e-01 6.385048319004440e-01 8.333333333333333e-01 C
 7.557352331676834e-01 6.807357938288576e-01 8.333333333333333e-01 C
 7.243134008578611e-01 7.185164406854946e-01 8.333333333333333e-01 C
 6.873682281654221e-01 7.509164875579664e-01 8.333333333333333e-01 C
 6.458094278560527e-01 7.771381377626819e-01 8.333333333333333e-01 C
 6.006603155191201e-01 7.965357272469339e-01 8.333333333333333e-01 C
 5.530326121416729e-01 8.086316229807108e-01 8.333333333333333e-01 C
 5.040990698481487e-01 8.131279838670710e-01 8.333333333333333e-01 C
 4.550645948509303e-01 8.099140945784262e-01 8.333333333333333e-01 C
 4.071365786605416e-01 7.990690917353496e-01 8.333333333333333e-01 C
 3.614951680995561e-01 7.808600153003387e-01 8.333333333333333e-01 C
 3.192642061711424e-01 7.557352331676834e-01 8.333333333333333e-01 C
 2.814835593145055e-01 7.243134008578611e-01 8.333333333333333e-01 C
 2.490835124420337e-01 6.873682281654221e-01 8.333333333333333e-01 C
 2.228618622373181e-01 6.458094278560528e-01 8.333333333333333e-01 C
 2.034642727530662e-01 6.006603155191201e-01 8.333333333333333e-01 C
 1.913683770192893e-01 5.530326121416731e-01 8.333333333333333e-01 C
 1.868720161329289e-01 5.040990698481488e-01 8.333333333333333e-01 C
 1.900859054215738e-01 4.550645948509305e-01 8.333333333333333e-01 C
 2.009309082646504e-01 4.071365786605418e-01 8.333333333333333e-01 C
 2.191399846996613e-01 3.614951680995561e-01 8.333333333333333e-01 C
 2.442647668323165e-01 3.192642061711425e-01 8.333333333333333e-01 C
 2.756865991421387e-01 2.814835593145057e-01 8.333333333333333e-01 C
 3.126317718345779e-01 2.490835124420337e-01 8.333333333333333e-01 C
 3.541905721439473e-01 2.228618622373180e-01 8.333333333333333e-01 C
 3.993396844808799e-01 2.034642727530662e-01 8.333333333333333e-01 C
 4.469673878583271e-01 1.913683770192892e-01 8.333333333333333e-01 C
 4.959009301518513e-01 1.868720161329289e-01 8.333333333333333e-01 C
 5.449354051490698e-01 1.900859054215739e-01 8.333333333333333e-01 C
 5.928634213394585e-01 2.009309082646504e-01 8.333333333333333e-01 C
 6.385048319004443e-01 2.191399846996615e-01 8.333333333333333e-01 C
 6.807357938288576e-01 2.442647668323166e-01 8.333333333333333e-01 C
 7.185164406854947e-01 2.756865991421392e-01 8.333333333333333e-01 C
 7.509164875579663e-01 3.126317718345779e-01 8.333333333333333e-01 C
 7.771381377626820e-01 3.541905721439473e-01 8.333333333333333e-01 C
 7.965357272469339e-01 3.993396844808799e-01 8.333333333333333e-01 C
 8.086316229807108e-01 4.469673878583271e-01 8.333333333333333e-01 C
 8.131279838670710e-01 4.959009301518513e-01 8.333333333333333e-01 C
 8.099140945784262e-01 5.449354051490699e-01 5.000000000000000e-01 C
 7.990690917353496e-01 5.928634213394586e-01 5.000000000000000e-01 C
 7.808600153003387e-01 6.385048319004440e-01 5.000000000000000e-01 C
 7.557352331676834e-01 6.807357938288576e-01 5.000000000000000e-01 C
 7.243134008578611e-01 7.185164406854946e-01 5.000000000000000e-01 C
 6.873682281654221e-01 7.509164875579664e-01 5.000000000000000e-01 C
 6.458094278560527e-01 7.771381377626819e-01 5.000000000000000e-01 C
 6.006603155191201e-01 7.965357272469339e-01 5.000000000000000e-01 C
 5.530326121416729e-01 8.086316229807108e-01 5.000000000000000e-01 C
 5.040990698481487e-01 8.131279838670710e-01 5.000000000000000e-01 C
 4.550645948509303e-01 8.099140945784262e-01 5.000000000000000e-01 C
 4.071365786605416e-01 7.990690917353496e-01 5.000000000000000e-01 C
 3.614951680995561e-01 7.808600153003387e-01 5.000000000000000e-01 C
 3.192642061711424e-01 7.557352331676834e-01 5.000000000000000e-01 C
 2.814835593145055e-01 7.243134008578611e-01 5.000000000000000e-01 C
 2.490835124420337e-01 6.873682281654221e-01 5.000000000000000e-01 C
 2.228618622373181e-01 6.458094278560528e-01 5.000000000000000e-01 C
 2.034642727530662e-01 6.006603155191201e-01 5.000000000000000e-01 C
 1.913683770192893e-01 5.530326121416731e-01 5.000000000000000e-01 C
 1.868720161329289e-01 5.040990698481488e-01 5.000000000000000e-01 C
 1.900859054215738e-01 4.550645948509305e-01 5.000000000000000e-01 C
 2.009309082646504e-01 4.071365786605418e-01 5.000000000000000e-01 C
 2.191399846996613e-01 3.614951680995561e-01 5.000000000000000e-01 C
 2.442647668323165e-01 3.192642061711425e-01 5.000000000000000e-01 C
 2.756865991421387e-01 2.814835593145057e-01 5.000000000000000e-01 C
 3.126317718345779e-01 2.490835124420337e-01 5.000000000000000e-01 C
 3.541905721439473e-01 2.228618622373180e-01 5.000000000000000e-01 C
 3.993396844808799e-01 2.034642727530662e-01 5.000000000000000e-01 C
 4.469673878583271e-01 1.913683770192892e-01 5.000000000000000e-01 C
 4.959009301518513e-01 1.868720161329289e-01 5.000000000000000e-01 C
 5.449354051490698e-01 1.900859054215739e-01 5.000000000000000e-01 C
 5.928634213394585e-01 2.009309082646504e-01 5.000000000000000e-01 C
 6.385048319004443e-01 2.191399846996615e-01 5.000000000000000e-01 C
 6.807357938288576e-01 2.442647668323166e-01 5.000000000000000e-01 C
 7.185164406854947e-01 2.756865991421392e-01 5.000000000000000e-01 C
 7.509164875579663e-01 3.126317718345779e-01 5.000000000000000e-01 C
 7.771381377626820e-01 3.541905721439473e-01 5.000000000000000e-01 C
 7.965357272469339e-01 3.993396844808799e-01 5.000000000000000e-01 C
 8.086316229807108e-01 4.469673878583271e-01 5.000000000000000e-01 C
 8.131279838670710e-01 4.959009301518513e-01 5.000000000000000e-01 C
