 C
 AIREBO 
 552
 1.024875e+01
 4.878643737041103e+00 0.000000000000000e+00 0.000000000000000e+00
 0.000000000000000e+00 4.878643737041103e+00 0.000000000000000e+00
 0.000000000000000e+00 0.000000000000000e+00 4.156604463959019e-01
 fra
 7.968601079022215e-01 5.194572394436170e-01 0.000000000000000e+00 C
 7.896087666044916e-01 5.680534358890855e-01 0.000000000000000e+00 C
 7.744576531075011e-01 6.147933120055670e-01 0.000000000000000e+00 C
 7.518200502914423e-01 6.584019258143673e-01 0.000000000000000e+00 C
 7.223134529493112e-01 6.976897480099545e-01 0.000000000000000e+00 C
 6.867427241386423e-01 7.315851092185415e-01 0.000000000000000e+00 C
 6.460781406154215e-01 7.591634323449703e-01 0.000000000000000e+00 C
 6.014289262135043e-01 7.796724526256749e-01 0.000000000000000e+00 C
 5.540129951099597e-01 7.925527374504232e-01 0.000000000000000e+00 C
 5.051237303011853e-01 7.974529462255929e-01 0.000000000000000e+00 C
 4.560947034863624e-01 7.942394140296883e-01 0.000000000000000e+00 C
 4.082632987078657e-01 7.829997976439603e-01 0.000000000000000e+00 C
 3.629342320008860e-01 7.640406845039185e-01 0.000000000000000e+00 C
 3.213439621411316e-01 7.378792297933037e-01 0.000000000000000e+00 C
 2.846269632726353e-01 7.052290497987991e-01 0.000000000000000e+00 C
 2.537847794104565e-01 6.669807563179875e-01 0.000000000000000e+00 C
 2.296587049307827e-01 6.241776630911662e-01 0.000000000000000e+00 C
 2.129068362534374e-01 5.779873269222260e-01 0.000000000000000e+00 C
 2.039861206870759e-01 5.296696997726360e-01 0.000000000000000e+00 C
 2.031398920977787e-01 4.805427605563832e-01 0.000000000000000e+00 C
 2.103912333955084e-01 4.319465641109146e-01 0.000000000000000e+00 C
 2.255423468924989e-01 3.852066879944335e-01 0.000000000000000e+00 C
 2.481799497085578e-01 3.415980741856330e-01 0.000000000000000e+00 C
 2.776865470506891e-01 3.023102519900457e-01 0.000000000000000e+00 C
 3.132572758613578e-01 2.684148907814587e-01 0.000000000000000e+00 C
 3.539218593845789e-01 2.408365676550298e-01 0.000000000000000e+00 C
 3.985710737864961e-01 2.203275473743252e-01 0.000000000000000e+00 C
 4.459870048900403e-01 2.074472625495770e-01 0.000000000000000e+00 C
 4.948762696988150e-01 2.025470537744072e-01 0.000000000000000e+00 C
 5.439052965136379e-01 2.057605859703118e-01 0.000000000000000e+00 C
 5.917367012921347e-01 2.170002023560398e-01 0.000000000000000e+00 C
 6.370657679991144e-01 2.359593154960817e-01 0.000000000000000e+00 C
 6.786560378588683e-01 2.621207702066963e-01 0.000000000000000e+00 C
 7.153730367273652e-01 2.947709502012011e-01 0.000000000000000e+00 C
 7.462152205895439e-01 3.330192436820127e-01 0.000000000000000e+00 C
 7.703412950692174e-01 3.758223369088343e-01 0.000000000000000e+00 C
 7.870931637465628e-01 4.220126730777742e-01 0.000000000000000e+00 C
 7.960138793129243e-01 4.703303002273647e-01 0.000000000000000e+00 C
 7.968601079022215e-01 5.194572394436170e-01 3.333333333333335e-01 C
 7.896087666044916e-01 5.680534358890855e-01 3.333333333333335e-01 C
 7.744576531075011e-01 6.147933120055670e-01 3.333333333333335e-01 C
 7.518200502914423e-01 6.584019258143673e-01 3.333333333333335e-01 C
 7.223134529493112e-01 6.976897480099545e-01 3.333333333333335e-01 C
 6.867427241386423e-01 7.315851092185415e-01 3.333333333333335e-01 C
 6.460781406154215e-01 7.591634323449703e-01 3.333333333333335e-01 C
 6.014289262135043e-01 7.796724526256749e-01 3.333333333333335e-01 C
 5.540129951099597e-01 7.925527374504232e-01 3.333333333333335e-01 C
 5.051237303011853e-01 7.974529462255929e-01 3.333333333333335e-01 C
 4.560947034863624e-01 7.942394140296883e-01 3.333333333333335e-01 C
 4.082632987078657e-01 7.829997976439603e-01 3.333333333333335e-01 C
 3.629342320008860e-01 7.640406845039185e-01 3.333333333333335e-01 C
 3.213439621411316e-01 7.378792297933037e-01 3.333333333333335e-01 C
 2.846269632726353e-01 7.052290497987991e-01 3.333333333333335e-01 C
 2.537847794104565e-01 6.669807563179875e-01 3.333333333333335e-01 C
 2.296587049307827e-01 6.241776630911662e-01 3.333333333333335e-01 C
 2.129068362534374e-01 5.779873269222260e-01 3.333333333333335e-01 C
 2.039861206870759e-01 5.296696997726360e-01 3.333333333333335e-01 C
 2.031398920977787e-01 4.805427605563832e-01 3.333333333333335e-01 C
 2.103912333955084e-01 4.319465641109146e-01 3.333333333333335e-01 C
 2.255423468924989e-01 3.852066879944335e-01 3.333333333333335e-01 C
 2.481799497085578e-01 3.415980741856330e-01 3.333333333333335e-01 C
 2.776865470506891e-01 3.023102519900457e-01 3.333333333333335e-01 C
 3.132572758613578e-01 2.684148907814587e-01 3.333333333333335e-01 C
 3.539218593845789e-01 2.408365676550298e-01 3.333333333333335e-01 C
 3.985710737864961e-01 2.203275473743252e-01 3.333333333333335e-01 C
 4.459870048900403e-01 2.074472625495770e-01 3.333333333333335e-01 C
 4.948762696988150e-01 2.025470537744072e-01 3.333333333333335e-01 C
 5.439052965136379e-01 2.057605859703118e-01 3.333333333333335e-01 C
 5.917367012921347e-01 2.170002023560398e-01 3.333333333333335e-01 C
 6.370657679991144e-01 2.359593154960817e-01 3.333333333333335e-01 C
 6.786560378588683e-01 2.621207702066963e-01 3.333333333333335e-01 C
 7.153730367273652e-01 2.947709502012011e-01 3.333333333333335e-01 C
 7.462152205895439e-01 3.330192436820127e-01 3.333333333333335e-01 C
 7.703412950692174e-01 3.758223369088343e-01 3.333333333333335e-01 C
 7.870931637465628e-01 4.220126730777742e-01 3.333333333333335e-01 C
 7.960138793129243e-01 4.703303002273647e-01 3.333333333333335e-01 C
 7.942394140296883e-01 5.439052965136377e-01 8.333333333333334e-01 C
 7.829997976439603e-01 5.917367012921345e-01 8.333333333333334e-01 C
 7.640406845039185e-01 6.370657679991143e-01 8.333333333333334e-01 C
 7.378792297933038e-01 6.786560378588684e-01 8.333333333333334e-01 C
 7.052290497987991e-01 7.153730367273650e-01 8.333333333333334e-01 C
 6.669807563179876e-01 7.462152205895438e-01 8.333333333333334e-01 C
 6.241776630911662e-01 7.703412950692174e-01 8.333333333333334e-01 C
 5.779873269222260e-01 7.870931637465628e-01 8.333333333333334e-01 C
 5.296696997726359e-01 7.960138793129241e-01 8.333333333333334e-01 C
 4.805427605563832e-01 7.968601079022215e-01 8.333333333333334e-01 C
 4.319465641109146e-01 7.896087666044916e-01 8.333333333333334e-01 C
 3.852066879944334e-01 7.744576531075011e-01 8.333333333333334e-01 C
 3.415980741856330e-01 7.518200502914424e-01 8.333333333333334e-01 C
 3.023102519900457e-01 7.223134529493112e-01 8.333333333333334e-01 C
 2.684148907814589e-01 6.867427241386425e-01 8.333333333333334e-01 C
 2.408365676550298e-01 6.460781406154216e-01 8.333333333333334e-01 C
 2.203275473743252e-01 6.014289262135042e-01 8.333333333333334e-01 C
 2.074472625495768e-01 5.540129951099597e-01 8.333333333333334e-01 C
 2.025470537744072e-01 5.051237303011853e-01 8.333333333333334e-01 C
 2.057605859703117e-01 4.560947034863627e-01 8.333333333333334e-01 C
 2.170002023560398e-01 4.082632987078658e-01 8.333333333333334e-01 C
 2.359593154960816e-01 3.629342320008860e-01 8.333333333333334e-01 C
 2.621207702066964e-01 3.213439621411316e-01 8.333333333333334e-01 C
 2.947709502012010e-01 2.846269632726354e-01 8.333333333333334e-01 C
 3.330192436820126e-01 2.537847794104565e-01 8.333333333333334e-01 C
 3.758223369088339e-01 2.296587049307827e-01 8.333333333333334e-01 C
 4.220126730777742e-01 2.129068362534373e-01 8.333333333333334e-01 C
 4.703303002273647e-01 2.039861206870759e-01 8.333333333333334e-01 C
 5.194572394436171e-01 2.031398920977787e-01 8.333333333333334e-01 C
 5.680534358890854e-01 2.103912333955084e-01 8.333333333333334e-01 C
 6.147933120055670e-01 2.255423468924991e-01 8.333333333333334e-01 C
 6.584019258143674e-01 2.481799497085579e-01 8.333333333333334e-01 C
 6.976897480099546e-01 2.776865470506892e-01 8.333333333333334e-01 C
 7.315851092185414e-01 3.132572758613578e-01 8.333333333333334e-01 C
 7.591634323449705e-01 3.539218593845789e-01 8.333333333333334e-01 C
 7.796724526256749e-01 3.985710737864961e-01 8.333333333333334e-01 C
 7.925527374504232e-01 4.459870048900403e-01 8.333333333333334e-01 C
 7.974529462255932e-01 4.948762696988153e-01 8.333333333333334e-01 C
 7.942394140296883e-01 5.439052965136377e-01 5.000000000000000e-01 C
 7.829997976439603e-01 5.917367012921345e-01 5.000000000000000e-01 C
 7.640406845039185e-01 6.370657679991143e-01 5.000000000000000e-01 C
 7.378792297933038e-01 6.786560378588684e-01 5.000000000000000e-01 C
 7.052290497987991e-01 7.153730367273650e-01 5.000000000000000e-01 C
 6.669807563179876e-01 7.462152205895438e-01 5.000000000000000e-01 C
 6.241776630911662e-01 7.703412950692174e-01 5.000000000000000e-01 C
 5.779873269222260e-01 7.870931637465628e-01 5.000000000000000e-01 C
 5.296696997726359e-01 7.960138793129241e-01 5.000000000000000e-01 C
 4.805427605563832e-01 7.968601079022215e-01 5.000000000000000e-01 C
 4.319465641109146e-01 7.896087666044916e-01 5.000000000000000e-01 C
 3.852066879944334e-01 7.744576531075011e-01 5.000000000000000e-01 C
 3.415980741856330e-01 7.518200502914424e-01 5.000000000000000e-01 C
 3.023102519900457e-01 7.223134529493112e-01 5.000000000000000e-01 C
 2.684148907814589e-01 6.867427241386425e-01 5.000000000000000e-01 C
 2.408365676550298e-01 6.460781406154216e-01 5.000000000000000e-01 C
 2.203275473743252e-01 6.014289262135042e-01 5.000000000000000e-01 C
 2.074472625495768e-01 5.540129951099597e-01 5.000000000000000e-01 C
 2.025470537744072e-01 5.051237303011853e-01 5.000000000000000e-01 C
 2.057605859703117e-01 4.560947034863627e-01 5.000000000000000e-01 C
 2.170002023560398e-01 4.082632987078658e-01 5.000000000000000e-01 C
 2.359593154960816e-01 3.629342320008860e-01 5.000000000000000e-01 C
 2.621207702066964e-01 3.213439621411316e-01 5.000000000000000e-01 C
 2.947709502012010e-01 2.846269632726354e-01 5.000000000000000e-01 C
 3.330192436820126e-01 2.537847794104565e-01 5.000000000000000e-01 C
 3.758223369088339e-01 2.296587049307827e-01 5.000000000000000e-01 C
 4.220126730777742e-01 2.129068362534373e-01 5.000000000000000e-01 C
 4.703303002273647e-01 2.039861206870759e-01 5.000000000000000e-01 C
 5.194572394436171e-01 2.031398920977787e-01 5.000000000000000e-01 C
 5.680534358890854e-01 2.103912333955084e-01 5.000000000000000e-01 C
 6.147933120055670e-01 2.255423468924991e-01 5.000000000000000e-01 C
 6.584019258143674e-01 2.481799497085579e-01 5.000000000000000e-01 C
 6.976897480099546e-01 2.776865470506892e-01 5.000000000000000e-01 C
 7.315851092185414e-01 3.132572758613578e-01 5.000000000000000e-01 C
 7.591634323449705e-01 3.539218593845789e-01 5.000000000000000e-01 C
 7.796724526256749e-01 3.985710737864961e-01 5.000000000000000e-01 C
 7.925527374504232e-01 4.459870048900403e-01 5.000000000000000e-01 C
 7.974529462255932e-01 4.948762696988153e-01 5.000000000000000e-01 C
 7.031148106699413e-01 5.133128480403697e-01 0.000000000000000e+00 C
 6.940266903456810e-01 5.615345567135517e-01 0.000000000000000e+00 C
 6.736624440368533e-01 6.061801006195554e-01 0.000000000000000e+00 C
 6.432055677179038e-01 6.446548430265125e-01 0.000000000000000e+00 C
 6.044261043342490e-01 6.747227717557293e-01 0.000000000000000e+00 C
 5.595777753401326e-01 6.946364480819376e-01 0.000000000000000e+00 C
 5.112670025996499e-01 7.032385615203266e-01 0.000000000000000e+00 C
 4.623014326219636e-01 7.000291885052671e-01 0.000000000000000e+00 C
 4.155267663515718e-01 6.851948461307983e-01 0.000000000000000e+00 C
 3.736613773731154e-01 6.595976524550837e-01 0.000000000000000e+00 C
 3.391383299195256e-01 6.247252233325422e-01 0.000000000000000e+00 C
 3.139639780226329e-01 5.826042175876542e-01 0.000000000000000e+00 C
 2.996013635096388e-01 5.356825549706857e-01 0.000000000000000e+00 C
 2.968851893300590e-01 4.866871519596307e-01 0.000000000000000e+00 C
 3.059733096543197e-01 4.384654432864484e-01 0.000000000000000e+00 C
 3.263375559631472e-01 3.938198993804451e-01 0.000000000000000e+00 C
 3.567944322820967e-01 3.553451569734878e-01 0.000000000000000e+00 C
 3.955738956657516e-01 3.252772282442711e-01 0.000000000000000e+00 C
 4.404222246598677e-01 3.053635519180627e-01 0.000000000000000e+00 C
 4.887329974003505e-01 2.967614384796738e-01 0.000000000000000e+00 C
 5.376985673780371e-01 2.999708114947335e-01 0.000000000000000e+00 C
 5.844732336484287e-01 3.148051538692020e-01 0.000000000000000e+00 C
 6.263386226268850e-01 3.404023475449168e-01 0.000000000000000e+00 C
 6.608616700804749e-01 3.752747766674582e-01 0.000000000000000e+00 C
 6.860360219773676e-01 4.173957824123460e-01 0.000000000000000e+00 C
 7.003986364903616e-01 4.643174450293149e-01 0.000000000000000e+00 C
 7.031148106699413e-01 5.133128480403697e-01 3.333333333333335e-01 C
 6.940266903456810e-01 5.615345567135517e-01 3.333333333333335e-01 C
 6.736624440368533e-01 6.061801006195554e-01 3.333333333333335e-01 C
 6.432055677179038e-01 6.446548430265125e-01 3.333333333333335e-01 C
 6.044261043342490e-01 6.747227717557293e-01 3.333333333333335e-01 C
 5.595777753401326e-01 6.946364480819376e-01 3.333333333333335e-01 C
 5.112670025996499e-01 7.032385615203266e-01 3.333333333333335e-01 C
 4.623014326219636e-01 7.000291885052671e-01 3.333333333333335e-01 C
 4.155267663515718e-01 6.851948461307983e-01 3.333333333333335e-01 C
 3.736613773731154e-01 6.595976524550837e-01 3.333333333333335e-01 C
 3.391383299195256e-01 6.247252233325422e-01 3.333333333333335e-01 C
 3.139639780226329e-01 5.826042175876542e-01 3.333333333333335e-01 C
 2.996013635096388e-01 5.356825549706857e-01 3.333333333333335e-01 C
 2.968851893300590e-01 4.866871519596307e-01 3.333333333333335e-01 C
 3.059733096543197e-01 4.384654432864484e-01 3.333333333333335e-01 C
 3.263375559631472e-01 3.938198993804451e-01 3.333333333333335e-01 C
 3.567944322820967e-01 3.553451569734878e-01 3.333333333333335e-01 C
 3.955738956657516e-01 3.252772282442711e-01 3.333333333333335e-01 C
 4.404222246598677e-01 3.053635519180627e-01 3.333333333333335e-01 C
 4.887329974003505e-01 2.967614384796738e-01 3.333333333333335e-01 C
 5.376985673780371e-01 2.999708114947335e-01 3.333333333333335e-01 C
 5.844732336484287e-01 3.148051538692020e-01 3.333333333333335e-01 C
 6.263386226268850e-01 3.404023475449168e-01 3.333333333333335e-01 C
 6.608616700804749e-01 3.752747766674582e-01 3.333333333333335e-01 C
 6.860360219773676e-01 4.173957824123460e-01 3.333333333333335e-01 C
 7.003986364903616e-01 4.643174450293149e-01 3.333333333333335e-01 C
 7.000291885052671e-01 5.376985673780371e-01 8.333333333333336e-01 C
 6.851948461307983e-01 5.844732336484288e-01 8.333333333333336e-01 C
 6.595976524550835e-01 6.263386226268850e-01 8.333333333333336e-01 C
 6.247252233325423e-01 6.608616700804749e-01 8.333333333333336e-01 C
 5.826042175876541e-01 6.860360219773676e-01 8.333333333333336e-01 C
 5.356825549706856e-01 7.003986364903616e-01 8.333333333333336e-01 C
 4.866871519596307e-01 7.031148106699413e-01 8.333333333333336e-01 C
 4.384654432864484e-01 6.940266903456810e-01 8.333333333333336e-01 C
 3.938198993804451e-01 6.736624440368534e-01 8.333333333333336e-01 C
 3.553451569734882e-01 6.432055677179038e-01 8.333333333333336e-01 C
 3.252772282442711e-01 6.044261043342490e-01 8.333333333333336e-01 C
 3.053635519180631e-01 5.595777753401328e-01 8.333333333333336e-01 C
 2.967614384796738e-01 5.112670025996500e-01 8.333333333333336e-01 C
 2.999708114947335e-01 4.623014326219635e-01 8.333333333333336e-01 C
 3.148051538692024e-01 4.155267663515717e-01 8.333333333333336e-01 C
 3.404023475449168e-01 3.736613773731153e-01 8.333333333333336e-01 C
 3.752747766674582e-01 3.391383299195256e-01 8.333333333333336e-01 C
 4.173957824123465e-01 3.139639780226329e-01 8.333333333333336e-01 C
 4.643174450293149e-01 2.996013635096388e-01 8.333333333333336e-01 C
 5.133128480403697e-01 2.968851893300590e-01 8.333333333333336e-01 C
 5.615345567135517e-01 3.059733096543193e-01 8.333333333333336e-01 C
 6.061801006195554e-01 3.263375559631472e-01 8.333333333333336e-01 C
 6.446548430265125e-01 3.567944322820967e-01 8.333333333333336e-01 C
 6.747227717557293e-01 3.955738956657516e-01 8.333333333333336e-01 C
 6.946364480819376e-01 4.404222246598677e-01 8.333333333333336e-01 C
 7.032385615203266e-01 4.887329974003505e-01 8.333333333333336e-01 C
 7.000291885052671e-01 5.376985673780371e-01 5.000000000000000e-01 C
 6.851948461307983e-01 5.844732336484288e-01 5.000000000000000e-01 C
 6.595976524550835e-01 6.263386226268850e-01 5.000000000000000e-01 C
 6.247252233325423e-01 6.608616700804749e-01 5.000000000000000e-01 C
 5.826042175876541e-01 6.860360219773676e-01 5.000000000000000e-01 C
 5.356825549706856e-01 7.003986364903616e-01 5.000000000000000e-01 C
 4.866871519596307e-01 7.031148106699413e-01 5.000000000000000e-01 C
 4.384654432864484e-01 6.940266903456810e-01 5.000000000000000e-01 C
 3.938198993804451e-01 6.736624440368534e-01 5.000000000000000e-01 C
 3.553451569734882e-01 6.432055677179038e-01 5.000000000000000e-01 C
 3.252772282442711e-01 6.044261043342490e-01 5.000000000000000e-01 C
 3.053635519180631e-01 5.595777753401328e-01 5.000000000000000e-01 C
 2.967614384796738e-01 5.112670025996500e-01 5.000000000000000e-01 C
 2.999708114947335e-01 4.623014326219635e-01 5.000000000000000e-01 C
 3.148051538692024e-01 4.155267663515717e-01 5.000000000000000e-01 C
 3.404023475449168e-01 3.736613773731153e-01 5.000000000000000e-01 C
 3.752747766674582e-01 3.391383299195256e-01 5.000000000000000e-01 C
 4.173957824123465e-01 3.139639780226329e-01 5.000000000000000e-01 C
 4.643174450293149e-01 2.996013635096388e-01 5.000000000000000e-01 C
 5.133128480403697e-01 2.968851893300590e-01 5.000000000000000e-01 C
 5.615345567135517e-01 3.059733096543193e-01 5.000000000000000e-01 C
 6.061801006195554e-01 3.263375559631472e-01 5.000000000000000e-01 C
 6.446548430265125e-01 3.567944322820967e-01 5.000000000000000e-01 C
 6.747227717557293e-01 3.955738956657516e-01 5.000000000000000e-01 C
 6.946364480819376e-01 4.404222246598677e-01 5.000000000000000e-01 C
 7.032385615203266e-01 4.887329974003505e-01 5.000000000000000e-01 C
 5.624968648215208e-01 5.040962609354985e-01 0.000000000000000e+00 C
 5.412954630331962e-01 5.470884508031969e-01 0.000000000000000e+00 C
 4.959037390645017e-01 5.624968648215208e-01 0.000000000000000e+00 C
 4.529115491968040e-01 5.412954630331962e-01 0.000000000000000e+00 C
 4.375031351784799e-01 4.959037390645017e-01 0.000000000000000e+00 C
 4.587045369668046e-01 4.529115491968040e-01 0.000000000000000e+00 C
 5.040962609354985e-01 4.375031351784799e-01 0.000000000000000e+00 C
 5.470884508031969e-01 4.587045369668046e-01 0.000000000000000e+00 C
 5.624968648215208e-01 5.040962609354985e-01 3.333333333333335e-01 C
 5.412954630331962e-01 5.470884508031969e-01 3.333333333333335e-01 C
 4.959037390645017e-01 5.624968648215208e-01 3.333333333333335e-01 C
 4.529115491968040e-01 5.412954630331962e-01 3.333333333333335e-01 C
 4.375031351784799e-01 4.959037390645017e-01 3.333333333333335e-01 C
 4.587045369668046e-01 4.529115491968040e-01 3.333333333333335e-01 C
 5.040962609354985e-01 4.375031351784799e-01 3.333333333333335e-01 C
 5.470884508031969e-01 4.587045369668046e-01 3.333333333333335e-01 C
 5.561720030600683e-01 5.277009663800895e-01 8.333333333333338e-01 C
 5.201320631038243e-01 5.593071454493873e-01 8.333333333333338e-01 C
 4.722990336199115e-01 5.561720030600683e-01 8.333333333333338e-01 C
 4.406928545506132e-01 5.201320631038243e-01 8.333333333333338e-01 C
 4.438279969399326e-01 4.722990336199115e-01 8.333333333333338e-01 C
 4.798679368961761e-01 4.406928545506132e-01 8.333333333333338e-01 C
 5.277009663800893e-01 4.438279969399326e-01 8.333333333333338e-01 C
 5.593071454493873e-01 4.798679368961761e-01 8.333333333333338e-01 C
 5.561720030600683e-01 5.277009663800895e-01 5.000000000000000e-01 C
 5.201320631038243e-01 5.593071454493873e-01 5.000000000000000e-01 C
 4.722990336199115e-01 5.561720030600683e-01 5.000000000000000e-01 C
 4.406928545506132e-01 5.201320631038243e-01 5.000000000000000e-01 C
 4.438279969399326e-01 4.722990336199115e-01 5.000000000000000e-01 C
 4.798679368961761e-01 4.406928545506132e-01 5.000000000000000e-01 C
 5.277009663800893e-01 4.438279969399326e-01 5.000000000000000e-01 C
 5.593071454493873e-01 4.798679368961761e-01 5.000000000000000e-01 C
 6.093695134376610e-01 5.071684566371225e-01 0.000000000000000e+00 C
 5.954282499355514e-01 5.539122096967561e-01 0.000000000000000e+00 C
 5.625862511830246e-01 5.899779884360858e-01 0.000000000000000e+00 C
 5.173482778137012e-01 6.082225230580386e-01 0.000000000000000e+00 C
 4.686742652607089e-01 6.050322597262031e-01 0.000000000000000e+00 C
 4.262046986577583e-01 5.810390692194616e-01 0.000000000000000e+00 C
 3.983511965256163e-01 5.409950971748453e-01 0.000000000000000e+00 C
 3.906304865623397e-01 4.928315433628784e-01 0.000000000000000e+00 C
 4.045717500644497e-01 4.460877903032446e-01 0.000000000000000e+00 C
 4.374137488169760e-01 4.100220115639150e-01 0.000000000000000e+00 C
 4.826517221862995e-01 3.917774769419621e-01 0.000000000000000e+00 C
 5.313257347392918e-01 3.949677402737979e-01 0.000000000000000e+00 C
 5.737953013422424e-01 4.189609307805390e-01 0.000000000000000e+00 C
 6.016488034743845e-01 4.590049028251554e-01 0.000000000000000e+00 C
 6.093695134376610e-01 5.071684566371225e-01 3.333333333333335e-01 C
 5.954282499355514e-01 5.539122096967561e-01 3.333333333333335e-01 C
 5.625862511830246e-01 5.899779884360858e-01 3.333333333333335e-01 C
 5.173482778137012e-01 6.082225230580386e-01 3.333333333333335e-01 C
 4.686742652607089e-01 6.050322597262031e-01 3.333333333333335e-01 C
 4.262046986577583e-01 5.810390692194616e-01 3.333333333333335e-01 C
 3.983511965256163e-01 5.409950971748453e-01 3.333333333333335e-01 C
 3.906304865623397e-01 4.928315433628784e-01 3.333333333333335e-01 C
 4.045717500644497e-01 4.460877903032446e-01 3.333333333333335e-01 C
 4.374137488169760e-01 4.100220115639150e-01 3.333333333333335e-01 C
 4.826517221862995e-01 3.917774769419621e-01 3.333333333333335e-01 C
 5.313257347392918e-01 3.949677402737979e-01 3.333333333333335e-01 C
 5.737953013422424e-01 4.189609307805390e-01 3.333333333333335e-01 C
 6.016488034743845e-01 4.590049028251554e-01 3.333333333333335e-01 C
 6.050322597262031e-01 5.313257347392918e-01 8.333333333333338e-01 C
 5.810390692194617e-01 5.737953013422425e-01 8.333333333333338e-01 C
 5.409950971748453e-01 6.016488034743845e-01 8.333333333333338e-01 C
 4.928315433628784e-01 6.093695134376610e-01 8.333333333333338e-01 C
 4.460877903032446e-01 5.954282499355514e-01 8.333333333333338e-01 C
 4.100220115639150e-01 5.625862511830247e-01 8.333333333333338e-01 C
 3.917774769419621e-01 5.173482778137012e-01 8.333333333333338e-01 C
 3.949677402737979e-01 4.686742652607089e-01 8.333333333333338e-01 C
 4.189609307805390e-01 4.262046986577583e-01 8.333333333333338e-01 C
 4.590049028251554e-01 3.983511965256163e-01 8.333333333333338e-01 C
 5.071684566371226e-01 3.906304865623397e-01 8.333333333333338e-01 C
 5.539122096967561e-01 4.045717500644497e-01 8.333333333333338e-01 C
 5.899779884360858e-01 4.374137488169760e-01 8.333333333333338e-01 C
 6.082225230580386e-01 4.826517221862995e-01 8.333333333333338e-01 C
 6.050322597262031e-01 5.313257347392918e-01 5.000000000000000e-01 C
 5.810390692194617e-01 5.737953013422425e-01 5.000000000000000e-01 C
 5.409950971748453e-01 6.016488034743845e-01 5.000000000000000e-01 C
 4.928315433628784e-01 6.093695134376610e-01 5.000000000000000e-01 C
 4.460877903032446e-01 5.954282499355514e-01 5.000000000000000e-01 C
 4.100220115639150e-01 5.625862511830247e-01 5.000000000000000e-01 C
 3.917774769419621e-01 5.173482778137012e-01 5.000000000000000e-01 C
 3.949677402737979e-01 4.686742652607089e-01 5.000000000000000e-01 C
 4.189609307805390e-01 4.262046986577583e-01 5.000000000000000e-01 C
 4.590049028251554e-01 3.983511965256163e-01 5.000000000000000e-01 C
 5.071684566371226e-01 3.906304865623397e-01 5.000000000000000e-01 C
 5.539122096967561e-01 4.045717500644497e-01 5.000000000000000e-01 C
 5.899779884360858e-01 4.374137488169760e-01 5.000000000000000e-01 C
 6.082225230580386e-01 4.826517221862995e-01 5.000000000000000e-01 C
 6.562421620538011e-01 5.102406523387462e-01 0.000000000000000e+00 C
 6.454305907351530e-01 5.580209224503867e-01 0.000000000000000e+00 C
 6.203832599208405e-01 6.001217004170460e-01 0.000000000000000e+00 C
 5.835519768659844e-01 6.324218687579789e-01 0.000000000000000e+00 C
 5.385420441746321e-01 6.517596619474689e-01 0.000000000000000e+00 C
 4.897593476612547e-01 6.562421620538011e-01 0.000000000000000e+00 C
 4.419790775496142e-01 6.454305907351530e-01 0.000000000000000e+00 C
 3.998782995829547e-01 6.203832599208408e-01 0.000000000000000e+00 C
 3.675781312420219e-01 5.835519768659845e-01 0.000000000000000e+00 C
 3.482403380525316e-01 5.385420441746321e-01 0.000000000000000e+00 C
 3.437578379461996e-01 4.897593476612547e-01 0.000000000000000e+00 C
 3.545694092648475e-01 4.419790775496142e-01 0.000000000000000e+00 C
 3.796167400791602e-01 3.998782995829547e-01 0.000000000000000e+00 C
 4.164480231340165e-01 3.675781312420219e-01 0.000000000000000e+00 C
 4.614579558253687e-01 3.482403380525316e-01 0.000000000000000e+00 C
 5.102406523387462e-01 3.437578379461996e-01 0.000000000000000e+00 C
 5.580209224503863e-01 3.545694092648475e-01 0.000000000000000e+00 C
 6.001217004170460e-01 3.796167400791602e-01 0.000000000000000e+00 C
 6.324218687579788e-01 4.164480231340161e-01 0.000000000000000e+00 C
 6.517596619474689e-01 4.614579558253687e-01 0.000000000000000e+00 C
 6.562421620538011e-01 5.102406523387462e-01 3.333333333333335e-01 C
 6.454305907351530e-01 5.580209224503867e-01 3.333333333333335e-01 C
 6.203832599208405e-01 6.001217004170460e-01 3.333333333333335e-01 C
 5.835519768659844e-01 6.324218687579789e-01 3.333333333333335e-01 C
 5.385420441746321e-01 6.517596619474689e-01 3.333333333333335e-01 C
 4.897593476612547e-01 6.562421620538011e-01 3.333333333333335e-01 C
 4.419790775496142e-01 6.454305907351530e-01 3.333333333333335e-01 C
 3.998782995829547e-01 6.203832599208408e-01 3.333333333333335e-01 C
 3.675781312420219e-01 5.835519768659845e-01 3.333333333333335e-01 C
 3.482403380525316e-01 5.385420441746321e-01 3.333333333333335e-01 C
 3.437578379461996e-01 4.897593476612547e-01 3.333333333333335e-01 C
 3.545694092648475e-01 4.419790775496142e-01 3.333333333333335e-01 C
 3.796167400791602e-01 3.998782995829547e-01 3.333333333333335e-01 C
 4.164480231340165e-01 3.675781312420219e-01 3.333333333333335e-01 C
 4.614579558253687e-01 3.482403380525316e-01 3.333333333333335e-01 C
 5.102406523387462e-01 3.437578379461996e-01 3.333333333333335e-01 C
 5.580209224503863e-01 3.545694092648475e-01 3.333333333333335e-01 C
 6.001217004170460e-01 3.796167400791602e-01 3.333333333333335e-01 C
 6.324218687579788e-01 4.164480231340161e-01 3.333333333333335e-01 C
 6.517596619474689e-01 4.614579558253687e-01 3.333333333333335e-01 C
 6.527165707996408e-01 5.345562319526831e-01 8.333333333333337e-01 C
 6.345636268703070e-01 5.800569452769599e-01 8.333333333333337e-01 C
 6.032386575829894e-01 6.177211270079914e-01 8.333333333333337e-01 C
 5.618079691854254e-01 6.438619446161593e-01 8.333333333333337e-01 C
 5.143270861225482e-01 6.559205527401901e-01 8.333333333333337e-01 C
 4.654437680473176e-01 6.527165707996408e-01 8.333333333333337e-01 C
 4.199430547230409e-01 6.345636268703071e-01 8.333333333333337e-01 C
 3.822788729920092e-01 6.032386575829894e-01 8.333333333333337e-01 C
 3.561380553838416e-01 5.618079691854254e-01 8.333333333333337e-01 C
 3.440794472598104e-01 5.143270861225482e-01 8.333333333333337e-01 C
 3.472834292003600e-01 4.654437680473176e-01 8.333333333333337e-01 C
 3.654363731296937e-01 4.199430547230409e-01 8.333333333333337e-01 C
 3.967613424170109e-01 3.822788729920092e-01 8.333333333333337e-01 C
 4.381920308145751e-01 3.561380553838412e-01 8.333333333333337e-01 C
 4.856729138774524e-01 3.440794472598104e-01 8.333333333333337e-01 C
 5.345562319526831e-01 3.472834292003600e-01 8.333333333333337e-01 C
 5.800569452769598e-01 3.654363731296937e-01 8.333333333333337e-01 C
 6.177211270079914e-01 3.967613424170113e-01 8.333333333333337e-01 C
 6.438619446161591e-01 4.381920308145750e-01 8.333333333333337e-01 C
 6.559205527401901e-01 4.856729138774523e-01 8.333333333333337e-01 C
 6.527165707996408e-01 5.345562319526831e-01 5.000000000000000e-01 C
 6.345636268703070e-01 5.800569452769599e-01 5.000000000000000e-01 C
 6.032386575829894e-01 6.177211270079914e-01 5.000000000000000e-01 C
 5.618079691854254e-01 6.438619446161593e-01 5.000000000000000e-01 C
 5.143270861225482e-01 6.559205527401901e-01 5.000000000000000e-01 C
 4.654437680473176e-01 6.527165707996408e-01 5.000000000000000e-01 C
 4.199430547230409e-01 6.345636268703071e-01 5.000000000000000e-01 C
 3.822788729920092e-01 6.032386575829894e-01 5.000000000000000e-01 C
 3.561380553838416e-01 5.618079691854254e-01 5.000000000000000e-01 C
 3.440794472598104e-01 5.143270861225482e-01 5.000000000000000e-01 C
 3.472834292003600e-01 4.654437680473176e-01 5.000000000000000e-01 C
 3.654363731296937e-01 4.199430547230409e-01 5.000000000000000e-01 C
 3.967613424170109e-01 3.822788729920092e-01 5.000000000000000e-01 C
 4.381920308145751e-01 3.561380553838412e-01 5.000000000000000e-01 C
 4.856729138774524e-01 3.440794472598104e-01 5.000000000000000e-01 C
 5.345562319526831e-01 3.472834292003600e-01 5.000000000000000e-01 C
 5.800569452769598e-01 3.654363731296937e-01 5.000000000000000e-01 C
 6.177211270079914e-01 3.967613424170113e-01 5.000000000000000e-01 C
 6.438619446161591e-01 4.381920308145750e-01 5.000000000000000e-01 C
 6.559205527401901e-01 4.856729138774523e-01 5.000000000000000e-01 C
 7.499874592860812e-01 5.163850437419933e-01 0.000000000000000e+00 C
 7.419874568933167e-01 5.648403436530255e-01 0.000000000000000e+00 C
 7.246880122402711e-01 6.108038655203555e-01 0.000000000000000e+00 C
 6.987539332833209e-01 6.525092569752619e-01 0.000000000000000e+00 C
 6.651818521327826e-01 6.883538032127856e-01 0.000000000000000e+00 C
 6.252619250398312e-01 7.169600184228719e-01 0.000000000000000e+00 C
 5.805282524152964e-01 7.372285817975472e-01 0.000000000000000e+00 C
 5.326999242112056e-01 7.483805838130642e-01 0.000000000000000e+00 C
 4.836149562580070e-01 7.499874592860812e-01 0.000000000000000e+00 C
 4.351596563469751e-01 7.419874568933167e-01 0.000000000000000e+00 C
 3.891961344796447e-01 7.246880122402710e-01 0.000000000000000e+00 C
 3.474907430247385e-01 6.987539332833209e-01 0.000000000000000e+00 C
 3.116461967872147e-01 6.651818521327826e-01 0.000000000000000e+00 C
 2.830399815771283e-01 6.252619250398312e-01 0.000000000000000e+00 C
 2.627714182024530e-01 5.805282524152964e-01 0.000000000000000e+00 C
 2.516194161869362e-01 5.326999242112056e-01 0.000000000000000e+00 C
 2.500125407139190e-01 4.836149562580070e-01 0.000000000000000e+00 C
 2.580125431066836e-01 4.351596563469749e-01 0.000000000000000e+00 C
 2.753119877597291e-01 3.891961344796451e-01 0.000000000000000e+00 C
 3.012460667166795e-01 3.474907430247385e-01 0.000000000000000e+00 C
 3.348181478672176e-01 3.116461967872147e-01 0.000000000000000e+00 C
 3.747380749601690e-01 2.830399815771286e-01 0.000000000000000e+00 C
 4.194717475847043e-01 2.627714182024530e-01 0.000000000000000e+00 C
 4.673000757887947e-01 2.516194161869362e-01 0.000000000000000e+00 C
 5.163850437419935e-01 2.500125407139190e-01 0.000000000000000e+00 C
 5.648403436530253e-01 2.580125431066836e-01 0.000000000000000e+00 C
 6.108038655203556e-01 2.753119877597293e-01 0.000000000000000e+00 C
 6.525092569752619e-01 3.012460667166795e-01 0.000000000000000e+00 C
 6.883538032127856e-01 3.348181478672179e-01 0.000000000000000e+00 C
 7.169600184228718e-01 3.747380749601690e-01 0.000000000000000e+00 C
 7.372285817975472e-01 4.194717475847043e-01 0.000000000000000e+00 C
 7.483805838130642e-01 4.673000757887947e-01 0.000000000000000e+00 C
 7.499874592860812e-01 5.163850437419933e-01 3.333333333333335e-01 C
 7.419874568933167e-01 5.648403436530255e-01 3.333333333333335e-01 C
 7.246880122402711e-01 6.108038655203555e-01 3.333333333333335e-01 C
 6.987539332833209e-01 6.525092569752619e-01 3.333333333333335e-01 C
 6.651818521327826e-01 6.883538032127856e-01 3.333333333333335e-01 C
 6.252619250398312e-01 7.169600184228719e-01 3.333333333333335e-01 C
 5.805282524152964e-01 7.372285817975472e-01 3.333333333333335e-01 C
 5.326999242112056e-01 7.483805838130642e-01 3.333333333333335e-01 C
 4.836149562580070e-01 7.499874592860812e-01 3.333333333333335e-01 C
 4.351596563469751e-01 7.419874568933167e-01 3.333333333333335e-01 C
 3.891961344796447e-01 7.246880122402710e-01 3.333333333333335e-01 C
 3.474907430247385e-01 6.987539332833209e-01 3.333333333333335e-01 C
 3.116461967872147e-01 6.651818521327826e-01 3.333333333333335e-01 C
 2.830399815771283e-01 6.252619250398312e-01 3.333333333333335e-01 C
 2.627714182024530e-01 5.805282524152964e-01 3.333333333333335e-01 C
 2.516194161869362e-01 5.326999242112056e-01 3.333333333333335e-01 C
 2.500125407139190e-01 4.836149562580070e-01 3.333333333333335e-01 C
 2.580125431066836e-01 4.351596563469749e-01 3.333333333333335e-01 C
 2.753119877597291e-01 3.891961344796451e-01 3.333333333333335e-01 C
 3.012460667166795e-01 3.474907430247385e-01 3.333333333333335e-01 C
 3.348181478672176e-01 3.116461967872147e-01 3.333333333333335e-01 C
 3.747380749601690e-01 2.830399815771286e-01 3.333333333333335e-01 C
 4.194717475847043e-01 2.627714182024530e-01 3.333333333333335e-01 C
 4.673000757887947e-01 2.516194161869362e-01 3.333333333333335e-01 C
 5.163850437419935e-01 2.500125407139190e-01 3.333333333333335e-01 C
 5.648403436530253e-01 2.580125431066836e-01 3.333333333333335e-01 C
 6.108038655203556e-01 2.753119877597293e-01 3.333333333333335e-01 C
 6.525092569752619e-01 3.012460667166795e-01 3.333333333333335e-01 C
 6.883538032127856e-01 3.348181478672179e-01 3.333333333333335e-01 C
 7.169600184228718e-01 3.747380749601690e-01 3.333333333333335e-01 C
 7.372285817975472e-01 4.194717475847043e-01 3.333333333333335e-01 C
 7.483805838130642e-01 4.673000757887947e-01 3.333333333333335e-01 C
 7.471776862093309e-01 5.408092011553617e-01 8.333333333333335e-01 C
 7.344667560836199e-01 5.882470381959731e-01 8.333333333333335e-01 C
 7.127454000120871e-01 6.322935910482225e-01 8.333333333333335e-01 C
 6.828483575270845e-01 6.712561753875892e-01 8.333333333333335e-01 C
 6.459245552048565e-01 7.036374809483804e-01 8.333333333333335e-01 C
 6.033929540615391e-01 7.281931123175406e-01 8.333333333333335e-01 C
 5.568880196770735e-01 7.439794103525094e-01 8.333333333333335e-01 C
 5.081969105995868e-01 7.503897164728607e-01 8.333333333333335e-01 C
 4.591907988446385e-01 7.471776862093309e-01 8.333333333333335e-01 C
 4.117529618040273e-01 7.344667560836199e-01 8.333333333333335e-01 C
 3.677064089517779e-01 7.127454000120871e-01 8.333333333333335e-01 C
 3.287438246124111e-01 6.828483575270845e-01 8.333333333333335e-01 C
 2.963625190516199e-01 6.459245552048565e-01 8.333333333333335e-01 C
 2.718068876824599e-01 6.033929540615393e-01 8.333333333333335e-01 C
 2.560205896474911e-01 5.568880196770735e-01 8.333333333333335e-01 C
 2.496102835271396e-01 5.081969105995870e-01 8.333333333333335e-01 C
 2.528223137906694e-01 4.591907988446386e-01 8.333333333333335e-01 C
 2.655332439163804e-01 4.117529618040274e-01 8.333333333333335e-01 C
 2.872545999879131e-01 3.677064089517780e-01 8.333333333333335e-01 C
 3.171516424729158e-01 3.287438246124111e-01 8.333333333333335e-01 C
 3.540754447951440e-01 2.963625190516199e-01 8.333333333333335e-01 C
 3.966070459384611e-01 2.718068876824599e-01 8.333333333333335e-01 C
 4.431119803229270e-01 2.560205896474911e-01 8.333333333333335e-01 C
 4.918030894004134e-01 2.496102835271395e-01 8.333333333333335e-01 C
 5.408092011553617e-01 2.528223137906694e-01 8.333333333333335e-01 C
 5.882470381959729e-01 2.655332439163804e-01 8.333333333333335e-01 C
 6.322935910482225e-01 2.872545999879134e-01 8.333333333333335e-01 C
 6.712561753875891e-01 3.171516424729158e-01 8.333333333333335e-01 C
 7.036374809483804e-01 3.540754447951440e-01 8.333333333333335e-01 C
 7.281931123175406e-01 3.966070459384612e-01 8.333333333333335e-01 C
 7.439794103525094e-01 4.431119803229270e-01 8.333333333333335e-01 C
 7.503897164728607e-01 4.918030894004134e-01 8.333333333333335e-01 C
 7.471776862093309e-01 5.408092011553617e-01 5.000000000000000e-01 C
 7.344667560836199e-01 5.882470381959731e-01 5.000000000000000e-01 C
 7.127454000120871e-01 6.322935910482225e-01 5.000000000000000e-01 C
 6.828483575270845e-01 6.712561753875892e-01 5.000000000000000e-01 C
 6.459245552048565e-01 7.036374809483804e-01 5.000000000000000e-01 C
 6.033929540615391e-01 7.281931123175406e-01 5.000000000000000e-01 C
 5.568880196770735e-01 7.439794103525094e-01 5.000000000000000e-01 C
 5.081969105995868e-01 7.503897164728607e-01 5.000000000000000e-01 C
 4.591907988446385e-01 7.471776862093309e-01 5.000000000000000e-01 C
 4.117529618040273e-01 7.344667560836199e-01 5.000000000000000e-01 C
 3.677064089517779e-01 7.127454000120871e-01 5.000000000000000e-01 C
 3.287438246124111e-01 6.828483575270845e-01 5.000000000000000e-01 C
 2.963625190516199e-01 6.459245552048565e-01 5.000000000000000e-01 C
 2.718068876824599e-01 6.033929540615393e-01 5.000000000000000e-01 C
 2.560205896474911e-01 5.568880196770735e-01 5.000000000000000e-01 C
 2.496102835271396e-01 5.081969105995870e-01 5.000000000000000e-01 C
 2.528223137906694e-01 4.591907988446386e-01 5.000000000000000e-01 C
 2.655332439163804e-01 4.117529618040274e-01 5.000000000000000e-01 C
 2.872545999879131e-01 3.677064089517780e-01 5.000000000000000e-01 C
 3.171516424729158e-01 3.287438246124111e-01 5.000000000000000e-01 C
 3.540754447951440e-01 2.963625190516199e-01 5.000000000000000e-01 C
 3.966070459384611e-01 2.718068876824599e-01 5.000000000000000e-01 C
 4.431119803229270e-01 2.560205896474911e-01 5.000000000000000e-01 C
 4.918030894004134e-01 2.496102835271395e-01 5.000000000000000e-01 C
 5.408092011553617e-01 2.528223137906694e-01 5.000000000000000e-01 C
 5.882470381959729e-01 2.655332439163804e-01 5.000000000000000e-01 C
 6.322935910482225e-01 2.872545999879134e-01 5.000000000000000e-01 C
 6.712561753875891e-01 3.171516424729158e-01 5.000000000000000e-01 C
 7.036374809483804e-01 3.540754447951440e-01 5.000000000000000e-01 C
 7.281931123175406e-01 3.966070459384612e-01 5.000000000000000e-01 C
 7.439794103525094e-01 4.431119803229270e-01 5.000000000000000e-01 C
 7.503897164728607e-01 4.918030894004134e-01 5.000000000000000e-01 C
