 C
 AIREBO 
 360
 1.024875e+01
 4.878643737041103e+00 0.000000000000000e+00 0.000000000000000e+00
 0.000000000000000e+00 4.878643737041103e+00 0.000000000000000e+00
 0.000000000000000e+00 0.000000000000000e+00 4.156604463959019e-01
 fra
 7.187390268753211e-01 5.143369132742441e-01 0.000000000000000e+00 C
 7.100645194524052e-01 5.626514694785825e-01 0.000000000000000e+00 C
 6.908564998711019e-01 6.078244193935112e-01 0.000000000000000e+00 C
 6.620781384389223e-01 6.475906026844840e-01 0.000000000000000e+00 C
 6.251725023660485e-01 6.799559768721708e-01 0.000000000000000e+00 C
 5.819901943496896e-01 7.032976069487681e-01 0.000000000000000e+00 C
 5.346965556274013e-01 7.164450461160762e-01 0.000000000000000e+00 C
 4.856630867257561e-01 7.187390268753211e-01 0.000000000000000e+00 C
 4.373485305214176e-01 7.100645194524052e-01 0.000000000000000e+00 C
 3.921755806064892e-01 6.908564998711019e-01 0.000000000000000e+00 C
 3.524093973155162e-01 6.620781384389223e-01 0.000000000000000e+00 C
 3.200440231278294e-01 6.251725023660485e-01 0.000000000000000e+00 C
 2.967023930512321e-01 5.819901943496897e-01 0.000000000000000e+00 C
 2.835549538839240e-01 5.346965556274013e-01 0.000000000000000e+00 C
 2.812609731246791e-01 4.856630867257561e-01 0.000000000000000e+00 C
 2.899354805475949e-01 4.373485305214179e-01 0.000000000000000e+00 C
 3.091435001288985e-01 3.921755806064889e-01 0.000000000000000e+00 C
 3.379218615610778e-01 3.524093973155162e-01 0.000000000000000e+00 C
 3.748274976339517e-01 3.200440231278295e-01 0.000000000000000e+00 C
 4.180098056503106e-01 2.967023930512321e-01 0.000000000000000e+00 C
 4.653034443725991e-01 2.835549538839240e-01 0.000000000000000e+00 C
 5.143369132742440e-01 2.812609731246791e-01 0.000000000000000e+00 C
 5.626514694785826e-01 2.899354805475949e-01 0.000000000000000e+00 C
 6.078244193935113e-01 3.091435001288985e-01 0.000000000000000e+00 C
 6.475906026844839e-01 3.379218615610777e-01 0.000000000000000e+00 C
 6.799559768721707e-01 3.748274976339517e-01 0.000000000000000e+00 C
 7.032976069487681e-01 4.180098056503106e-01 0.000000000000000e+00 C
 7.164450461160762e-01 4.653034443725989e-01 0.000000000000000e+00 C
 7.187390268753211e-01 5.143369132742441e-01 3.333333333333335e-01 C
 7.100645194524052e-01 5.626514694785825e-01 3.333333333333335e-01 C
 6.908564998711019e-01 6.078244193935112e-01 3.333333333333335e-01 C
 6.620781384389223e-01 6.475906026844840e-01 3.333333333333335e-01 C
 6.251725023660485e-01 6.799559768721708e-01 3.333333333333335e-01 C
 5.819901943496896e-01 7.032976069487681e-01 3.333333333333335e-01 C
 5.346965556274013e-01 7.164450461160762e-01 3.333333333333335e-01 C
 4.856630867257561e-01 7.187390268753211e-01 3.333333333333335e-01 C
 4.373485305214176e-01 7.100645194524052e-01 3.333333333333335e-01 C
 3.921755806064892e-01 6.908564998711019e-01 3.333333333333335e-01 C
 3.524093973155162e-01 6.620781384389223e-01 3.333333333333335e-01 C
 3.200440231278294e-01 6.251725023660485e-01 3.333333333333335e-01 C
 2.967023930512321e-01 5.819901943496897e-01 3.333333333333335e-01 C
 2.835549538839240e-01 5.346965556274013e-01 3.333333333333335e-01 C
 2.812609731246791e-01 4.856630867257561e-01 3.333333333333335e-01 C
 2.899354805475949e-01 4.373485305214179e-01 3.333333333333335e-01 C
 3.091435001288985e-01 3.921755806064889e-01 3.333333333333335e-01 C
 3.379218615610778e-01 3.524093973155162e-01 3.333333333333335e-01 C
 3.748274976339517e-01 3.200440231278295e-01 3.333333333333335e-01 C
 4.180098056503106e-01 2.967023930512321e-01 3.333333333333335e-01 C
 4.653034443725991e-01 2.835549538839240e-01 3.333333333333335e-01 C
 5.143369132742440e-01 2.812609731246791e-01 3.333333333333335e-01 C
 5.626514694785826e-01 2.899354805475949e-01 3.333333333333335e-01 C
 6.078244193935113e-01 3.091435001288985e-01 3.333333333333335e-01 C
 6.475906026844839e-01 3.379218615610777e-01 3.333333333333335e-01 C
 6.799559768721707e-01 3.748274976339517e-01 3.333333333333335e-01 C
 7.032976069487681e-01 4.180098056503106e-01 3.333333333333335e-01 C
 7.164450461160762e-01 4.653034443725989e-01 3.333333333333335e-01 C
 7.157584168024835e-01 5.387377663202396e-01 8.333333333333334e-01 C
 7.017289388879397e-01 5.857772940570029e-01 8.333333333333334e-01 C
 6.775839296308640e-01 6.285155900949607e-01 8.333333333333334e-01 C
 6.445341206161846e-01 6.648095778111874e-01 8.333333333333334e-01 C
 6.042367672718816e-01 6.928393251110967e-01 8.333333333333334e-01 C
 5.587125471617316e-01 7.111993034230395e-01 8.333333333333334e-01 C
 5.102442347746461e-01 7.189688667698620e-01 8.333333333333334e-01 C
 4.612622336797607e-01 7.157584168024835e-01 8.333333333333334e-01 C
 4.142227059429975e-01 7.017289388879397e-01 8.333333333333334e-01 C
 3.714844099050395e-01 6.775839296308641e-01 8.333333333333334e-01 C
 3.351904221888127e-01 6.445341206161846e-01 8.333333333333334e-01 C
 3.071606748889035e-01 6.042367672718816e-01 8.333333333333334e-01 C
 2.888006965769608e-01 5.587125471617318e-01 8.333333333333334e-01 C
 2.810311332301382e-01 5.102442347746461e-01 8.333333333333334e-01 C
 2.842415831975167e-01 4.612622336797606e-01 8.333333333333334e-01 C
 2.982710611120605e-01 4.142227059429974e-01 8.333333333333334e-01 C
 3.224160703691361e-01 3.714844099050395e-01 8.333333333333334e-01 C
 3.554658793838155e-01 3.351904221888127e-01 8.333333333333334e-01 C
 3.957632327281185e-01 3.071606748889035e-01 8.333333333333334e-01 C
 4.412874528382687e-01 2.888006965769607e-01 8.333333333333334e-01 C
 4.897557652253540e-01 2.810311332301382e-01 8.333333333333334e-01 C
 5.387377663202394e-01 2.842415831975166e-01 8.333333333333334e-01 C
 5.857772940570030e-01 2.982710611120605e-01 8.333333333333334e-01 C
 6.285155900949608e-01 3.224160703691362e-01 8.333333333333334e-01 C
 6.648095778111873e-01 3.554658793838154e-01 8.333333333333334e-01 C
 6.928393251110967e-01 3.957632327281185e-01 8.333333333333334e-01 C
 7.111993034230395e-01 4.412874528382687e-01 8.333333333333334e-01 C
 7.189688667698620e-01 4.897557652253540e-01 8.333333333333334e-01 C
 7.157584168024835e-01 5.387377663202396e-01 5.000000000000000e-01 C
 7.017289388879397e-01 5.857772940570029e-01 5.000000000000000e-01 C
 6.775839296308640e-01 6.285155900949607e-01 5.000000000000000e-01 C
 6.445341206161846e-01 6.648095778111874e-01 5.000000000000000e-01 C
 6.042367672718816e-01 6.928393251110967e-01 5.000000000000000e-01 C
 5.587125471617316e-01 7.111993034230395e-01 5.000000000000000e-01 C
 5.102442347746461e-01 7.189688667698620e-01 5.000000000000000e-01 C
 4.612622336797607e-01 7.157584168024835e-01 5.000000000000000e-01 C
 4.142227059429975e-01 7.017289388879397e-01 5.000000000000000e-01 C
 3.714844099050395e-01 6.775839296308641e-01 5.000000000000000e-01 C
 3.351904221888127e-01 6.445341206161846e-01 5.000000000000000e-01 C
 3.071606748889035e-01 6.042367672718816e-01 5.000000000000000e-01 C
 2.888006965769608e-01 5.587125471617318e-01 5.000000000000000e-01 C
 2.810311332301382e-01 5.102442347746461e-01 5.000000000000000e-01 C
 2.842415831975167e-01 4.612622336797606e-01 5.000000000000000e-01 C
 2.982710611120605e-01 4.142227059429974e-01 5.000000000000000e-01 C
 3.224160703691361e-01 3.714844099050395e-01 5.000000000000000e-01 C
 3.554658793838155e-01 3.351904221888127e-01 5.000000000000000e-01 C
 3.957632327281185e-01 3.071606748889035e-01 5.000000000000000e-01 C
 4.412874528382687e-01 2.888006965769607e-01 5.000000000000000e-01 C
 4.897557652253540e-01 2.810311332301382e-01 5.000000000000000e-01 C
 5.387377663202394e-01 2.842415831975166e-01 5.000000000000000e-01 C
 5.857772940570030e-01 2.982710611120605e-01 5.000000000000000e-01 C
 6.285155900949608e-01 3.224160703691362e-01 5.000000000000000e-01 C
 6.648095778111873e-01 3.554658793838154e-01 5.000000000000000e-01 C
 6.928393251110967e-01 3.957632327281185e-01 5.000000000000000e-01 C
 7.111993034230395e-01 4.412874528382687e-01 5.000000000000000e-01 C
 7.189688667698620e-01 4.897557652253540e-01 5.000000000000000e-01 C
 6.796784863618710e-01 5.117767501895577e-01 0.000000000000000e+00 C
 6.698381915064658e-01 5.598167118131158e-01 0.000000000000000e+00 C
 6.474017749450532e-01 6.034203415647432e-01 0.000000000000000e+00 C
 6.140332430542172e-01 6.393537576990952e-01 0.000000000000000e+00 C
 5.722073871934250e-01 6.649519431259271e-01 0.000000000000000e+00 C
 5.250262397513128e-01 6.783163975360373e-01 0.000000000000000e+00 C
 4.759890105942747e-01 6.784559404841386e-01 0.000000000000000e+00 C
 4.287325666784915e-01 6.653602227081369e-01 0.000000000000000e+00 C
 3.867617022653512e-01 6.400004936865556e-01 0.000000000000000e+00 C
 3.531892043644476e-01 6.042575685078848e-01 0.000000000000000e+00 C
 3.305049915611321e-01 5.607823364196238e-01 0.000000000000000e+00 C
 3.203914481456585e-01 5.127991564998065e-01 0.000000000000000e+00 C
 3.235986493667696e-01 4.638667216946433e-01 0.000000000000000e+00 C
 3.398887317818653e-01 4.176141268426391e-01 0.000000000000000e+00 C
 3.680535345003860e-01 3.774717153124252e-01 0.000000000000000e+00 C
 4.060042029500983e-01 3.464166661278839e-01 0.000000000000000e+00 C
 4.509261096648424e-01 3.267521902196361e-01 0.000000000000000e+00 C
 4.994876023276353e-01 3.199367118068049e-01 0.000000000000000e+00 C
 5.480870971817238e-01 3.264757037445313e-01 0.000000000000000e+00 C
 5.931201920216760e-01 3.458841989146912e-01 0.000000000000000e+00 C
 6.312469882159130e-01 3.767227580184719e-01 0.000000000000000e+00 C
 6.596397957091950e-01 4.167042262041656e-01 0.000000000000000e+00 C
 6.761928498581968e-01 4.628633608794873e-01 0.000000000000000e+00 C
 6.796784863618710e-01 5.117767501895577e-01 3.333333333333335e-01 C
 6.698381915064658e-01 5.598167118131158e-01 3.333333333333335e-01 C
 6.474017749450532e-01 6.034203415647432e-01 3.333333333333335e-01 C
 6.140332430542172e-01 6.393537576990952e-01 3.333333333333335e-01 C
 5.722073871934250e-01 6.649519431259271e-01 3.333333333333335e-01 C
 5.250262397513128e-01 6.783163975360373e-01 3.333333333333335e-01 C
 4.759890105942747e-01 6.784559404841386e-01 3.333333333333335e-01 C
 4.287325666784915e-01 6.653602227081369e-01 3.333333333333335e-01 C
 3.867617022653512e-01 6.400004936865556e-01 3.333333333333335e-01 C
 3.531892043644476e-01 6.042575685078848e-01 3.333333333333335e-01 C
 3.305049915611321e-01 5.607823364196238e-01 3.333333333333335e-01 C
 3.203914481456585e-01 5.127991564998065e-01 3.333333333333335e-01 C
 3.235986493667696e-01 4.638667216946433e-01 3.333333333333335e-01 C
 3.398887317818653e-01 4.176141268426391e-01 3.333333333333335e-01 C
 3.680535345003860e-01 3.774717153124252e-01 3.333333333333335e-01 C
 4.060042029500983e-01 3.464166661278839e-01 3.333333333333335e-01 C
 4.509261096648424e-01 3.267521902196361e-01 3.333333333333335e-01 C
 4.994876023276353e-01 3.199367118068049e-01 3.333333333333335e-01 C
 5.480870971817238e-01 3.264757037445313e-01 3.333333333333335e-01 C
 5.931201920216760e-01 3.458841989146912e-01 3.333333333333335e-01 C
 6.312469882159130e-01 3.767227580184719e-01 3.333333333333335e-01 C
 6.596397957091950e-01 4.167042262041656e-01 3.333333333333335e-01 C
 6.761928498581968e-01 4.628633608794873e-01 3.333333333333335e-01 C
 6.764013506332305e-01 5.361332783053571e-01 8.333333333333334e-01 C
 6.601112682181348e-01 5.823858731573612e-01 8.333333333333334e-01 C
 6.319464654996141e-01 6.225282846875752e-01 8.333333333333334e-01 C
 5.939957970499020e-01 6.535833338721162e-01 8.333333333333334e-01 C
 5.490738903351577e-01 6.732478097803640e-01 8.333333333333334e-01 C
 5.005123976723651e-01 6.800632881931952e-01 8.333333333333334e-01 C
 4.519129028182762e-01 6.735242962554688e-01 8.333333333333334e-01 C
 4.068798079783242e-01 6.541158010853090e-01 8.333333333333334e-01 C
 3.687530117840873e-01 6.232772419815283e-01 8.333333333333334e-01 C
 3.403602042908052e-01 5.832957737958343e-01 8.333333333333334e-01 C
 3.238071501418033e-01 5.371366391205129e-01 8.333333333333334e-01 C
 3.203215136381293e-01 4.882232498104426e-01 8.333333333333334e-01 C
 3.301618084935343e-01 4.401832881868846e-01 8.333333333333334e-01 C
 3.525982250549469e-01 3.965796584352569e-01 8.333333333333334e-01 C
 3.859667569457830e-01 3.606462423009050e-01 8.333333333333334e-01 C
 4.277926128065752e-01 3.350480568740731e-01 8.333333333333334e-01 C
 4.749737602486874e-01 3.216836024639629e-01 8.333333333333334e-01 C
 5.240109894057254e-01 3.215440595158616e-01 8.333333333333334e-01 C
 5.712674333215085e-01 3.346397772918633e-01 8.333333333333334e-01 C
 6.132382977346489e-01 3.599995063134446e-01 8.333333333333334e-01 C
 6.468107956355527e-01 3.957424314921155e-01 8.333333333333334e-01 C
 6.694950084388680e-01 4.392176635803761e-01 8.333333333333334e-01 C
 6.796085518543418e-01 4.872008435001939e-01 8.333333333333334e-01 C
 6.764013506332305e-01 5.361332783053571e-01 5.000000000000000e-01 C
 6.601112682181348e-01 5.823858731573612e-01 5.000000000000000e-01 C
 6.319464654996141e-01 6.225282846875752e-01 5.000000000000000e-01 C
 5.939957970499020e-01 6.535833338721162e-01 5.000000000000000e-01 C
 5.490738903351577e-01 6.732478097803640e-01 5.000000000000000e-01 C
 5.005123976723651e-01 6.800632881931952e-01 5.000000000000000e-01 C
 4.519129028182762e-01 6.735242962554688e-01 5.000000000000000e-01 C
 4.068798079783242e-01 6.541158010853090e-01 5.000000000000000e-01 C
 3.687530117840873e-01 6.232772419815283e-01 5.000000000000000e-01 C
 3.403602042908052e-01 5.832957737958343e-01 5.000000000000000e-01 C
 3.238071501418033e-01 5.371366391205129e-01 5.000000000000000e-01 C
 3.203215136381293e-01 4.882232498104426e-01 5.000000000000000e-01 C
 3.301618084935343e-01 4.401832881868846e-01 5.000000000000000e-01 C
 3.525982250549469e-01 3.965796584352569e-01 5.000000000000000e-01 C
 3.859667569457830e-01 3.606462423009050e-01 5.000000000000000e-01 C
 4.277926128065752e-01 3.350480568740731e-01 5.000000000000000e-01 C
 4.749737602486874e-01 3.216836024639629e-01 5.000000000000000e-01 C
 5.240109894057254e-01 3.215440595158616e-01 5.000000000000000e-01 C
 5.712674333215085e-01 3.346397772918633e-01 5.000000000000000e-01 C
 6.132382977346489e-01 3.599995063134446e-01 5.000000000000000e-01 C
 6.468107956355527e-01 3.957424314921155e-01 5.000000000000000e-01 C
 6.694950084388680e-01 4.392176635803761e-01 5.000000000000000e-01 C
 6.796085518543418e-01 4.872008435001939e-01 5.000000000000000e-01 C
 6.406179458484208e-01 5.092165871048713e-01 0.000000000000000e+00 C
 6.289853876212519e-01 5.567549288845161e-01 0.000000000000000e+00 C
 6.017952880253802e-01 5.974477886271463e-01 0.000000000000000e+00 C
 5.623271743552000e-01 6.263870068851525e-01 0.000000000000000e+00 C
 5.153414836066560e-01 6.400820868392451e-01 0.000000000000000e+00 C
 4.665053835189653e-01 6.368811997291062e-01 0.000000000000000e+00 C
 4.217092285067793e-01 6.171704197802815e-01 0.000000000000000e+00 C
 3.863560959854042e-01 5.833271579547291e-01 0.000000000000000e+00 C
 3.647100954935851e-01 5.394334111019602e-01 0.000000000000000e+00 C
 3.593820541515795e-01 4.907834128951290e-01 0.000000000000000e+00 C
 3.710146123787483e-01 4.432450711154842e-01 0.000000000000000e+00 C
 3.982047119746199e-01 4.025522113728541e-01 0.000000000000000e+00 C
 4.376728256448002e-01 3.736129931148476e-01 0.000000000000000e+00 C
 4.846585163933441e-01 3.599179131607552e-01 0.000000000000000e+00 C
 5.334946164810349e-01 3.631188002708939e-01 0.000000000000000e+00 C
 5.782907714932208e-01 3.828295802197188e-01 0.000000000000000e+00 C
 6.136439040145960e-01 4.166728420452712e-01 0.000000000000000e+00 C
 6.352899045064151e-01 4.605665888980402e-01 0.000000000000000e+00 C
 6.406179458484208e-01 5.092165871048713e-01 3.333333333333335e-01 C
 6.289853876212519e-01 5.567549288845161e-01 3.333333333333335e-01 C
 6.017952880253802e-01 5.974477886271463e-01 3.333333333333335e-01 C
 5.623271743552000e-01 6.263870068851525e-01 3.333333333333335e-01 C
 5.153414836066560e-01 6.400820868392451e-01 3.333333333333335e-01 C
 4.665053835189653e-01 6.368811997291062e-01 3.333333333333335e-01 C
 4.217092285067793e-01 6.171704197802815e-01 3.333333333333335e-01 C
 3.863560959854042e-01 5.833271579547291e-01 3.333333333333335e-01 C
 3.647100954935851e-01 5.394334111019602e-01 3.333333333333335e-01 C
 3.593820541515795e-01 4.907834128951290e-01 3.333333333333335e-01 C
 3.710146123787483e-01 4.432450711154842e-01 3.333333333333335e-01 C
 3.982047119746199e-01 4.025522113728541e-01 3.333333333333335e-01 C
 4.376728256448002e-01 3.736129931148476e-01 3.333333333333335e-01 C
 4.846585163933441e-01 3.599179131607552e-01 3.333333333333335e-01 C
 5.334946164810349e-01 3.631188002708939e-01 3.333333333333335e-01 C
 5.782907714932208e-01 3.828295802197188e-01 3.333333333333335e-01 C
 6.136439040145960e-01 4.166728420452712e-01 3.333333333333335e-01 C
 6.352899045064151e-01 4.605665888980402e-01 3.333333333333335e-01 C
 6.368811997291062e-01 5.334946164810349e-01 8.333333333333334e-01 C
 6.171704197802814e-01 5.782907714932209e-01 8.333333333333334e-01 C
 5.833271579547291e-01 6.136439040145960e-01 8.333333333333334e-01 C
 5.394334111019601e-01 6.352899045064150e-01 8.333333333333334e-01 C
 4.907834128951290e-01 6.406179458484208e-01 8.333333333333334e-01 C
 4.432450711154842e-01 6.289853876212519e-01 8.333333333333334e-01 C
 4.025522113728541e-01 6.017952880253803e-01 8.333333333333334e-01 C
 3.736129931148476e-01 5.623271743552000e-01 8.333333333333334e-01 C
 3.599179131607552e-01 5.153414836066560e-01 8.333333333333334e-01 C
 3.631188002708939e-01 4.665053835189654e-01 8.333333333333334e-01 C
 3.828295802197188e-01 4.217092285067793e-01 8.333333333333334e-01 C
 4.166728420452712e-01 3.863560959854042e-01 8.333333333333334e-01 C
 4.605665888980401e-01 3.647100954935851e-01 8.333333333333334e-01 C
 5.092165871048713e-01 3.593820541515795e-01 8.333333333333334e-01 C
 5.567549288845162e-01 3.710146123787483e-01 8.333333333333334e-01 C
 5.974477886271463e-01 3.982047119746200e-01 8.333333333333334e-01 C
 6.263870068851525e-01 4.376728256448002e-01 8.333333333333334e-01 C
 6.400820868392451e-01 4.846585163933442e-01 8.333333333333334e-01 C
 6.368811997291062e-01 5.334946164810349e-01 5.000000000000000e-01 C
 6.171704197802814e-01 5.782907714932209e-01 5.000000000000000e-01 C
 5.833271579547291e-01 6.136439040145960e-01 5.000000000000000e-01 C
 5.394334111019601e-01 6.352899045064150e-01 5.000000000000000e-01 C
 4.907834128951290e-01 6.406179458484208e-01 5.000000000000000e-01 C
 4.432450711154842e-01 6.289853876212519e-01 5.000000000000000e-01 C
 4.025522113728541e-01 6.017952880253803e-01 5.000000000000000e-01 C
 3.736129931148476e-01 5.623271743552000e-01 5.000000000000000e-01 C
 3.599179131607552e-01 5.153414836066560e-01 5.000000000000000e-01 C
 3.631188002708939e-01 4.665053835189654e-01 5.000000000000000e-01 C
 3.828295802197188e-01 4.217092285067793e-01 5.000000000000000e-01 C
 4.166728420452712e-01 3.863560959854042e-01 5.000000000000000e-01 C
 4.605665888980401e-01 3.647100954935851e-01 5.000000000000000e-01 C
 5.092165871048713e-01 3.593820541515795e-01 5.000000000000000e-01 C
 5.567549288845162e-01 3.710146123787483e-01 5.000000000000000e-01 C
 5.974477886271463e-01 3.982047119746200e-01 5.000000000000000e-01 C
 6.263870068851525e-01 4.376728256448002e-01 5.000000000000000e-01 C
 6.400820868392451e-01 4.846585163933442e-01 5.000000000000000e-01 C
 6.015574053349706e-01 5.066564240201847e-01 0.000000000000000e+00 C
 5.868312220184266e-01 5.530900503097776e-01 0.000000000000000e+00 C
 5.522130521671245e-01 5.873613858778646e-01 0.000000000000000e+00 C
 5.056335012998250e-01 6.016192807601632e-01 0.000000000000000e+00 C
 4.577633831757859e-01 5.925974230653991e-01 0.000000000000000e+00 C
 4.195691649597628e-01 5.623626116662710e-01 0.000000000000000e+00 C
 3.998006817548195e-01 5.178412774853428e-01 0.000000000000000e+00 C
 4.029866548271598e-01 4.692327216432243e-01 0.000000000000000e+00 C
 4.283972161410484e-01 4.276725784867439e-01 0.000000000000000e+00 C
 4.702111123299340e-01 4.026817759590314e-01 0.000000000000000e+00 C
 5.188492836890186e-01 3.999854057473667e-01 0.000000000000000e+00 C
 5.631693113134425e-01 4.202011737724585e-01 0.000000000000000e+00 C
 5.930180109886837e-01 4.586978912061730e-01 0.000000000000000e+00 C
 6.015574053349706e-01 5.066564240201847e-01 3.333333333333335e-01 C
 5.868312220184266e-01 5.530900503097776e-01 3.333333333333335e-01 C
 5.522130521671245e-01 5.873613858778646e-01 3.333333333333335e-01 C
 5.056335012998250e-01 6.016192807601632e-01 3.333333333333335e-01 C
 4.577633831757859e-01 5.925974230653991e-01 3.333333333333335e-01 C
 4.195691649597628e-01 5.623626116662710e-01 3.333333333333335e-01 C
 3.998006817548195e-01 5.178412774853428e-01 3.333333333333335e-01 C
 4.029866548271598e-01 4.692327216432243e-01 3.333333333333335e-01 C
 4.283972161410484e-01 4.276725784867439e-01 3.333333333333335e-01 C
 4.702111123299340e-01 4.026817759590314e-01 3.333333333333335e-01 C
 5.188492836890186e-01 3.999854057473667e-01 3.333333333333335e-01 C
 5.631693113134425e-01 4.202011737724585e-01 3.333333333333335e-01 C
 5.930180109886837e-01 4.586978912061730e-01 3.333333333333335e-01 C
 5.970133451728404e-01 5.307672783567760e-01 8.333333333333334e-01 C
 5.716027838589519e-01 5.723274215132562e-01 8.333333333333334e-01 C
 5.297888876700662e-01 5.973182240409688e-01 8.333333333333334e-01 C
 4.811507163109818e-01 6.000145942526335e-01 8.333333333333334e-01 C
 4.368306886865578e-01 5.797988262275418e-01 8.333333333333334e-01 C
 4.069819890113165e-01 5.413021087938270e-01 8.333333333333334e-01 C
 3.984425946650296e-01 4.933435759798155e-01 8.333333333333334e-01 C
 4.131687779815736e-01 4.469099496902226e-01 8.333333333333334e-01 C
 4.477869478328759e-01 4.126386141221355e-01 8.333333333333334e-01 C
 4.943664987001752e-01 3.983807192398370e-01 8.333333333333334e-01 C
 5.422366168242144e-01 4.074025769346011e-01 8.333333333333334e-01 C
 5.804308350402374e-01 4.376373883337291e-01 8.333333333333334e-01 C
 6.001993182451807e-01 4.821587225146572e-01 8.333333333333334e-01 C
 5.970133451728404e-01 5.307672783567760e-01 5.000000000000000e-01 C
 5.716027838589519e-01 5.723274215132562e-01 5.000000000000000e-01 C
 5.297888876700662e-01 5.973182240409688e-01 5.000000000000000e-01 C
 4.811507163109818e-01 6.000145942526335e-01 5.000000000000000e-01 C
 4.368306886865578e-01 5.797988262275418e-01 5.000000000000000e-01 C
 4.069819890113165e-01 5.413021087938270e-01 5.000000000000000e-01 C
 3.984425946650296e-01 4.933435759798155e-01 5.000000000000000e-01 C
 4.131687779815736e-01 4.469099496902226e-01 5.000000000000000e-01 C
 4.477869478328759e-01 4.126386141221355e-01 5.000000000000000e-01 C
 4.943664987001752e-01 3.983807192398370e-01 5.000000000000000e-01 C
 5.422366168242144e-01 4.074025769346011e-01 5.000000000000000e-01 C
 5.804308350402374e-01 4.376373883337291e-01 5.000000000000000e-01 C
 6.001993182451807e-01 4.821587225146572e-01 5.000000000000000e-01 C
 5.624968648215204e-01 5.040962609354984e-01 0.000000000000000e+00 C
 5.412954630331958e-01 5.470884508031965e-01 0.000000000000000e+00 C
 4.959037390645017e-01 5.624968648215204e-01 0.000000000000000e+00 C
 4.529115491968038e-01 5.412954630331958e-01 0.000000000000000e+00 C
 4.375031351784798e-01 4.959037390645017e-01 0.000000000000000e+00 C
 4.587045369668045e-01 4.529115491968038e-01 0.000000000000000e+00 C
 5.040962609354984e-01 4.375031351784798e-01 0.000000000000000e+00 C
 5.470884508031965e-01 4.587045369668045e-01 0.000000000000000e+00 C
 5.624968648215204e-01 5.040962609354984e-01 3.333333333333335e-01 C
 5.412954630331958e-01 5.470884508031965e-01 3.333333333333335e-01 C
 4.959037390645017e-01 5.624968648215204e-01 3.333333333333335e-01 C
 4.529115491968038e-01 5.412954630331958e-01 3.333333333333335e-01 C
 4.375031351784798e-01 4.959037390645017e-01 3.333333333333335e-01 C
 4.587045369668045e-01 4.529115491968038e-01 3.333333333333335e-01 C
 5.040962609354984e-01 4.375031351784798e-01 3.333333333333335e-01 C
 5.470884508031965e-01 4.587045369668045e-01 3.333333333333335e-01 C
 5.561720030600679e-01 5.277009663800890e-01 8.333333333333334e-01 C
 5.201320631038242e-01 5.593071454493869e-01 8.333333333333334e-01 C
 4.722990336199113e-01 5.561720030600679e-01 8.333333333333334e-01 C
 4.406928545506132e-01 5.201320631038242e-01 8.333333333333334e-01 C
 4.438279969399324e-01 4.722990336199114e-01 8.333333333333334e-01 C
 4.798679368961761e-01 4.406928545506132e-01 8.333333333333334e-01 C
 5.277009663800889e-01 4.438279969399324e-01 8.333333333333334e-01 C
 5.593071454493869e-01 4.798679368961761e-01 8.333333333333334e-01 C
 5.561720030600679e-01 5.277009663800890e-01 5.000000000000000e-01 C
 5.201320631038242e-01 5.593071454493869e-01 5.000000000000000e-01 C
 4.722990336199113e-01 5.561720030600679e-01 5.000000000000000e-01 C
 4.406928545506132e-01 5.201320631038242e-01 5.000000000000000e-01 C
 4.438279969399324e-01 4.722990336199114e-01 5.000000000000000e-01 C
 4.798679368961761e-01 4.406928545506132e-01 5.000000000000000e-01 C
 5.277009663800889e-01 4.438279969399324e-01 5.000000000000000e-01 C
 5.593071454493869e-01 4.798679368961761e-01 5.000000000000000e-01 C
