 C
 AIREBO 
 232
 1.024875e+01
 4.878643737041103e+00 0.000000000000000e+00 0.000000000000000e+00
 0.000000000000000e+00 4.878643737041103e+00 0.000000000000000e+00
 0.000000000000000e+00 0.000000000000000e+00 4.156604463959019e-01
 fra
 9.531022699560221e-01 5.296978917823626e-01 0.000000000000000e+00 C
 9.472352581273135e-01 5.785127741416142e-01 0.000000000000000e+00 C
 9.361248218081583e-01 6.264071660089692e-01 0.000000000000000e+00 C
 9.199012207060295e-01 6.728195494300433e-01 0.000000000000000e+00 C
 8.987546617104699e-01 7.172057816444709e-01 0.000000000000000e+00 C
 8.729330688912189e-01 7.590454746622572e-01 0.000000000000000e+00 C
 8.427391768151752e-01 7.978480963371647e-01 0.000000000000000e+00 C
 8.085269812603912e-01 8.331587214076304e-01 0.000000000000000e+00 C
 7.706975889392382e-01 8.645633650795154e-01 0.000000000000000e+00 C
 7.296945148889387e-01 8.916938366193066e-01 0.000000000000000e+00 C
 6.859984826632638e-01 9.142320560538263e-01 0.000000000000000e+00 C
 6.401217882883966e-01 9.319137833670960e-01 0.000000000000000e+00 C
 5.926022940604211e-01 9.445317164729242e-01 0.000000000000000e+00 C
 5.439971226016718e-01 9.519379216423316e-01 0.000000000000000e+00 C
 4.948761251073707e-01 9.540455678912650e-01 0.000000000000000e+00 C
 4.458152003613821e-01 9.508299449944952e-01 0.000000000000000e+00 C
 3.973895428495218e-01 9.423287531904146e-01 0.000000000000000e+00 C
 3.501668991301148e-01 9.286416611802119e-01 0.000000000000000e+00 C
 3.047009115246970e-01 9.099291376034797e-01 0.000000000000000e+00 C
 2.615246271679925e-01 8.864105696901313e-01 0.000000000000000e+00 C
 2.211442485176308e-01 8.583616911457194e-01 0.000000000000000e+00 C
 1.840331985931547e-01 8.261113494258425e-01 0.000000000000000e+00 C
 1.506265705239724e-01 7.900376503003980e-01 0.000000000000000e+00 C
 1.213160264802237e-01 7.505635249091340e-01 0.000000000000000e+00 C
 9.644520579193558e-02 7.081517712807259e-01 0.000000000000000e+00 C
 7.630569609206989e-02 6.632996284490303e-01 0.000000000000000e+00 C
 6.113361471812837e-02 6.165329467800443e-01 0.000000000000000e+00 C
 5.110684045225421e-02 5.684000228571515e-01 0.000000000000000e+00 C
 4.634292805514751e-02 5.194651712049959e-01 0.000000000000000e+00 C
 4.689773004397790e-02 4.703021082176376e-01 0.000000000000000e+00 C
 5.276474187268652e-02 4.214872258583859e-01 0.000000000000000e+00 C
 6.387517819184177e-02 3.735928339910309e-01 0.000000000000000e+00 C
 8.009877929397052e-02 3.271804505699569e-01 0.000000000000000e+00 C
 1.012453382895300e-01 2.827942183555294e-01 0.000000000000000e+00 C
 1.270669311087810e-01 2.409545253377428e-01 0.000000000000000e+00 C
 1.572608231848247e-01 2.021519036628355e-01 0.000000000000000e+00 C
 1.914730187396085e-01 1.668412785923699e-01 0.000000000000000e+00 C
 2.293024110607620e-01 1.354366349204844e-01 0.000000000000000e+00 C
 2.703054851110615e-01 1.083061633806934e-01 0.000000000000000e+00 C
 3.140015173367361e-01 8.576794394617361e-02 0.000000000000000e+00 C
 3.598782117116034e-01 6.808621663290419e-02 0.000000000000000e+00 C
 4.073977059395790e-01 5.546828352707592e-02 0.000000000000000e+00 C
 4.560028773983281e-01 4.806207835766840e-02 0.000000000000000e+00 C
 5.051238748926294e-01 4.595443210873484e-02 0.000000000000000e+00 C
 5.541847996386182e-01 4.917005500550473e-02 0.000000000000000e+00 C
 6.026104571504785e-01 5.767124680958548e-02 0.000000000000000e+00 C
 6.498331008698851e-01 7.135833881978798e-02 0.000000000000000e+00 C
 6.952990884753032e-01 9.007086239652039e-02 0.000000000000000e+00 C
 7.384753728320075e-01 1.135894303098686e-01 0.000000000000000e+00 C
 7.788557514823696e-01 1.416383088542808e-01 0.000000000000000e+00 C
 8.159668014068451e-01 1.738886505741572e-01 0.000000000000000e+00 C
 8.493734294760279e-01 2.099623496996022e-01 0.000000000000000e+00 C
 8.786839735197765e-01 2.494364750908662e-01 0.000000000000000e+00 C
 9.035547942080645e-01 2.918482287192743e-01 0.000000000000000e+00 C
 9.236943039079302e-01 3.367003715509698e-01 0.000000000000000e+00 C
 9.388663852818716e-01 3.834670532199557e-01 0.000000000000000e+00 C
 9.488931595477458e-01 4.315999771428486e-01 0.000000000000000e+00 C
 9.536570719448525e-01 4.805348287950041e-01 0.000000000000000e+00 C
 9.531022699560221e-01 5.296978917823626e-01 3.333333333333334e-01 C
 9.472352581273135e-01 5.785127741416142e-01 3.333333333333334e-01 C
 9.361248218081583e-01 6.264071660089692e-01 3.333333333333334e-01 C
 9.199012207060295e-01 6.728195494300433e-01 3.333333333333334e-01 C
 8.987546617104699e-01 7.172057816444709e-01 3.333333333333334e-01 C
 8.729330688912189e-01 7.590454746622572e-01 3.333333333333334e-01 C
 8.427391768151752e-01 7.978480963371647e-01 3.333333333333334e-01 C
 8.085269812603912e-01 8.331587214076304e-01 3.333333333333334e-01 C
 7.706975889392382e-01 8.645633650795154e-01 3.333333333333334e-01 C
 7.296945148889387e-01 8.916938366193066e-01 3.333333333333334e-01 C
 6.859984826632638e-01 9.142320560538263e-01 3.333333333333334e-01 C
 6.401217882883966e-01 9.319137833670960e-01 3.333333333333334e-01 C
 5.926022940604211e-01 9.445317164729242e-01 3.333333333333334e-01 C
 5.439971226016718e-01 9.519379216423316e-01 3.333333333333334e-01 C
 4.948761251073707e-01 9.540455678912650e-01 3.333333333333334e-01 C
 4.458152003613821e-01 9.508299449944952e-01 3.333333333333334e-01 C
 3.973895428495218e-01 9.423287531904146e-01 3.333333333333334e-01 C
 3.501668991301148e-01 9.286416611802119e-01 3.333333333333334e-01 C
 3.047009115246970e-01 9.099291376034797e-01 3.333333333333334e-01 C
 2.615246271679925e-01 8.864105696901313e-01 3.333333333333334e-01 C
 2.211442485176308e-01 8.583616911457194e-01 3.333333333333334e-01 C
 1.840331985931547e-01 8.261113494258425e-01 3.333333333333334e-01 C
 1.506265705239724e-01 7.900376503003980e-01 3.333333333333334e-01 C
 1.213160264802237e-01 7.505635249091340e-01 3.333333333333334e-01 C
 9.644520579193558e-02 7.081517712807259e-01 3.333333333333334e-01 C
 7.630569609206989e-02 6.632996284490303e-01 3.333333333333334e-01 C
 6.113361471812837e-02 6.165329467800443e-01 3.333333333333334e-01 C
 5.110684045225421e-02 5.684000228571515e-01 3.333333333333334e-01 C
 4.634292805514751e-02 5.194651712049959e-01 3.333333333333334e-01 C
 4.689773004397790e-02 4.703021082176376e-01 3.333333333333334e-01 C
 5.276474187268652e-02 4.214872258583859e-01 3.333333333333334e-01 C
 6.387517819184177e-02 3.735928339910309e-01 3.333333333333334e-01 C
 8.009877929397052e-02 3.271804505699569e-01 3.333333333333334e-01 C
 1.012453382895300e-01 2.827942183555294e-01 3.333333333333334e-01 C
 1.270669311087810e-01 2.409545253377428e-01 3.333333333333334e-01 C
 1.572608231848247e-01 2.021519036628355e-01 3.333333333333334e-01 C
 1.914730187396085e-01 1.668412785923699e-01 3.333333333333334e-01 C
 2.293024110607620e-01 1.354366349204844e-01 3.333333333333334e-01 C
 2.703054851110615e-01 1.083061633806934e-01 3.333333333333334e-01 C
 3.140015173367361e-01 8.576794394617361e-02 3.333333333333334e-01 C
 3.598782117116034e-01 6.808621663290419e-02 3.333333333333334e-01 C
 4.073977059395790e-01 5.546828352707592e-02 3.333333333333334e-01 C
 4.560028773983281e-01 4.806207835766840e-02 3.333333333333334e-01 C
 5.051238748926294e-01 4.595443210873484e-02 3.333333333333334e-01 C
 5.541847996386182e-01 4.917005500550473e-02 3.333333333333334e-01 C
 6.026104571504785e-01 5.767124680958548e-02 3.333333333333334e-01 C
 6.498331008698851e-01 7.135833881978798e-02 3.333333333333334e-01 C
 6.952990884753032e-01 9.007086239652039e-02 3.333333333333334e-01 C
 7.384753728320075e-01 1.135894303098686e-01 3.333333333333334e-01 C
 7.788557514823696e-01 1.416383088542808e-01 3.333333333333334e-01 C
 8.159668014068451e-01 1.738886505741572e-01 3.333333333333334e-01 C
 8.493734294760279e-01 2.099623496996022e-01 3.333333333333334e-01 C
 8.786839735197765e-01 2.494364750908662e-01 3.333333333333334e-01 C
 9.035547942080645e-01 2.918482287192743e-01 3.333333333333334e-01 C
 9.236943039079302e-01 3.367003715509698e-01 3.333333333333334e-01 C
 9.388663852818716e-01 3.834670532199557e-01 3.333333333333334e-01 C
 9.488931595477458e-01 4.315999771428486e-01 3.333333333333334e-01 C
 9.536570719448525e-01 4.805348287950041e-01 3.333333333333334e-01 C
 9.508299449944952e-01 5.541847996386180e-01 8.333333333333333e-01 C
 9.423287531904146e-01 6.026104571504785e-01 8.333333333333333e-01 C
 9.286416611802119e-01 6.498331008698852e-01 8.333333333333333e-01 C
 9.099291376034796e-01 6.952990884753031e-01 8.333333333333333e-01 C
 8.864105696901313e-01 7.384753728320076e-01 8.333333333333333e-01 C
 8.583616911457193e-01 7.788557514823694e-01 8.333333333333333e-01 C
 8.261113494258425e-01 8.159668014068454e-01 8.333333333333333e-01 C
 7.900376503003980e-01 8.493734294760277e-01 8.333333333333333e-01 C
 7.505635249091337e-01 8.786839735197765e-01 8.333333333333333e-01 C
 7.081517712807256e-01 9.035547942080645e-01 8.333333333333333e-01 C
 6.632996284490302e-01 9.236943039079302e-01 8.333333333333333e-01 C
 6.165329467800443e-01 9.388663852818716e-01 8.333333333333333e-01 C
 5.684000228571515e-01 9.488931595477458e-01 8.333333333333333e-01 C
 5.194651712049959e-01 9.536570719448525e-01 8.333333333333333e-01 C
 4.703021082176376e-01 9.531022699560221e-01 8.333333333333333e-01 C
 4.214872258583859e-01 9.472352581273135e-01 8.333333333333333e-01 C
 3.735928339910309e-01 9.361248218081583e-01 8.333333333333333e-01 C
 3.271804505699568e-01 9.199012207060295e-01 8.333333333333333e-01 C
 2.827942183555294e-01 8.987546617104700e-01 8.333333333333333e-01 C
 2.409545253377429e-01 8.729330688912191e-01 8.333333333333333e-01 C
 2.021519036628356e-01 8.427391768151754e-01 8.333333333333333e-01 C
 1.668412785923699e-01 8.085269812603916e-01 8.333333333333333e-01 C
 1.354366349204847e-01 7.706975889392382e-01 8.333333333333333e-01 C
 1.083061633806936e-01 7.296945148889387e-01 8.333333333333333e-01 C
 8.576794394617369e-02 6.859984826632640e-01 8.333333333333333e-01 C
 6.808621663290428e-02 6.401217882883969e-01 8.333333333333333e-01 C
 5.546828352707592e-02 5.926022940604210e-01 8.333333333333333e-01 C
 4.806207835766832e-02 5.439971226016718e-01 8.333333333333333e-01 C
 4.595443210873484e-02 4.948761251073707e-01 8.333333333333333e-01 C
 4.917005500550464e-02 4.458152003613824e-01 8.333333333333333e-01 C
 5.767124680958540e-02 3.973895428495217e-01 8.333333333333333e-01 C
 7.135833881978806e-02 3.501668991301147e-01 8.333333333333333e-01 C
 9.007086239652032e-02 3.047009115246970e-01 8.333333333333333e-01 C
 1.135894303098686e-01 2.615246271679927e-01 8.333333333333333e-01 C
 1.416383088542810e-01 2.211442485176304e-01 8.333333333333333e-01 C
 1.738886505741575e-01 1.840331985931546e-01 8.333333333333333e-01 C
 2.099623496996020e-01 1.506265705239724e-01 8.333333333333333e-01 C
 2.494364750908666e-01 1.213160264802234e-01 8.333333333333333e-01 C
 2.918482287192746e-01 9.644520579193533e-02 8.333333333333333e-01 C
 3.367003715509699e-01 7.630569609206980e-02 8.333333333333333e-01 C
 3.834670532199561e-01 6.113361471812829e-02 8.333333333333333e-01 C
 4.315999771428487e-01 5.110684045225421e-02 8.333333333333333e-01 C
 4.805348287950036e-01 4.634292805514759e-02 8.333333333333333e-01 C
 5.296978917823630e-01 4.689773004397790e-02 8.333333333333333e-01 C
 5.785127741416145e-01 5.276474187268661e-02 8.333333333333333e-01 C
 6.264071660089691e-01 6.387517819184177e-02 8.333333333333333e-01 C
 6.728195494300436e-01 8.009877929397069e-02 8.333333333333333e-01 C
 7.172057816444711e-01 1.012453382895303e-01 8.333333333333333e-01 C
 7.590454746622571e-01 1.270669311087810e-01 8.333333333333333e-01 C
 7.978480963371648e-01 1.572608231848250e-01 8.333333333333333e-01 C
 8.331587214076304e-01 1.914730187396088e-01 8.333333333333333e-01 C
 8.645633650795156e-01 2.293024110607620e-01 8.333333333333333e-01 C
 8.916938366193069e-01 2.703054851110618e-01 8.333333333333333e-01 C
 9.142320560538266e-01 3.140015173367365e-01 8.333333333333333e-01 C
 9.319137833670960e-01 3.598782117116034e-01 8.333333333333333e-01 C
 9.445317164729242e-01 4.073977059395794e-01 8.333333333333333e-01 C
 9.519379216423316e-01 4.560028773983286e-01 8.333333333333333e-01 C
 9.540455678912650e-01 5.051238748926294e-01 8.333333333333333e-01 C
 9.508299449944952e-01 5.541847996386180e-01 5.000000000000000e-01 C
 9.423287531904146e-01 6.026104571504785e-01 5.000000000000000e-01 C
 9.286416611802119e-01 6.498331008698852e-01 5.000000000000000e-01 C
 9.099291376034796e-01 6.952990884753031e-01 5.000000000000000e-01 C
 8.864105696901313e-01 7.384753728320076e-01 5.000000000000000e-01 C
 8.583616911457193e-01 7.788557514823694e-01 5.000000000000000e-01 C
 8.261113494258425e-01 8.159668014068454e-01 5.000000000000000e-01 C
 7.900376503003980e-01 8.493734294760277e-01 5.000000000000000e-01 C
 7.505635249091337e-01 8.786839735197765e-01 5.000000000000000e-01 C
 7.081517712807256e-01 9.035547942080645e-01 5.000000000000000e-01 C
 6.632996284490302e-01 9.236943039079302e-01 5.000000000000000e-01 C
 6.165329467800443e-01 9.388663852818716e-01 5.000000000000000e-01 C
 5.684000228571515e-01 9.488931595477458e-01 5.000000000000000e-01 C
 5.194651712049959e-01 9.536570719448525e-01 5.000000000000000e-01 C
 4.703021082176376e-01 9.531022699560221e-01 5.000000000000000e-01 C
 4.214872258583859e-01 9.472352581273135e-01 5.000000000000000e-01 C
 3.735928339910309e-01 9.361248218081583e-01 5.000000000000000e-01 C
 3.271804505699568e-01 9.199012207060295e-01 5.000000000000000e-01 C
 2.827942183555294e-01 8.987546617104700e-01 5.000000000000000e-01 C
 2.409545253377429e-01 8.729330688912191e-01 5.000000000000000e-01 C
 2.021519036628356e-01 8.427391768151754e-01 5.000000000000000e-01 C
 1.668412785923699e-01 8.085269812603916e-01 5.000000000000000e-01 C
 1.354366349204847e-01 7.706975889392382e-01 5.000000000000000e-01 C
 1.083061633806936e-01 7.296945148889387e-01 5.000000000000000e-01 C
 8.576794394617369e-02 6.859984826632640e-01 5.000000000000000e-01 C
 6.808621663290428e-02 6.401217882883969e-01 5.000000000000000e-01 C
 5.546828352707592e-02 5.926022940604210e-01 5.000000000000000e-01 C
 4.806207835766832e-02 5.439971226016718e-01 5.000000000000000e-01 C
 4.595443210873484e-02 4.948761251073707e-01 5.000000000000000e-01 C
 4.917005500550464e-02 4.458152003613824e-01 5.000000000000000e-01 C
 5.767124680958540e-02 3.973895428495217e-01 5.000000000000000e-01 C
 7.135833881978806e-02 3.501668991301147e-01 5.000000000000000e-01 C
 9.007086239652032e-02 3.047009115246970e-01 5.000000000000000e-01 C
 1.135894303098686e-01 2.615246271679927e-01 5.000000000000000e-01 C
 1.416383088542810e-01 2.211442485176304e-01 5.000000000000000e-01 C
 1.738886505741575e-01 1.840331985931546e-01 5.000000000000000e-01 C
 2.099623496996020e-01 1.506265705239724e-01 5.000000000000000e-01 C
 2.494364750908666e-01 1.213160264802234e-01 5.000000000000000e-01 C
 2.918482287192746e-01 9.644520579193533e-02 5.000000000000000e-01 C
 3.367003715509699e-01 7.630569609206980e-02 5.000000000000000e-01 C
 3.834670532199561e-01 6.113361471812829e-02 5.000000000000000e-01 C
 4.315999771428487e-01 5.110684045225421e-02 5.000000000000000e-01 C
 4.805348287950036e-01 4.634292805514759e-02 5.000000000000000e-01 C
 5.296978917823630e-01 4.689773004397790e-02 5.000000000000000e-01 C
 5.785127741416145e-01 5.276474187268661e-02 5.000000000000000e-01 C
 6.264071660089691e-01 6.387517819184177e-02 5.000000000000000e-01 C
 6.728195494300436e-01 8.009877929397069e-02 5.000000000000000e-01 C
 7.172057816444711e-01 1.012453382895303e-01 5.000000000000000e-01 C
 7.590454746622571e-01 1.270669311087810e-01 5.000000000000000e-01 C
 7.978480963371648e-01 1.572608231848250e-01 5.000000000000000e-01 C
 8.331587214076304e-01 1.914730187396088e-01 5.000000000000000e-01 C
 8.645633650795156e-01 2.293024110607620e-01 5.000000000000000e-01 C
 8.916938366193069e-01 2.703054851110618e-01 5.000000000000000e-01 C
 9.142320560538266e-01 3.140015173367365e-01 5.000000000000000e-01 C
 9.319137833670960e-01 3.598782117116034e-01 5.000000000000000e-01 C
 9.445317164729242e-01 4.073977059395794e-01 5.000000000000000e-01 C
 9.519379216423316e-01 4.560028773983286e-01 5.000000000000000e-01 C
 9.540455678912650e-01 5.051238748926294e-01 5.000000000000000e-01 C
