 C
 AIREBO 
 96
 1.024875e+01
 4.878643737041103e+00 0.000000000000000e+00 0.000000000000000e+00
 0.000000000000000e+00 4.878643737041103e+00 0.000000000000000e+00
 0.000000000000000e+00 0.000000000000000e+00 4.156604463959019e-01
 fra
 6.249937296430407e-01 5.081925218709967e-01 0.000000000000000e+00 C
 6.123440061201355e-01 5.554019327601777e-01 0.000000000000000e+00 C
 5.825909260663913e-01 5.941769016063928e-01 0.000000000000000e+00 C
 5.402641262076482e-01 6.186142908987736e-01 0.000000000000000e+00 C
 4.918074781290037e-01 6.249937296430407e-01 0.000000000000000e+00 C
 4.445980672398224e-01 6.123440061201355e-01 0.000000000000000e+00 C
 4.058230983936074e-01 5.825909260663913e-01 0.000000000000000e+00 C
 3.813857091012265e-01 5.402641262076482e-01 0.000000000000000e+00 C
 3.750062703569594e-01 4.918074781290034e-01 0.000000000000000e+00 C
 3.876559938798646e-01 4.445980672398225e-01 0.000000000000000e+00 C
 4.174090739336089e-01 4.058230983936074e-01 0.000000000000000e+00 C
 4.597358737923520e-01 3.813857091012265e-01 0.000000000000000e+00 C
 5.081925218709967e-01 3.750062703569594e-01 0.000000000000000e+00 C
 5.554019327601778e-01 3.876559938798647e-01 0.000000000000000e+00 C
 5.941769016063928e-01 4.174090739336089e-01 0.000000000000000e+00 C
 6.186142908987736e-01 4.597358737923520e-01 0.000000000000000e+00 C
 6.249937296430407e-01 5.081925218709967e-01 3.333333333333335e-01 C
 6.123440061201355e-01 5.554019327601777e-01 3.333333333333335e-01 C
 5.825909260663913e-01 5.941769016063928e-01 3.333333333333335e-01 C
 5.402641262076482e-01 6.186142908987736e-01 3.333333333333335e-01 C
 4.918074781290037e-01 6.249937296430407e-01 3.333333333333335e-01 C
 4.445980672398224e-01 6.123440061201355e-01 3.333333333333335e-01 C
 4.058230983936074e-01 5.825909260663913e-01 3.333333333333335e-01 C
 3.813857091012265e-01 5.402641262076482e-01 3.333333333333335e-01 C
 3.750062703569594e-01 4.918074781290034e-01 3.333333333333335e-01 C
 3.876559938798646e-01 4.445980672398225e-01 3.333333333333335e-01 C
 4.174090739336089e-01 4.058230983936074e-01 3.333333333333335e-01 C
 4.597358737923520e-01 3.813857091012265e-01 3.333333333333335e-01 C
 5.081925218709967e-01 3.750062703569594e-01 3.333333333333335e-01 C
 5.554019327601778e-01 3.876559938798647e-01 3.333333333333335e-01 C
 5.941769016063928e-01 4.174090739336089e-01 3.333333333333335e-01 C
 6.186142908987736e-01 4.597358737923520e-01 3.333333333333335e-01 C
 6.209937284466583e-01 5.324201718265128e-01 8.333333333333334e-01 C
 5.993769666416605e-01 5.762546284876310e-01 8.333333333333334e-01 C
 5.626309625199156e-01 6.084800092114360e-01 8.333333333333334e-01 C
 5.163499621056028e-01 6.241902919065321e-01 8.333333333333334e-01 C
 4.675798281734875e-01 6.209937284466583e-01 8.333333333333334e-01 C
 4.237453715123691e-01 5.993769666416605e-01 8.333333333333334e-01 C
 3.915199907885641e-01 5.626309625199157e-01 8.333333333333334e-01 C
 3.758097080934680e-01 5.163499621056028e-01 8.333333333333334e-01 C
 3.790062715533419e-01 4.675798281734875e-01 8.333333333333334e-01 C
 4.006230333583398e-01 4.237453715123693e-01 8.333333333333334e-01 C
 4.373690374800845e-01 3.915199907885641e-01 8.333333333333334e-01 C
 4.836500378943974e-01 3.758097080934680e-01 8.333333333333334e-01 C
 5.324201718265127e-01 3.790062715533419e-01 8.333333333333334e-01 C
 5.762546284876310e-01 4.006230333583398e-01 8.333333333333334e-01 C
 6.084800092114360e-01 4.373690374800845e-01 8.333333333333334e-01 C
 6.241902919065321e-01 4.836500378943974e-01 8.333333333333334e-01 C
 6.209937284466583e-01 5.324201718265128e-01 5.000000000000000e-01 C
 5.993769666416605e-01 5.762546284876310e-01 5.000000000000000e-01 C
 5.626309625199156e-01 6.084800092114360e-01 5.000000000000000e-01 C
 5.163499621056028e-01 6.241902919065321e-01 5.000000000000000e-01 C
 4.675798281734875e-01 6.209937284466583e-01 5.000000000000000e-01 C
 4.237453715123691e-01 5.993769666416605e-01 5.000000000000000e-01 C
 3.915199907885641e-01 5.626309625199157e-01 5.000000000000000e-01 C
 3.758097080934680e-01 5.163499621056028e-01 5.000000000000000e-01 C
 3.790062715533419e-01 4.675798281734875e-01 5.000000000000000e-01 C
 4.006230333583398e-01 4.237453715123693e-01 5.000000000000000e-01 C
 4.373690374800845e-01 3.915199907885641e-01 5.000000000000000e-01 C
 4.836500378943974e-01 3.758097080934680e-01 5.000000000000000e-01 C
 5.324201718265127e-01 3.790062715533419e-01 5.000000000000000e-01 C
 5.762546284876310e-01 4.006230333583398e-01 5.000000000000000e-01 C
 6.084800092114360e-01 4.373690374800845e-01 5.000000000000000e-01 C
 6.241902919065321e-01 4.836500378943974e-01 5.000000000000000e-01 C
 5.624968648215204e-01 5.040962609354984e-01 0.000000000000000e+00 C
 5.412954630331958e-01 5.470884508031965e-01 0.000000000000000e+00 C
 4.959037390645017e-01 5.624968648215204e-01 0.000000000000000e+00 C
 4.529115491968038e-01 5.412954630331958e-01 0.000000000000000e+00 C
 4.375031351784798e-01 4.959037390645017e-01 0.000000000000000e+00 C
 4.587045369668045e-01 4.529115491968038e-01 0.000000000000000e+00 C
 5.040962609354984e-01 4.375031351784798e-01 0.000000000000000e+00 C
 5.470884508031965e-01 4.587045369668045e-01 0.000000000000000e+00 C
 5.624968648215204e-01 5.040962609354984e-01 3.333333333333335e-01 C
 5.412954630331958e-01 5.470884508031965e-01 3.333333333333335e-01 C
 4.959037390645017e-01 5.624968648215204e-01 3.333333333333335e-01 C
 4.529115491968038e-01 5.412954630331958e-01 3.333333333333335e-01 C
 4.375031351784798e-01 4.959037390645017e-01 3.333333333333335e-01 C
 4.587045369668045e-01 4.529115491968038e-01 3.333333333333335e-01 C
 5.040962609354984e-01 4.375031351784798e-01 3.333333333333335e-01 C
 5.470884508031965e-01 4.587045369668045e-01 3.333333333333335e-01 C
 5.561720030600679e-01 5.277009663800890e-01 8.333333333333334e-01 C
 5.201320631038242e-01 5.593071454493869e-01 8.333333333333334e-01 C
 4.722990336199113e-01 5.561720030600679e-01 8.333333333333334e-01 C
 4.406928545506132e-01 5.201320631038242e-01 8.333333333333334e-01 C
 4.438279969399324e-01 4.722990336199114e-01 8.333333333333334e-01 C
 4.798679368961761e-01 4.406928545506132e-01 8.333333333333334e-01 C
 5.277009663800889e-01 4.438279969399324e-01 8.333333333333334e-01 C
 5.593071454493869e-01 4.798679368961761e-01 8.333333333333334e-01 C
 5.561720030600679e-01 5.277009663800890e-01 5.000000000000000e-01 C
 5.201320631038242e-01 5.593071454493869e-01 5.000000000000000e-01 C
 4.722990336199113e-01 5.561720030600679e-01 5.000000000000000e-01 C
 4.406928545506132e-01 5.201320631038242e-01 5.000000000000000e-01 C
 4.438279969399324e-01 4.722990336199114e-01 5.000000000000000e-01 C
 4.798679368961761e-01 4.406928545506132e-01 5.000000000000000e-01 C
 5.277009663800889e-01 4.438279969399324e-01 5.000000000000000e-01 C
 5.593071454493869e-01 4.798679368961761e-01 5.000000000000000e-01 C
