 C
 AIREBO 
 792
 1.024875e+01
 4.878643737041103e+00 0.000000000000000e+00 0.000000000000000e+00
 0.000000000000000e+00 4.878643737041103e+00 0.000000000000000e+00
 0.000000000000000e+00 0.000000000000000e+00 4.156604463959019e-01
 fra
 7.812338660555296e-01 4.900250442253484e-01 7.081993259689830e-02 C
 7.628609105651633e-01 5.353394943305901e-01 6.884522059654168e-02 C
 7.495147291069613e-01 5.823558708000147e-01 6.659433480037880e-02 C
 7.370388493063300e-01 6.296320177493216e-01 6.492296716765115e-02 C
 7.250314220356769e-01 6.770334211796392e-01 6.372859119858278e-02 C
 7.132680799956435e-01 7.245274096673929e-01 6.349046195048111e-02 C
 7.012730064659249e-01 7.720013726512406e-01 6.415826405554903e-02 C
 6.890639247957691e-01 8.194368656897170e-01 6.518751867627326e-02 C
 6.767816418224789e-01 8.668356636498527e-01 6.581259985997669e-02 C
 6.649920331131801e-01 9.143322489542434e-01 6.581710879684496e-02 C
 6.535341326128355e-01 9.618907745188476e-01 6.498029699818256e-02 C
 6.374541709361539e-01 1.008059887213920e+00 6.417554881487798e-02 C
 6.086355606168521e-01 1.047460780562813e+00 6.315532246878704e-02 C
 5.638662970877889e-01 1.066611446644190e+00 6.215512360228901e-02 C
 5.166428847122814e-01 1.054715234339560e+00 6.169016749389367e-02 C
 4.816587674502434e-01 1.020662856756421e+00 6.117798364153344e-02 C
 4.576304311633922e-01 9.780873041824226e-01 6.056350202569549e-02 C
 4.375202165511576e-01 9.335047781690895e-01 5.996288412687174e-02 C
 4.169364164777016e-01 8.891318103079233e-01 6.005686936981588e-02 C
 3.960262171988484e-01 8.448769254501399e-01 6.077042119057764e-02 C
 3.753174166870407e-01 8.005068165131559e-01 6.202725930560532e-02 C
 3.547550860928927e-01 7.560864380906334e-01 6.308298871006938e-02 C
 3.344123578478608e-01 7.116109178617939e-01 6.349738041499466e-02 C
 3.137177991007758e-01 6.673486145369518e-01 6.339941930786580e-02 C
 2.927302460385722e-01 6.232226404347438e-01 6.359225617526668e-02 C
 2.716052070202945e-01 5.791668315620965e-01 6.393893700966251e-02 C
 2.503765349190773e-01 5.351872045106167e-01 6.396671729122202e-02 C
 2.289333883328417e-01 4.913564230115793e-01 6.328575587609137e-02 C
 2.062259071513688e-01 4.482031122922909e-01 6.206699750451892e-02 C
 1.821111114022625e-01 4.057958932950774e-01 6.140778552090043e-02 C
 1.577292446904246e-01 3.634749638047801e-01 6.159082223975321e-02 C
 1.328283388478534e-01 3.213893129887954e-01 6.242979639502883e-02 C
 1.076781812443006e-01 2.794467973847844e-01 6.291646803255987e-02 C
 8.899113182584847e-02 2.343076759852092e-01 6.286261068254395e-02 C
 8.902150298107582e-02 1.855651040170726e-01 6.274073670949082e-02 C
 1.150365083759122e-01 1.444031662334431e-01 6.277353883865187e-02 C
 1.592368730281058e-01 1.238686884675218e-01 6.303209440711570e-02 C
 2.080811676469548e-01 1.234358948054815e-01 6.305043864289561e-02 C
 2.560270434225391e-01 1.330593713537222e-01 6.300756177138617e-02 C
 3.035900607135696e-01 1.444457586244852e-01 6.358593152519611e-02 C
 3.512094739308944e-01 1.555205305777674e-01 6.398433295579314e-02 C
 3.988559746276646e-01 1.662484163914563e-01 6.398222880927767e-02 C
 4.466164521603226e-01 1.761966114368101e-01 6.336199015179768e-02 C
 4.945476182590445e-01 1.853926388342909e-01 6.337292147478915e-02 C
 5.425064345126049e-01 1.943913498354960e-01 6.329760466765648e-02 C
 5.904461146583401e-01 2.032722110281774e-01 6.234954411380068e-02 C
 6.386772387067720e-01 2.101387021726456e-01 6.117886882286856e-02 C
 6.872830410822501e-01 2.142598834554134e-01 6.089424412373134e-02 C
 7.360913560762116e-01 2.138184308647309e-01 6.111584627362911e-02 C
 7.848706479198507e-01 2.107856845395013e-01 6.236707445289459e-02 C
 8.337112233456742e-01 2.084892464738619e-01 6.366817129590974e-02 C
 8.816276190168741e-01 2.178492438663678e-01 6.478188810906542e-02 C
 9.186247986884902e-01 2.495006935293305e-01 6.562107026127416e-02 C
 9.274064059580497e-01 2.973531975005496e-01 6.705824764334783e-02 C
 9.080320923707301e-01 3.421186515390453e-01 6.863805605934614e-02 C
 8.751180422972771e-01 3.782688304840566e-01 7.005280650388314e-02 C
 8.396804091926118e-01 4.120063407819007e-01 7.134642126402725e-02 C
 8.071168479889891e-01 4.485307425029855e-01 7.164164157857345e-02 C
 7.813033339043377e-01 4.900271021489465e-01 4.034807687819117e-01 C
 7.629172101772290e-01 5.353116246053161e-01 4.014385226497347e-01 C
 7.495015379722068e-01 5.823302493019010e-01 3.992353569237367e-01 C
 7.370303612936312e-01 6.296100002834998e-01 3.975459073821604e-01 C
 7.249868861873993e-01 6.770189976117743e-01 3.964101400775094e-01 C
 7.132121105439362e-01 7.245321000551551e-01 3.962722652854572e-01 C
 7.012412397219825e-01 7.720259805643425e-01 3.969992335544736e-01 C
 6.891191773022284e-01 8.194832493505034e-01 3.980042898959176e-01 C
 6.768565984720694e-01 8.668782971553366e-01 3.985730271758445e-01 C
 6.649630113264968e-01 9.143200796781465e-01 3.984105820156040e-01 C
 6.535240013380738e-01 9.618688665174728e-01 3.975772475107776e-01 C
 6.374444624523949e-01 1.008032943090244e+00 3.967876891490476e-01 C
 6.086458002440931e-01 1.047448795266493e+00 3.962459402979810e-01 C
 5.638802308326868e-01 1.066610533257143e+00 3.957517055115839e-01 C
 5.166547840456387e-01 1.054725545390461e+00 3.947462185037859e-01 C
 4.816560586607030e-01 1.020688110725188e+00 3.937861778927260e-01 C
 4.576313168615038e-01 9.781025967029795e-01 3.931648780992558e-01 C
 4.374793189702161e-01 9.335283942624203e-01 3.925577085750542e-01 C
 4.169193328651358e-01 8.891195675989116e-01 3.927988336363645e-01 C
 3.960537177556790e-01 8.448339614673817e-01 3.935497932827036e-01 C
 3.752673307370840e-01 8.004944263547170e-01 3.948172012015854e-01 C
 3.547120483959825e-01 7.560804674475399e-01 3.957799820346711e-01 C
 3.343769677704141e-01 7.116173050370882e-01 3.960670915391794e-01 C
 3.137510942877832e-01 6.673203355529908e-01 3.959347448872447e-01 C
 2.926959574497819e-01 6.232223955899154e-01 3.961347335786151e-01 C
 2.715722603931886e-01 5.791695547186001e-01 3.964444936917434e-01 C
 2.503221587363240e-01 5.352113905262493e-01 3.963785401250137e-01 C
 2.288541371667537e-01 4.914060390504129e-01 3.956069764944477e-01 C
 2.062558996081221e-01 4.481975587757914e-01 3.943836905454041e-01 C
 1.821996436967526e-01 4.057264541381045e-01 3.938772383310863e-01 C
 1.578241879965906e-01 3.633849153120157e-01 3.941783591801352e-01 C
 1.328006393498115e-01 3.213829367141177e-01 3.950201889441102e-01 C
 1.076461915855560e-01 2.794552501150233e-01 3.954889316659940e-01 C
 8.895069614172528e-02 2.343126958422828e-01 3.955686285498810e-01 C
 8.901242171754219e-02 1.855654486268805e-01 3.958878987407530e-01 C
 1.150370249110740e-01 1.444085013872815e-01 3.959571813886662e-01 C
 1.592455060397553e-01 1.239008650696616e-01 3.957890434385209e-01 C
 2.080845888832449e-01 1.234462940865434e-01 3.956533554062437e-01 C
 2.560466678816489e-01 1.330388121081234e-01 3.956020087765132e-01 C
 3.036457272046052e-01 1.443410239790255e-01 3.962606053990290e-01 C
 3.512010425763069e-01 1.555824212453136e-01 3.964891459144981e-01 C
 3.988625087589741e-01 1.662223067897144e-01 3.963907104067420e-01 C
 4.466057461289567e-01 1.762774736926707e-01 3.957312721661595e-01 C
 4.945715943245557e-01 1.853265214254610e-01 3.957860731844948e-01 C
 5.425152892605393e-01 1.943313541088105e-01 3.956233229095638e-01 C
 5.904213698151345e-01 2.032356411124812e-01 3.945108385664465e-01 C
 6.386672115961359e-01 2.102749867456664e-01 3.935357687166075e-01 C
 6.872860683736480e-01 2.142943080949958e-01 3.932702713165325e-01 C
 7.361214297769471e-01 2.139209066975302e-01 3.936466510854394e-01 C
 7.849023506453139e-01 2.108099191015565e-01 3.948858063313796e-01 C
 8.337421842266665e-01 2.085093184497228e-01 3.962225666275165e-01 C
 8.816517464565509e-01 2.178644620765272e-01 3.977711614401131e-01 C
 9.186373391677576e-01 2.495222902648457e-01 3.993673031386215e-01 C
 9.274054456836832e-01 2.973802283605468e-01 4.003351048984600e-01 C
 9.080549977035228e-01 3.421614119599155e-01 4.012563351391898e-01 C
 8.751157722453475e-01 3.783020321184521e-01 4.026756113069594e-01 C
 8.396713773848216e-01 4.120225464357660e-01 4.040044860573238e-01 C
 8.070974237151609e-01 4.485093207234278e-01 4.043123351080868e-01 C
 7.713136759071607e-01 5.123539259695136e-01 9.025939196342307e-01 C
 7.558271945868712e-01 5.587087532927393e-01 9.002438792360929e-01 C
 7.432651612892562e-01 6.059660673061655e-01 8.983426570111013e-01 C
 7.309163505794388e-01 6.532844727570941e-01 8.968746838153266e-01 C
 7.191267676135190e-01 7.007764611327625e-01 8.962095890282641e-01 C
 7.072500876493403e-01 7.482806898258880e-01 8.965550513508971e-01 C
 6.952085080891458e-01 7.957620419278252e-01 8.975230288501664e-01 C
 6.829195781041969e-01 8.431603883828025e-01 8.983378792176713e-01 C
 6.707888599910133e-01 8.905698399290656e-01 8.985920652849634e-01 C
 6.594374622680867e-01 9.381373038863927e-01 8.980855471889043e-01 C
 6.465600934839453e-01 9.853218716948341e-01 8.971472262627397e-01 C
 6.251317282249925e-01 1.029230982655420e+00 8.964749797212519e-01 C
 5.878230550891382e-01 1.060614709915229e+00 8.960453120812991e-01 C
 5.392999179243879e-01 1.064412602484502e+00 8.952971630036539e-01 C
 4.974111528544068e-01 1.039458496267912e+00 8.942210255615001e-01 C
 4.687342511583875e-01 9.998939502166810e-01 8.934276112014172e-01 C
 4.474711979761665e-01 9.558515792758749e-01 8.928197023781127e-01 C
 4.273467113334175e-01 9.112582108842535e-01 8.925877249961445e-01 C
 4.064892041976469e-01 8.669748408229649e-01 8.931062518486985e-01 C
 3.856245105290576e-01 8.226751431936912e-01 8.941645014490415e-01 C
 3.649581794617170e-01 7.782930503753603e-01 8.953715653596407e-01 C
 3.445016944788264e-01 7.338589688713123e-01 8.960267623193503e-01 C
 3.241293985296380e-01 6.894381518038004e-01 8.959885296480382e-01 C
 3.032499795881791e-01 6.452578637972656e-01 8.959988268559661e-01 C
 2.821493961532107e-01 6.011829417041900e-01 8.962975433805948e-01 C
 2.609393728523592e-01 5.571848208915543e-01 8.965015671832099e-01 C
 2.396781319566369e-01 5.132607571549548e-01 8.960721889320380e-01 C
 2.178471943743138e-01 4.696579603963411e-01 8.949652609738137e-01 C
 1.942866717796508e-01 4.269412095870482e-01 8.939951756568426e-01 C
 1.700228992364720e-01 3.845653505820044e-01 8.939473584580810e-01 C
 1.454213729018474e-01 3.423230982978749e-01 8.945939859930926e-01 C
 1.200235964045758e-01 3.005429719030060e-01 8.953274226860846e-01 C
 9.681558643792473e-02 2.575202805859149e-01 8.955068548424469e-01 C
 8.590177096935751e-02 2.099552075953671e-01 8.957459096720600e-01 C
 9.891585103414044e-02 1.630177261610750e-01 8.959663010937667e-01 C
 1.358047323150287e-01 1.312145513714988e-01 8.958866033204407e-01 C
 1.836585771019862e-01 1.217308234873458e-01 8.956971132470385e-01 C
 2.321875154131734e-01 1.276226927582002e-01 8.955791861572205e-01 C
 2.798057592746275e-01 1.388278785986405e-01 8.958737896539547e-01 C
 3.274244052248467e-01 1.499829741690980e-01 8.964507252104801e-01 C
 3.750706486682769e-01 1.607973079165864e-01 8.965646799454167e-01 C
 4.226919779865839e-01 1.714278572404147e-01 8.960184979821700e-01 C
 4.705791614380725e-01 1.808513377098629e-01 8.956996507990258e-01 C
 5.185503451342387e-01 1.898354251286834e-01 8.957896461725485e-01 C
 5.664698425909989e-01 1.988481776960968e-01 8.952161386675470e-01 C
 6.144988397786753e-01 2.070204949289392e-01 8.938631881288627e-01 C
 6.629255209114437e-01 2.128181169781774e-01 8.933778991008976e-01 C
 7.116982142072583e-01 2.145280848801396e-01 8.933115364487964e-01 C
 7.605254301513984e-01 2.126148894897487e-01 8.942148824631569e-01 C
 8.092823849638152e-01 2.090034559961317e-01 8.955595169712495e-01 C
 8.581192279763998e-01 2.108724018795638e-01 8.969912850011477e-01 C
 9.026659225612993e-01 2.306916444968852e-01 8.986131709740088e-01 C
 9.271752642721234e-01 2.727085023372782e-01 8.999247895585010e-01 C
 9.203393055855803e-01 3.209367026252040e-01 9.007429060967910e-01 C
 8.924063313449925e-01 3.609997221047127e-01 9.019161174924278e-01 C
 8.572604238457380e-01 3.950273331805718e-01 9.033808789418820e-01 C
 8.228792447823269e-01 4.298040892368483e-01 9.043465418230726e-01 C
 7.932011792624322e-01 4.686525413828716e-01 9.040389755759092e-01 C
 7.712233776497881e-01 5.123507967370456e-01 5.699458913392592e-01 C
 7.558395074337679e-01 5.587523952682451e-01 5.676541035763802e-01 C
 7.432659575412921e-01 6.059937466162958e-01 5.657133460942249e-01 C
 7.309375174189858e-01 6.533089203998007e-01 5.642417616684245e-01 C
 7.191749255742139e-01 7.007824845316610e-01 5.634743316599350e-01 C
 7.072719047984044e-01 7.482632869682434e-01 5.637426159980572e-01 C
 6.951990679699116e-01 7.957297576043715e-01 5.646806334835527e-01 C
 6.829255058471189e-01 8.431445890289990e-01 5.655596526322553e-01 C
 6.707570549507933e-01 8.905608654909922e-01 5.659185394822313e-01 C
 6.593869571202563e-01 9.381422983555137e-01 5.654526090593698e-01 C
 6.465377438163373e-01 9.853259537806722e-01 5.646045488065885e-01 C
 6.251164161893294e-01 1.029238925446683e+00 5.637040908357085e-01 C
 5.878089549760365e-01 1.060621024991544e+00 5.625982703057982e-01 C
 5.392853238959643e-01 1.064408994445956e+00 5.618787977551563e-01 C
 4.973962178657815e-01 1.039454057234893e+00 5.614728451300391e-01 C
 4.687218328826516e-01 9.998930387875281e-01 5.608835429533748e-01 C
 4.474268613998227e-01 9.558611517647838e-01 5.601868437833381e-01 C
 4.272691327606521e-01 9.113088486008039e-01 5.598957334760583e-01 C
 4.064573525565451e-01 8.670214838847429e-01 5.603438732478064e-01 C
 3.856195693390991e-01 8.227237582631557e-01 5.613476787287197e-01 C
 3.650199663391264e-01 7.783017181364262e-01 5.626235609053738e-01 C
 3.445774806523435e-01 7.338470204277173e-01 5.633814270130494e-01 C
 3.241634925214278e-01 6.894289872613321e-01 5.634630401602194e-01 C
 3.032425224984115e-01 6.452789726023489e-01 5.634470009640263e-01 C
 2.821485765865613e-01 6.012067238569198e-01 5.637622635281985e-01 C
 2.610035967190031e-01 5.571680074230814e-01 5.640298226674527e-01 C
 2.396923220770198e-01 5.132484326830093e-01 5.637036098192966e-01 C
 2.178002813455035e-01 4.696571336203637e-01 5.626909181159282e-01 C
 1.942365181636694e-01 4.269634033284283e-01 5.616064479241063e-01 C
 1.700654658908332e-01 3.845466857424863e-01 5.614572675411520e-01 C
 1.454310754428839e-01 3.423434557533939e-01 5.619726221224274e-01 C
 1.200181613491953e-01 3.005602506038020e-01 5.627685042229207e-01 C
 9.678440825248230e-02 2.575324913319855e-01 5.629093417392425e-01 C
 8.588269617970770e-02 2.099602459477959e-01 5.628056719254392e-01 C
 9.891278902006219e-02 1.630222604427813e-01 5.627144030606214e-01 C
 1.358053467814368e-01 1.312260608573833e-01 5.628976740631391e-01 C
 1.836620149741599e-01 1.217465999979560e-01 5.630866687060279e-01 C
 2.321982022163752e-01 1.275942226278075e-01 5.629590149509118e-01 C
 2.798106678751682e-01 1.387623508492984e-01 5.632339371596703e-01 C
 3.273958134436429e-01 1.500365812709025e-01 5.638758991600524e-01 C
 3.750213968057705e-01 1.609401805919072e-01 5.640525075376897e-01 C
 4.226927939730544e-01 1.714759067340003e-01 5.636939610396606e-01 C
 4.705773150191666e-01 1.807891316329904e-01 5.632720051398022e-01 C
 5.185326303987809e-01 1.898753303389898e-01 5.634210796569227e-01 C
 5.664565396663880e-01 1.989379215652319e-01 5.629542552004372e-01 C
 6.145207791138468e-01 2.069276726392101e-01 5.616165304886039e-01 C
 6.629253395499666e-01 2.128663962203798e-01 5.610275231333087e-01 C
 7.116868450523106e-01 2.144609093492928e-01 5.608626987658942e-01 C
 7.605022877151221e-01 2.126637582856616e-01 5.616728552100884e-01 C
 8.092571236122964e-01 2.090262877995530e-01 5.629990987125405e-01 C
 8.580912389763947e-01 2.108828840952867e-01 5.642994441046472e-01 C
 9.026479679814219e-01 2.306785527807441e-01 5.651763966577972e-01 C
 9.271721067630146e-01 2.726873721857958e-01 5.662531681037567e-01 C
 9.203649783575369e-01 3.209199827279782e-01 5.678894152682878e-01 C
 8.924505031907098e-01 3.609961235007250e-01 5.693210208473649e-01 C
 8.572853817453737e-01 3.950123957801361e-01 5.707351607323126e-01 C
 8.227737240907276e-01 4.297123684903024e-01 5.716273654831691e-01 C
 7.931397191446842e-01 4.686328151517642e-01 5.713843727469163e-01 C
 7.383929825583802e-01 4.911606764759298e-01 -1.930881576352130e-01 C
 7.228263186386823e-01 5.375342222406870e-01 -1.924761893458491e-01 C
 7.101909327800945e-01 5.848193828846120e-01 -1.916124022197907e-01 C
 6.977035358694337e-01 6.321827002083674e-01 -1.908162955636647e-01 C
 6.857771079236702e-01 6.796749308505130e-01 -1.906212454150802e-01 C
 6.740441957404727e-01 7.272392340284831e-01 -1.901669168024250e-01 C
 6.619837635282636e-01 7.747596453463896e-01 -1.893632678189155e-01 C
 6.496305540632420e-01 8.222494628396440e-01 -1.881683376290285e-01 C
 6.374227338855071e-01 8.697705686466229e-01 -1.875680624895298e-01 C
 6.208024615682647e-01 9.159064756576936e-01 -1.873002251853988e-01 C
 5.890150770273795e-01 9.530827605090773e-01 -1.876469849678970e-01 C
 5.417782237932397e-01 9.651889510405618e-01 -1.880721835392985e-01 C
 4.972980731351116e-01 9.450080628700802e-01 -1.879221179766642e-01 C
 4.671731875799256e-01 9.063917768111702e-01 -1.878607979928629e-01 C
 4.456102864783309e-01 8.623045803725317e-01 -1.879453095352926e-01 C
 4.246880912732761e-01 8.178965387595233e-01 -1.896999435193281e-01 C
 4.039483306710767e-01 7.734264345461614e-01 -1.922484268863592e-01 C
 3.834437288127571e-01 7.288914145453361e-01 -1.936655079559678e-01 C
 3.630650771017752e-01 6.843308146836534e-01 -1.931760284269719e-01 C
 3.421813382255559e-01 6.399941705274174e-01 -1.922175530027879e-01 C
 3.210563059820726e-01 5.957563648267988e-01 -1.919755436675150e-01 C
 2.998121724758983e-01 5.515661692102809e-01 -1.920501668857217e-01 C
 2.785394189015628e-01 5.074038220948670e-01 -1.910646077527839e-01 C
 2.567084244560796e-01 4.634668334042085e-01 -1.891948240578150e-01 C
 2.337402970755726e-01 4.200887198787669e-01 -1.871733396066757e-01 C
 2.094429066292072e-01 3.773776029123995e-01 -1.864975707548717e-01 C
 1.847107141077499e-01 3.349452796411712e-01 -1.873354080596890e-01 C
 1.614963351621937e-01 2.917288122237485e-01 -1.881304032552271e-01 C
 1.516088072572790e-01 2.438356277060997e-01 -1.894034821333262e-01 C
 1.689909784488087e-01 1.982732290887790e-01 -1.907709373504914e-01 C
 2.110648136361364e-01 1.735850606743568e-01 -1.915236724115186e-01 C
 2.600071202282339e-01 1.732843755538199e-01 -1.921996521571627e-01 C
 3.078780859979545e-01 1.840349064159580e-01 -1.929799120511539e-01 C
 3.557637512939175e-01 1.949577911803949e-01 -1.941362927390277e-01 C
 4.036275255726722e-01 2.057592673591884e-01 -1.931977566837919e-01 C
 4.517644355514661e-01 2.153480778627230e-01 -1.920392379285708e-01 C
 5.000159157443813e-01 2.244757946975010e-01 -1.921398924661549e-01 C
 5.482368298476309e-01 2.336723838314983e-01 -1.912871082774234e-01 C
 5.965760820841788e-01 2.421834485491479e-01 -1.882251197462133e-01 C
 6.452639017187841e-01 2.489860894690697e-01 -1.859314024772653e-01 C
 6.942399019997463e-01 2.529460143673813e-01 -1.853403310738876e-01 C
 7.433431765029812e-01 2.523655556231071e-01 -1.853775812822382e-01 C
 7.922599450122556e-01 2.558141968839521e-01 -1.869290975626900e-01 C
 8.339288730117776e-01 2.811950821554717e-01 -1.892909219034632e-01 C
 8.449084550209424e-01 3.285882847711651e-01 -1.903714771113264e-01 C
 8.230699440129500e-01 3.723619937977685e-01 -1.916111288414996e-01 C
 7.900292263531959e-01 4.085687607515184e-01 -1.933778602450597e-01 C
 7.603333471181344e-01 4.474421576388895e-01 -1.937273287870508e-01 C
 7.385339040271144e-01 4.912417778075955e-01 1.396804700956103e-01 C
 7.229137587736896e-01 5.375881055418572e-01 1.402974957908432e-01 C
 7.101088031750526e-01 5.848516251462132e-01 1.413430037289264e-01 C
 6.976684947600228e-01 6.322010720114413e-01 1.420353737278087e-01 C
 6.856885101028214e-01 6.796811765150215e-01 1.422873576844338e-01 C
 6.739422529232223e-01 7.272530119487072e-01 1.428472145776398e-01 C
 6.619543555260921e-01 7.748017596009814e-01 1.437654378177295e-01 C
 6.497502595897934e-01 8.223146698719412e-01 1.449140448656035e-01 C
 6.374743496575506e-01 8.698077749818004e-01 1.454960365983101e-01 C
 6.208403061027292e-01 9.159343156256405e-01 1.456999251746809e-01 C
 5.890225928432227e-01 9.530692083098951e-01 1.459271892819183e-01 C
 5.417853299873104e-01 9.651803901767519e-01 1.458711708964390e-01 C
 4.973131132068205e-01 9.449899759273014e-01 1.452614547064393e-01 C
 4.671840984773988e-01 9.063774745031042e-01 1.451400363990242e-01 C
 4.456796156597594e-01 8.622789333367508e-01 1.450974422149753e-01 C
 4.247336872303925e-01 8.179342343541598e-01 1.435054258623984e-01 C
 4.040022293601191e-01 7.734514583922960e-01 1.408861733197196e-01 C
 3.834921312703791e-01 7.288843559965339e-01 1.394306374075254e-01 C
 3.630833872260176e-01 6.843009231141369e-01 1.397787727113160e-01 C
 3.421470604906465e-01 6.399988775486476e-01 1.408116145642781e-01 C
 3.210506761287472e-01 5.957589624796582e-01 1.410533935884129e-01 C
 2.998060965722167e-01 5.515718266912494e-01 1.410726722368387e-01 C
 2.784668389557872e-01 5.074042010173119e-01 1.420198593870503e-01 C
 2.567193152686099e-01 4.634155471432449e-01 1.439355761207801e-01 C
 2.337283424117273e-01 4.200575023512468e-01 1.460184180888720e-01 C
 2.093618637886001e-01 3.774438346386365e-01 1.469050933026478e-01 C
 1.847859637309152e-01 3.349090361434099e-01 1.457970574216327e-01 C
 1.614588876232492e-01 2.917528751414898e-01 1.448161021502118e-01 C
 1.515673391568815e-01 2.438541796563017e-01 1.439871590204670e-01 C
 1.689620242090611e-01 1.982820276666309e-01 1.430742136736744e-01 C
 2.110406055435755e-01 1.735972664689108e-01 1.417612149339174e-01 C
 2.599765480694520e-01 1.733528380564697e-01 1.407274623408701e-01 C
 3.078658861149138e-01 1.840231795703630e-01 1.401516338980230e-01 C
 3.557117355625288e-01 1.950799399987874e-01 1.392546982730938e-01 C
 4.036528881580195e-01 2.057695399705923e-01 1.399018415230671e-01 C
 4.517829701909469e-01 2.152983365705696e-01 1.412080606128775e-01 C
 5.000179165579485e-01 2.244581792992435e-01 1.411440786771972e-01 C
 5.482622798657847e-01 2.337401190329257e-01 1.419999062390318e-01 C
 5.966344652327530e-01 2.421692621129655e-01 1.449447512064864e-01 C
 6.452861374131302e-01 2.488880026574343e-01 1.475748605377838e-01 C
 6.942473105129442e-01 2.529432622786466e-01 1.478284723730382e-01 C
 7.433273645041443e-01 2.524565597741565e-01 1.476208401569914e-01 C
 7.922331073632166e-01 2.558255738796827e-01 1.462578619986279e-01 C
 8.339201350061096e-01 2.811759355971190e-01 1.454268659093378e-01 C
 8.449206439523885e-01 3.285601585193387e-01 1.436505161414723e-01 C
 8.230728594579403e-01 3.723174408329170e-01 1.412561165129925e-01 C
 7.901158273614970e-01 4.086129970187869e-01 1.395165779083120e-01 C
 7.602627232771091e-01 4.474130074762712e-01 1.390121298432716e-01 C
 7.299755095459404e-01 5.141634530273979e-01 6.399596587319516e-01 C
 7.164044579927713e-01 5.611911219310244e-01 6.407580086404452e-01 C
 7.038780277732364e-01 6.085247617795908e-01 6.417775730853200e-01 C
 6.915800573370362e-01 6.559113262064354e-01 6.421542962865877e-01 C
 6.798408629978431e-01 7.034707181690295e-01 6.425112417242912e-01 C
 6.679480202496016e-01 7.510187334093635e-01 6.432383636405037e-01 C
 6.558828379600966e-01 7.985709160455687e-01 6.443757630625115e-01 C
 6.435618714205302e-01 8.460419750566984e-01 6.452231952933072e-01 C
 6.303735331893998e-01 8.932952570163472e-01 6.456081795239913e-01 C
 6.072679569986472e-01 9.364660479405863e-01 6.458137532218350e-01 C
 5.664978858541045e-01 9.633355669610841e-01 6.460089183082905e-01 C
 5.179722465228264e-01 9.584814618810927e-01 6.455291467763489e-01 C
 4.805064976375351e-01 9.270197344885330e-01 6.451260460197720e-01 C
 4.560518062595196e-01 8.845048058639157e-01 6.452661355767237e-01 C
 4.351789220303592e-01 8.401265627587577e-01 6.445771807580711e-01 C
 4.143109183516351e-01 7.957204680914481e-01 6.421984513374340e-01 C
 3.936944150788814e-01 7.511908557847879e-01 6.399418849521448e-01 C
 3.733102771134117e-01 7.065763206559693e-01 6.394164510533656e-01 C
 3.526565664147202e-01 6.621305164935838e-01 6.403271886588695e-01 C
 3.316168967125684e-01 6.178734324981039e-01 6.410108128688790e-01 C
 3.104104014296887e-01 5.736795306792024e-01 6.410971974418882e-01 C
 2.892230997704482e-01 5.294422095814064e-01 6.413222236793341e-01 C
 2.676105709518710e-01 4.854107569554074e-01 6.429642892982139e-01 C
 2.454482844312150e-01 4.416158597970767e-01 6.450034434382058e-01 C
 2.216076820093844e-01 3.987171259013633e-01 6.467618553560971e-01 C
 1.972216873927960e-01 3.560840552493442e-01 6.463023371817743e-01 C
 1.724416211528284e-01 3.137090400354011e-01 6.452728906322410e-01 C
 1.538424219112108e-01 2.683930815885546e-01 6.443788842854796e-01 C
 1.564800891441374e-01 2.196380609026922e-01 6.435605122982179e-01 C
 1.880362041939999e-01 1.825278001254117e-01 6.423887777255093e-01 C
 2.355351939660267e-01 1.710727251138995e-01 6.411503238162569e-01 C
 2.840373842572534e-01 1.781936871561490e-01 6.404646641067928e-01 C
 3.317717207685792e-01 1.896157076301968e-01 6.397023877872916e-01 C
 3.796913790788350e-01 2.004575634577476e-01 6.393176601217913e-01 C
 4.276893733507641e-01 2.106854739911226e-01 6.406011630629237e-01 C
 4.758939615973171e-01 2.198697388655111e-01 6.412993561472453e-01 C
 5.241436008834653e-01 2.290606142573454e-01 6.413095095057717e-01 C
 5.724195108987271e-01 2.381753882560371e-01 6.433276761146761e-01 C
 6.209346104927804e-01 2.457356056105015e-01 6.466056761178739e-01 C
 6.697215212767276e-01 2.515862151550421e-01 6.476599628354613e-01 C
 7.188034236033324e-01 2.531116963616236e-01 6.479749334198110e-01 C
 7.678640332758223e-01 2.524848040150696e-01 6.469283088571245e-01 C
 8.152133256195169e-01 2.648409463271242e-01 6.457409472193348e-01 C
 8.444743784477280e-01 3.037229058787015e-01 6.447632536276865e-01 C
 8.367222875433223e-01 3.518661054921616e-01 6.423591773085151e-01 C
 8.069013820495298e-01 3.907402428631344e-01 6.402743021990661e-01 C
 7.742699739369785e-01 4.272976157157803e-01 6.390499281577671e-01 C
 7.487364795626618e-01 4.690211806677037e-01 6.393718535509065e-01 C
 7.299556699340891e-01 5.141247697484795e-01 3.072200090701898e-01 C
 7.164750111488919e-01 5.611537066012752e-01 3.078507544165827e-01 C
 7.039107480555875e-01 6.084922417015290e-01 3.088767285444309e-01 C
 6.916507354450994e-01 6.559065810069568e-01 3.093019143211294e-01 C
 6.800147050593208e-01 7.034749019833696e-01 3.095286964264443e-01 C
 6.680276812105461e-01 7.510001289958544e-01 3.101918956217096e-01 C
 6.558725150662604e-01 7.985131244030192e-01 3.112019927227122e-01 C
 6.435398667195250e-01 8.460089380870859e-01 3.121755897314464e-01 C
 6.304148764502550e-01 8.932988785224391e-01 3.126187327324636e-01 C
 6.072793869874733e-01 9.364681755024568e-01 3.125954139219962e-01 C
 5.664969316611141e-01 9.633283609194794e-01 3.120320494063533e-01 C
 5.179736013415487e-01 9.584603030110155e-01 3.120253398476202e-01 C
 4.805342086569961e-01 9.269965353914388e-01 3.121329599783697e-01 C
 4.560542282099920e-01 8.845117422089633e-01 3.121816871912974e-01 C
 4.352295954983382e-01 8.400646597959455e-01 3.114535933460055e-01 C
 4.142935721105628e-01 7.956666957612009e-01 3.089944543710853e-01 C
 3.936753457097196e-01 7.511634519488875e-01 3.068369662260234e-01 C
 3.733138524764098e-01 7.065828068540547e-01 3.064034973326176e-01 C
 3.526880607740211e-01 6.621353246426078e-01 3.073724271633783e-01 C
 3.316163802964288e-01 6.178736278626222e-01 3.079578285137438e-01 C
 3.104641373185011e-01 5.736496611985239e-01 3.080159251821355e-01 C
 2.891872395377567e-01 5.294801421048455e-01 3.082433014119950e-01 C
 2.677143472813748e-01 4.853946614135068e-01 3.097690406579989e-01 C
 2.454805327199932e-01 4.416476808748275e-01 3.118783534049661e-01 C
 2.216360220154023e-01 3.987204477022058e-01 3.134480642167840e-01 C
 1.971552406434240e-01 3.561060315821478e-01 3.130807523610493e-01 C
 1.724015027839219e-01 3.137084645270824e-01 3.122593971397302e-01 C
 1.537852653005985e-01 2.683794241452771e-01 3.113058976235467e-01 C
 1.564617102038410e-01 2.196126144812462e-01 3.098411188698198e-01 C
 1.880374529956629e-01 1.824991018183004e-01 3.087870676404346e-01 C
 2.355401239545453e-01 1.711027318221643e-01 3.081799542633802e-01 C
 2.840008043298963e-01 1.783475336926895e-01 3.073937944073982e-01 C
 3.317664154417638e-01 1.896915312670202e-01 3.065060865383981e-01 C
 3.796699437721895e-01 2.004591321127525e-01 3.060801623320440e-01 C
 4.276614608795799e-01 2.106956115591047e-01 3.075128534930643e-01 C
 4.758972391954756e-01 2.198965414738394e-01 3.079738376674415e-01 C
 5.241335477658231e-01 2.290590795705275e-01 3.079845019138548e-01 C
 5.723497351998185e-01 2.381890822039159e-01 3.101967147194621e-01 C
 6.208771059945069e-01 2.457554250763706e-01 3.131985480054451e-01 C
 6.697134305170321e-01 2.514987136447431e-01 3.144091820762631e-01 C
 7.187969997224372e-01 2.530218277210936e-01 3.148219718024471e-01 C
 7.678930257080643e-01 2.525352469215371e-01 3.139977123325765e-01 C
 8.152479719398328e-01 2.648497185460814e-01 3.118475554543477e-01 C
 8.444819399175323e-01 3.037470097534721e-01 3.099804523285129e-01 C
 8.366859957027276e-01 3.518922090454892e-01 3.091410850853589e-01 C
 8.068226482284876e-01 3.907367217030896e-01 3.074273568999606e-01 C
 7.742347121361894e-01 4.272931087848868e-01 3.062995124894243e-01 C
 7.484134378437547e-01 4.688207071501908e-01 3.065671410142570e-01 C
 6.901031262106322e-01 5.159077148912304e-01 5.476466129025785e-02 C
 6.772038947499264e-01 5.632637795246398e-01 5.758292541255394e-02 C
 6.646673012359112e-01 6.107140409702266e-01 5.979392185116498e-02 C
 6.524079087262774e-01 6.581998024386525e-01 6.143844689447561e-02 C
 6.408147380349394e-01 7.058925033410249e-01 6.235349445448213e-02 C
 6.288115907786537e-01 7.535009120470005e-01 6.278764594989171e-02 C
 6.166118976944968e-01 8.010314623718755e-01 6.316452252738226e-02 C
 5.976354802954762e-01 8.462373138189943e-01 6.323453422515418e-02 C
 5.583447670616364e-01 8.751995105428723e-01 6.276812097750938e-02 C
 5.099464603164424e-01 8.692186761337529e-01 6.309227905566671e-02 C
 4.753347640120575e-01 8.346428473337482e-01 6.351172679670553e-02 C
 4.532863985413065e-01 7.907747606812670e-01 6.331753827837945e-02 C
 4.326045122044762e-01 7.462674656319072e-01 6.315258133630655e-02 C
 4.122080828718433e-01 7.015860665225554e-01 6.305047738259387e-02 C
 3.916285229328649e-01 6.570361223046430e-01 6.225343753682619e-02 C
 3.705909026865455e-01 6.127075691213901e-01 6.147693657215562e-02 C
 3.494374942793327e-01 5.684269204476408e-01 6.070642305811099e-02 C
 3.281211683097404e-01 5.241821085068452e-01 5.988507288717803e-02 C
 3.066614867295524e-01 4.799312813333565e-01 5.898466535293282e-02 C
 2.847651461176036e-01 4.358593321014705e-01 5.772493693625976e-02 C
 2.616282228127332e-01 3.924282698409330e-01 5.671905231143246e-02 C
 2.371932572905757e-01 3.497848485412181e-01 5.629305486624052e-02 C
 2.184065273611273e-01 3.045282608069622e-01 5.689847182803270e-02 C
 2.253172325982823e-01 2.562368192499709e-01 5.726537339896946e-02 C
 2.635703011753486e-01 2.260217425752017e-01 5.859062034549743e-02 C
 3.124729794607810e-01 2.240893270964118e-01 5.991159504772465e-02 C
 3.604596784906707e-01 2.346867016219709e-01 5.982352840393192e-02 C
 4.085284980835547e-01 2.450528778396974e-01 5.905868770451330e-02 C
 4.568115569460564e-01 2.543389337283244e-01 5.827591202917894e-02 C
 5.050791311441201e-01 2.634817848881005e-01 5.703533983746956e-02 C
 5.533292479170682e-01 2.727291230524807e-01 5.534240882836789e-02 C
 6.017239405970427e-01 2.810596537956456e-01 5.293962973474840e-02 C
 6.503279622226642e-01 2.876923549818721e-01 5.086905885097932e-02 C
 6.979208842290938e-01 2.989704727185790e-01 5.023162544904634e-02 C
 7.345365697254621e-01 3.311331758466083e-01 4.972463318570659e-02 C
 7.431001512075257e-01 3.791394950078733e-01 4.997387974474043e-02 C
 7.275851972049645e-01 4.255574363495164e-01 4.999158696949280e-02 C
 7.058591348059305e-01 4.694503794265849e-01 5.123344434037509e-02 C
 6.900516117425100e-01 5.159650197856910e-01 3.876656664974168e-01 C
 6.771663361536381e-01 5.633077916040813e-01 3.906592783991141e-01 C
 6.646208116115393e-01 6.107540338729970e-01 3.926361314668297e-01 C
 6.523848749066454e-01 6.582279989533044e-01 3.944114041998008e-01 C
 6.407718091676812e-01 7.058918209523610e-01 3.955231150141381e-01 C
 6.287816074911187e-01 7.535193754525634e-01 3.957218572114642e-01 C
 6.166201853312826e-01 8.010658953381944e-01 3.962527662067705e-01 C
 5.976409828556503e-01 8.462500336168179e-01 3.966550215957775e-01 C
 5.583426847654428e-01 8.751991205730718e-01 3.972328969776416e-01 C
 5.099447892147616e-01 8.692202749128281e-01 3.969882871923954e-01 C
 4.753504335977818e-01 8.346333716568551e-01 3.965684012265208e-01 C
 4.532875324895915e-01 7.907920883559069e-01 3.963837687425033e-01 C
 4.326325602802774e-01 7.462759777950402e-01 3.962597794569868e-01 C
 4.122535108773170e-01 7.015919074931121e-01 3.961430331972398e-01 C
 3.916506886625017e-01 6.570581775238190e-01 3.952072726994074e-01 C
 3.705941214191810e-01 6.127449572497544e-01 3.943784721041321e-01 C
 3.494443826684882e-01 5.684491030867247e-01 3.937035988349534e-01 C
 3.281691466312029e-01 5.241979840175226e-01 3.929910079848891e-01 C
 3.067106360193356e-01 4.799473607555559e-01 3.922496212026680e-01 C
 2.847601047748114e-01 4.358946023320054e-01 3.911990127876221e-01 C
 2.616090292618733e-01 3.924705074886182e-01 3.900783153074799e-01 C
 2.370211442039490e-01 3.498932929295183e-01 3.894462081270280e-01 C
 2.183800349484280e-01 3.045312621170613e-01 3.903109499088008e-01 C
 2.253215155685960e-01 2.562280819622917e-01 3.917270824057550e-01 C
 2.635904290861352e-01 2.260076375984673e-01 3.923575077848098e-01 C
 3.125140595267378e-01 2.239722402790496e-01 3.928982263851008e-01 C
 3.604260367508544e-01 2.347252636617740e-01 3.931977430359718e-01 C
 4.085051891964183e-01 2.450587646709458e-01 3.923093840105542e-01 C
 4.567797453045773e-01 2.543025458785926e-01 3.913950429954568e-01 C
 5.050309649097773e-01 2.634902041927330e-01 3.902174339216229e-01 C
 5.532745210700946e-01 2.727082799238235e-01 3.884904713435317e-01 C
 6.016658169714461e-01 2.810702095961498e-01 3.860300345784827e-01 C
 6.503165238117242e-01 2.874579422314631e-01 3.838051605312451e-01 C
 6.979119079522609e-01 2.989329467524228e-01 3.833418880392011e-01 C
 7.345235323779690e-01 3.311306604068580e-01 3.836062996047845e-01 C
 7.430906307892007e-01 3.791313309956484e-01 3.831470687018354e-01 C
 7.274313949671346e-01 4.254893362291279e-01 3.826917297659266e-01 C
 7.058878001730668e-01 4.695287146904252e-01 3.842196358917674e-01 C
 6.834940758667687e-01 5.396115457747209e-01 8.892626806166387e-01 C
 6.708948211347034e-01 5.870514746895400e-01 8.916330852871781e-01 C
 6.584248077306640e-01 6.344712944382870e-01 8.935717035506713e-01 C
 6.465268101383601e-01 6.820487162869782e-01 8.950758507434587e-01 C
 6.348028432723397e-01 7.297223957777065e-01 8.956081236103104e-01 C
 6.227374911176318e-01 7.772955284131028e-01 8.960113129005634e-01 C
 6.090634851599385e-01 8.244233278595440e-01 8.963969950494239e-01 C
 5.805949770383430e-01 8.641756703365279e-01 8.969812718570664e-01 C
 5.335410169482138e-01 8.769178213827931e-01 8.972204936648971e-01 C
 4.903120408198623e-01 8.541971720604428e-01 8.967409806672809e-01 C
 4.637009694383994e-01 8.130231092693432e-01 8.965107246469408e-01 C
 4.429223776718033e-01 7.685611524332877e-01 8.962355416093785e-01 C
 4.223790578014862e-01 7.239434495520646e-01 8.963794228714778e-01 C
 4.020129745737884e-01 6.792911974554623e-01 8.956979286827573e-01 C
 3.811521060265168e-01 6.348836991553544e-01 8.947927046305196e-01 C
 3.600355788217171e-01 5.905930807083495e-01 8.940148358526925e-01 C
 3.387901720961536e-01 5.463466336979249e-01 8.933341918821394e-01 C
 3.175249931107675e-01 5.020294795219475e-01 8.927026617071028e-01 C
 2.957188198588345e-01 4.579370099659028e-01 8.916867779239721e-01 C
 2.734262057543081e-01 4.140477476162671e-01 8.906229688061983e-01 C
 2.493978242850630e-01 3.711280166918453e-01 8.896561514909577e-01 C
 2.259338024557500e-01 3.279595299257246e-01 8.896891937151923e-01 C
 2.175179344749720e-01 2.797960143075827e-01 8.910763824178042e-01 C
 2.415871014025016e-01 2.374423999849310e-01 8.921010217555880e-01 C
 2.879677412325187e-01 2.221612222387366e-01 8.925511005291243e-01 C
 3.364846823968386e-01 2.291893324800682e-01 8.933184085042013e-01 C
 3.844265281932957e-01 2.400747650854551e-01 8.927679847993564e-01 C
 4.326369708245151e-01 2.497416307427272e-01 8.918836418581683e-01 C
 4.809010139604710e-01 2.588891687186245e-01 8.907644116593820e-01 C
 5.291554445998553e-01 2.681358034287780e-01 8.895500892518594e-01 C
 5.774378989975260e-01 2.771047534520859e-01 8.872797949357697e-01 C
 6.259744736241180e-01 2.844376459799740e-01 8.847992130450960e-01 C
 6.745118280196744e-01 2.915066133113920e-01 8.833444913835313e-01 C
 7.188170606962029e-01 3.120388736822969e-01 8.835171172520844e-01 C
 7.427399739788555e-01 3.544685968029574e-01 8.834309296756740e-01 C
 7.372578226627245e-01 4.030207491012709e-01 8.828659530985078e-01 C
 7.163823554915048e-01 4.473635123864348e-01 8.830768146463280e-01 C
 6.972615371479348e-01 4.925105837668581e-01 8.858840482899020e-01 C
 6.835444494306468e-01 5.395501989794607e-01 5.563779213339952e-01 C
 6.709237857926277e-01 5.869895589871283e-01 5.587077617761335e-01 C
 6.584424579923728e-01 6.344297645142591e-01 5.606931670703366e-01 C
 6.465666078656198e-01 6.820238460513307e-01 5.620379307413498e-01 C
 6.348091382188640e-01 7.297001851018918e-01 5.624910257341297e-01 C
 6.227458514037484e-01 7.772742682071575e-01 5.629408654129869e-01 C
 6.090716761207433e-01 8.244223675514967e-01 5.633439761197353e-01 C
 5.805941791863893e-01 8.641729851622497e-01 5.629743715416312e-01 C
 5.335404987022513e-01 8.769175445986631e-01 5.628182065785806e-01 C
 4.903177029658655e-01 8.541834086038550e-01 5.633734549872645e-01 C
 4.637251397106491e-01 8.129793082201044e-01 5.634036744633704e-01 C
 4.428863979093786e-01 7.685530972008341e-01 5.633372858732673e-01 C
 4.223501744131558e-01 7.239556447494826e-01 5.631646503285654e-01 C
 4.019915580434432e-01 6.792740181524327e-01 5.626806673881267e-01 C
 3.811431342147631e-01 6.348601852595259e-01 5.618579944571540e-01 C
 3.600312480021343e-01 5.905611863435190e-01 5.610608637706217e-01 C
 3.387605003180022e-01 5.463173150781550e-01 5.603816190489371e-01 C
 3.174935924841067e-01 5.020187964662802e-01 5.594138678944576e-01 C
 2.957284808570062e-01 4.578932379578280e-01 5.584323045891834e-01 C
 2.734193463717796e-01 4.140193798868206e-01 5.572084803564338e-01 C
 2.494552469927950e-01 3.710656364523728e-01 5.563116624811919e-01 C
 2.258518696625822e-01 3.280146215505605e-01 5.566649408046155e-01 C
 2.175037826554670e-01 2.798182547129928e-01 5.570237707814688e-01 C
 2.415705949882032e-01 2.374532561956466e-01 5.578274819838478e-01 C
 2.879662549455674e-01 2.221331988358107e-01 5.593199063313886e-01 C
 3.365654245907785e-01 2.289334325993274e-01 5.601003491982556e-01 C
 3.844484519554739e-01 2.400873515802539e-01 5.594315211348531e-01 C
 4.326599752410573e-01 2.497556143548396e-01 5.586671025025214e-01 C
 4.809458524981446e-01 2.589003050837270e-01 5.577334172565076e-01 C
 5.292012657941163e-01 2.680736616513451e-01 5.564149584850209e-01 C
 5.774885871465503e-01 2.771187620727543e-01 5.541626346131813e-01 C
 6.260175712579720e-01 2.845706862815005e-01 5.517011074881177e-01 C
 6.745382857070631e-01 2.914017258751142e-01 5.505720179051393e-01 C
 7.188017643816859e-01 3.120436838384641e-01 5.499536787822440e-01 C
 7.427362202784870e-01 3.544674587756820e-01 5.497849602587349e-01 C
 7.371876707119244e-01 4.029996059990101e-01 5.499904508152894e-01 C
 7.161083963245843e-01 4.471871172685066e-01 5.501742129996782e-01 C
 6.972370184696338e-01 4.924172703532831e-01 5.528460329841184e-01 C
 6.504167325265829e-01 5.222480117182849e-01 5.701363620049525e-02 C
 6.377446852522802e-01 5.697996894190065e-01 5.888814854060859e-02 C
 6.251612363602120e-01 6.173776449906848e-01 6.007443848782293e-02 C
 6.130059789393851e-01 6.650838381103948e-01 6.120057786613643e-02 C
 6.014331964568249e-01 7.128743860957443e-01 6.258864128844148e-02 C
 5.866899092193038e-01 7.597105161754771e-01 6.286287720617235e-02 C
 5.506150808853548e-01 7.924981077437178e-01 6.192716475982913e-02 C
 5.026509375197551e-01 7.845969875174127e-01 6.268557299276693e-02 C
 4.726409572138571e-01 7.459138579799558e-01 6.370652304551749e-02 C
 4.522055316688839e-01 7.012511666699307e-01 6.293511454684574e-02 C
 4.317034936782493e-01 6.565475742380572e-01 6.215822116156047e-02 C
 4.107610547371003e-01 6.120399975257687e-01 6.131891841086567e-02 C
 3.895946291408846e-01 5.676961219640005e-01 6.072352663595378e-02 C
 3.683288418373127e-01 5.234558139899774e-01 6.058409095569011e-02 C
 3.471170967755320e-01 4.791905422175760e-01 5.975286416100965e-02 C
 3.253689568264859e-01 4.352022145630103e-01 5.921956414763156e-02 C
 3.081816047868624e-01 3.893069457879295e-01 5.885661480337284e-02 C
 3.103733596186630e-01 3.404594207812358e-01 5.847948773261841e-02 C
 3.391156734229099e-01 3.009633123254291e-01 5.832600885793199e-02 C
 3.849875433024408e-01 2.840607552441378e-01 5.842692530018236e-02 C
 4.338976727090147e-01 2.871217795309456e-01 5.829573365102207e-02 C
 4.821112059165457e-01 2.962258391650557e-01 5.847320733501755e-02 C
 5.303380896995342e-01 3.054592989335800e-01 5.779716301288334e-02 C
 5.778942692511521e-01 3.177683996366819e-01 5.768700636177341e-02 C
 6.209559925641441e-01 3.413032067736878e-01 5.747237141720746e-02 C
 6.526872094631814e-01 3.786976972045392e-01 5.721473201487379e-02 C
 6.665165022123001e-01 4.257513183150488e-01 5.699394311119816e-02 C
 6.629172268585406e-01 4.747113151806099e-01 5.676287973608416e-02 C
 6.503772186268364e-01 5.222599809404089e-01 3.901527159761359e-01 C
 6.377090239429491e-01 5.698341131529413e-01 3.918087744938994e-01 C
 6.251711914808827e-01 6.174075558188932e-01 3.933809648426814e-01 C
 6.129851782766652e-01 6.651112333654463e-01 3.945513318204282e-01 C
 6.014029165123054e-01 7.129110749164234e-01 3.955839351212133e-01 C
 5.866886183294322e-01 7.597184650941036e-01 3.962726198575863e-01 C
 5.506120429138770e-01 7.924992168755594e-01 3.975551686469774e-01 C
 5.026478109703919e-01 7.845909914123314e-01 3.971245889011729e-01 C
 4.726298617172772e-01 7.459079067458434e-01 3.964230124860558e-01 C
 4.522477298713192e-01 7.012444197989005e-01 3.961444804158530e-01 C
 4.316857201039341e-01 6.565701925753203e-01 3.954456285960897e-01 C
 4.107520693035830e-01 6.120682192721446e-01 3.943584542602278e-01 C
 3.895922321094988e-01 5.677060733528273e-01 3.936178512698626e-01 C
 3.683268471225641e-01 5.234651479451694e-01 3.930705614244379e-01 C
 3.471238740005397e-01 4.792081210567153e-01 3.927512320878333e-01 C
 3.254306428980793e-01 4.351787725348716e-01 3.918635402590042e-01 C
 3.081905351541472e-01 3.893053439494253e-01 3.918926989852047e-01 C
 3.103707472976805e-01 3.404599533936828e-01 3.920196441647282e-01 C
 3.391123456606420e-01 3.009643299953624e-01 3.918805264695278e-01 C
 3.849821692196654e-01 2.840597297902195e-01 3.914497401428458e-01 C
 4.338902415523854e-01 2.871020606910293e-01 3.911705163674506e-01 C
 4.821091538755934e-01 2.962640276886355e-01 3.908319239159979e-01 C
 5.303461423444863e-01 3.054825863496411e-01 3.908299776080877e-01 C
 5.778948476461083e-01 3.177739645600727e-01 3.907766641043749e-01 C
 6.209553310037202e-01 3.413017898083404e-01 3.906786599434399e-01 C
 6.526855983625952e-01 3.786945281017068e-01 3.904876059750070e-01 C
 6.665164491639626e-01 4.257482923827626e-01 3.902050598767449e-01 C
 6.629705340298672e-01 4.747218667414289e-01 3.898904234435153e-01 C
 6.440136575592530e-01 5.460360016631005e-01 8.910170416545536e-01 C
 6.314358360492900e-01 5.936073535656997e-01 8.926390527517405e-01 C
 6.190019237535008e-01 6.412376940387745e-01 8.940039403881644e-01 C
 6.071375218210252e-01 6.889985658322088e-01 8.951018289725560e-01 C
 5.954172997295560e-01 7.367006828159327e-01 8.958250679659572e-01 C
 5.720374974119748e-01 7.796948399320832e-01 8.969580868483266e-01 C
 5.256559000398522e-01 7.942230221725083e-01 8.975946990633367e-01 C
 4.851159520501712e-01 7.671175119185937e-01 8.966609655237663e-01 C
 4.623733619184555e-01 7.236397339447268e-01 8.964291035370344e-01 C
 4.420097744826096e-01 6.788998185278122e-01 8.957960210618067e-01 C
 4.212828293919960e-01 6.342883719300749e-01 8.949732632250396e-01 C
 4.001673229236039e-01 5.898851265161550e-01 8.938264052645569e-01 C
 3.789967016719950e-01 5.455607120253273e-01 8.933983803732334e-01 C
 3.577180556491883e-01 5.013472255141327e-01 8.929434324337338e-01 C
 3.363198919117563e-01 4.571647585978096e-01 8.922538041700091e-01 C
 3.152899903608559e-01 4.128375717734890e-01 8.918975866020117e-01 C
 3.060282819719568e-01 3.647688122222858e-01 8.919636732643849e-01 C
 3.216401684134464e-01 3.184570027840968e-01 8.919945384698051e-01 C
 3.609381268049388e-01 2.894129665052135e-01 8.916862346465915e-01 C
 4.095655460637946e-01 2.838554929943538e-01 8.912973457755187e-01 C
 4.580086689089882e-01 2.916902561470026e-01 8.910085451984102e-01 C
 5.061868933742586e-01 3.008787174093024e-01 8.909773067947414e-01 C
 5.543570042514643e-01 3.106576142051467e-01 8.908371244278074e-01 C
 6.003691701586635e-01 3.277842021165727e-01 8.907348103747078e-01 C
 6.387305916415259e-01 3.583688950412129e-01 8.906033335397244e-01 C
 6.619957276345941e-01 4.015197231691906e-01 8.903647422565332e-01 C
 6.665403984993395e-01 4.503687807258016e-01 8.900266144542240e-01 C
 6.569283352284541e-01 4.985493298766547e-01 8.897351598430191e-01 C
 6.440285171805172e-01 5.460080802635798e-01 5.576902479506518e-01 C
 6.314177797297779e-01 5.935773951400620e-01 5.595620959841916e-01 C
 6.190213037137237e-01 6.412207656102710e-01 5.605805818284189e-01 C
 6.071779380546930e-01 6.889873762166727e-01 5.618193133674780e-01 C
 5.954138770101525e-01 7.366944439360664e-01 5.630407168079291e-01 C
 5.720393943303055e-01 7.796946876635672e-01 5.623621753877456e-01 C
 5.256573657253342e-01 7.942220921750850e-01 5.620465268118102e-01 C
 4.851150375850869e-01 7.671143991972695e-01 5.633209341440695e-01 C
 4.623474807215391e-01 7.236104778859416e-01 5.635040461764151e-01 C
 4.419891945979278e-01 6.788853430062122e-01 5.625353155520328e-01 C
 4.212924755913958e-01 6.342594165978237e-01 5.617951135229006e-01 C
 4.001718794186265e-01 5.898693546284420e-01 5.610165032560323e-01 C
 3.789977313206371e-01 5.455523178048777e-01 5.605798408247409e-01 C
 3.577240876224666e-01 5.013307061554964e-01 5.603151350326646e-01 C
 3.363261900126836e-01 4.571469532513283e-01 5.594151127624440e-01 C
 3.153179023483579e-01 4.128216075219038e-01 5.590175549228514e-01 C
 3.060287814155606e-01 3.647639932547506e-01 5.586664344371965e-01 C
 3.216408264528500e-01 3.184534943501725e-01 5.583639098908736e-01 C
 3.609401131589368e-01 2.894114387553550e-01 5.583579969005417e-01 C
 4.095671576227347e-01 2.838520367271608e-01 5.583959287444877e-01 C
 4.580096197178095e-01 2.916702921052721e-01 5.581868072044692e-01 C
 5.062346730141828e-01 3.008223595591140e-01 5.581287368434154e-01 C
 5.543620727520676e-01 3.106797925553564e-01 5.577702911445515e-01 C
 6.003763344306745e-01 3.277850855035823e-01 5.575750392578747e-01 C
 6.387352043498008e-01 3.583728440592162e-01 5.573317960077990e-01 C
 6.619960595761621e-01 4.015269224885367e-01 5.570914580355746e-01 C
 6.665587356022206e-01 4.503798978160367e-01 5.568416699589369e-01 C
 6.570331026608656e-01 4.985806434528421e-01 5.567319891114683e-01 C
 6.140891175051668e-01 4.796543750599965e-01 5.926761770303784e-02 C
 6.098368587093650e-01 5.285790268644321e-01 5.939017640084628e-02 C
 5.982843297637972e-01 5.763325756534872e-01 5.962683585772856e-02 C
 5.774101297588633e-01 6.207110088548550e-01 5.972218697673325e-02 C
 5.371959684829497e-01 6.484834159059705e-01 5.953237835414822e-02 C
 4.886526792996200e-01 6.432554919281109e-01 5.996057338596349e-02 C
 4.525039912038625e-01 6.102477341641652e-01 6.053155340724205e-02 C
 4.295818577380950e-01 5.668098726921326e-01 6.065397877510442e-02 C
 4.084092804320049e-01 5.224836495034236e-01 6.030127468381499e-02 C
 3.871052645616935e-01 4.782573311344194e-01 6.016357322856687e-02 C
 3.707986727858691e-01 4.320189519775011e-01 5.976758173185514e-02 C
 3.738559122368211e-01 3.831820268299255e-01 5.923274597324756e-02 C
 4.040579006771393e-01 3.447975123746720e-01 5.899558345056607e-02 C
 4.510330622060092e-01 3.311684341394328e-01 5.908794450114000e-02 C
 4.996934424815713e-01 3.376534137892394e-01 5.912554614270468e-02 C
 5.451951371931418e-01 3.559964245895141e-01 5.901546462637723e-02 C
 5.822268499470475e-01 3.882006231917065e-01 5.905065531567938e-02 C
 6.058472064907577e-01 4.312446058741724e-01 5.911119972445238e-02 C
 6.140887821739572e-01 4.796576682013447e-01 3.924227700466461e-01 C
 6.098485826910243e-01 5.285864856245494e-01 3.925049885717017e-01 C
 5.982459119609661e-01 5.763385734429383e-01 3.926206249425893e-01 C
 5.774027296646970e-01 6.207172545858491e-01 3.931135789144231e-01 C
 5.371919099615921e-01 6.484871925853410e-01 3.937625747348628e-01 C
 4.886495220398621e-01 6.432531837207480e-01 3.937621288685779e-01 C
 4.525085967640305e-01 6.102379198451366e-01 3.936372012749239e-01 C
 4.295792453410289e-01 5.668160434635837e-01 3.935726116299801e-01 C
 4.084095790878162e-01 5.224904234168144e-01 3.933652341243077e-01 C
 3.871124912547498e-01 4.782563453874651e-01 3.928443529925106e-01 C
 3.707999598791816e-01 4.320221595877773e-01 3.928227955634176e-01 C
 3.738546878586585e-01 3.831854365560476e-01 3.929269862182104e-01 C
 4.040552530368280e-01 3.447993379367605e-01 3.927543757723796e-01 C
 4.510293774073632e-01 3.311596005759180e-01 3.922558259588326e-01 C
 4.996926565398412e-01 3.376547391031773e-01 3.920025613488741e-01 C
 5.451951351844505e-01 3.559986243148086e-01 3.921997118893099e-01 C
 5.822281305135478e-01 3.882018649407021e-01 3.923130400842137e-01 C
 6.058485647332693e-01 4.312463679282562e-01 3.924150561111682e-01 C
 6.132333288416376e-01 5.042349318856925e-01 8.924459695723618e-01 C
 6.045525801625010e-01 5.525741820203488e-01 8.924197080078723e-01 C
 5.899308138114290e-01 5.994752144647250e-01 8.928524145061815e-01 C
 5.596295809242208e-01 6.379080327290589e-01 8.934598869992071e-01 C
 5.124173061188333e-01 6.503299263863039e-01 8.938605012064501e-01 C
 4.683999394917971e-01 6.290760178468535e-01 8.936342087082176e-01 C
 4.401568352014046e-01 5.889795668693072e-01 8.936549680610053e-01 C
 4.190172662498932e-01 5.446465663830991e-01 8.935118857453231e-01 C
 3.977136638659298e-01 5.003858815285058e-01 8.929788583263855e-01 C
 3.774570864955002e-01 4.556933079625420e-01 8.928648395072977e-01 C
 3.690662416236022e-01 4.074345087777833e-01 8.928816793348562e-01 C
 3.857418053004369e-01 3.614678121782617e-01 8.928856863863469e-01 C
 4.265991797664264e-01 3.346263274984394e-01 8.925226829403939e-01 C
 4.755572213589238e-01 3.330351632961028e-01 8.918900386333763e-01 C
 5.231318253201407e-01 3.450900332847186e-01 8.921100095783550e-01 C
 5.651440145807710e-01 3.704454761465878e-01 8.922632409507155e-01 C
 5.959106354259174e-01 4.086968189377006e-01 8.923602456085088e-01 C
 6.117870183628360e-01 4.551525775993803e-01 8.924292820604570e-01 C
 6.132369769811639e-01 5.042354328211518e-01 5.593436268057352e-01 C
 6.045737577529821e-01 5.525836184733064e-01 5.595206987890358e-01 C
 5.899164037044504e-01 5.994690112734782e-01 5.597351062432717e-01 C
 5.596320737894173e-01 6.379090041263856e-01 5.596137873156273e-01 C
 5.124208946485710e-01 6.503312032685847e-01 5.596505213764550e-01 C
 4.684049647305203e-01 6.290765197182603e-01 5.603128734585915e-01 C
 4.401714461688522e-01 5.889686493861780e-01 5.606673663100878e-01 C
 4.190163293200979e-01 5.446397965127437e-01 5.604639212910031e-01 C
 3.977129529225047e-01 5.003777832115170e-01 5.603205811321521e-01 C
 3.774577629892456e-01 4.556866960990042e-01 5.599488063391708e-01 C
 3.690664715931422e-01 4.074296339461219e-01 5.594904374751483e-01 C
 3.857445923869538e-01 3.614647189251698e-01 5.590677484242960e-01 C
 4.266033846054605e-01 3.346233273571598e-01 5.590204116442088e-01 C
 4.755621822935814e-01 3.330141467936779e-01 5.592711636829633e-01 C
 5.231295655205674e-01 3.450919188752581e-01 5.590495760893156e-01 C
 5.651425749736200e-01 3.704450055492783e-01 5.590259841638212e-01 C
 5.959107718102756e-01 4.086952859013701e-01 5.590853375962830e-01 C
 6.117869894909589e-01 4.551519058072949e-01 5.591793335664843e-01 C
 5.477926437844400e-01 4.625026345082459e-01 5.924853139795926e-02 C
 5.228657856349302e-01 5.046243141837534e-01 5.915273911613860e-02 C
 4.752638546889084e-01 5.160991855614792e-01 5.918156124951512e-02 C
 4.337137780020550e-01 4.902555399238886e-01 5.943798837185793e-02 C
 4.216456358792472e-01 4.428210878591193e-01 5.919419977939939e-02 C
 4.469987557611318e-01 4.009655916997117e-01 5.927283485195609e-02 C
 4.945144068154140e-01 3.891996990261768e-01 5.916399506269519e-02 C
 5.361208533176537e-01 4.149225154675180e-01 5.924794701807999e-02 C
 5.477924500025974e-01 4.625029892131683e-01 3.939108523243453e-01 C
 5.228657106339054e-01 5.046244413401944e-01 3.940356418882952e-01 C
 4.752635391229376e-01 5.160989144223211e-01 3.940310603421704e-01 C
 4.337129448469068e-01 4.902561883472052e-01 3.937825027647766e-01 C
 4.216456751392431e-01 4.428214417527332e-01 3.940024721670118e-01 C
 4.469981241905785e-01 4.009653491871443e-01 3.938927117404282e-01 C
 4.945143694242189e-01 3.891999148443290e-01 3.939728557868880e-01 C
 5.361209265475396e-01 4.149226595667033e-01 3.938904061579573e-01 C
 5.395917036208241e-01 4.860723265473672e-01 8.939842013085223e-01 C
 5.002187553304298e-01 5.151779537681409e-01 8.940185029044413e-01 C
 4.519012667532292e-01 5.073029444099071e-01 8.939410333489368e-01 C
 4.230047118519359e-01 4.677417381153594e-01 8.939134965889479e-01 C
 4.301359667262354e-01 4.193431786853037e-01 8.939664409837756e-01 C
 4.695766169321381e-01 3.903596740496137e-01 8.939437413602391e-01 C
 5.179410043784906e-01 3.978295807989211e-01 8.939607563759925e-01 C
 5.465003991392560e-01 4.375994194287008e-01 8.938688545507266e-01 C
 5.395921931280844e-01 4.860723777850761e-01 5.591900755531939e-01 C
 5.002189297790599e-01 5.151778439248258e-01 5.591831364711172e-01 C
 4.519012292585315e-01 5.073026034135774e-01 5.592808707484079e-01 C
 4.230049997969565e-01 4.677415125923460e-01 5.593013190698134e-01 C
 4.301359408050688e-01 4.193430152786597e-01 5.592153451036802e-01 C
 4.695768710253690e-01 3.903598133685622e-01 5.592021291539419e-01 C
 5.179409359910990e-01 3.978298775186151e-01 5.591721812744178e-01 C
 5.465002019894999e-01 4.375993988087754e-01 5.592756451579607e-01 C
