 C
 AIREBO 
 792
 1.024875e+01
 4.878643737041103e+00 0.000000000000000e+00 0.000000000000000e+00
 0.000000000000000e+00 4.878643737041103e+00 0.000000000000000e+00
 0.000000000000000e+00 0.000000000000000e+00 4.156604463959019e-01
 fra
 7.367167106692890e-01 4.998170335091416e-01 3.692256422712412e-04 C
 7.237369488641523e-01 5.469543927588042e-01 3.833981629462690e-04 C
 7.094178237736058e-01 5.937018244808899e-01 3.971692390978463e-04 C
 6.954991699867142e-01 6.405725052769450e-01 3.756437728244300e-04 C
 6.850451912927665e-01 6.883231596815992e-01 3.844260860144078e-04 C
 6.798714355019093e-01 7.369255260933520e-01 3.919190586049113e-04 C
 6.778989006840109e-01 7.857718073355545e-01 3.777991676602988e-04 C
 6.775497008046349e-01 8.346824208099758e-01 3.302257809816322e-04 C
 6.777171582270514e-01 8.836304130382001e-01 2.795712981598656e-04 C
 6.757985330419912e-01 9.325589007622702e-01 2.522209279775474e-04 C
 6.667278846839259e-01 9.806469596676666e-01 2.329425586105460e-04 C
 6.440841451176061e-01 1.023965449090399e+00 1.371591468794534e-04 C
 6.050579447153520e-01 1.053281333217613e+00 3.079908171663005e-05 C
 5.565806172314436e-01 1.058868979016319e+00 6.901440957056449e-05 C
 5.114685885071676e-01 1.040181880005390e+00 1.781868500590640e-04 C
 4.767466365129223e-01 1.005725327188318e+00 2.343944368595572e-04 C
 4.491148130292159e-01 9.652927798602117e-01 2.586015354073134e-04 C
 4.224824232975738e-01 9.242077056080781e-01 2.657352614270651e-04 C
 3.937223817742088e-01 8.846327745484869e-01 3.658085804423790e-04 C
 3.629059323410966e-01 8.467115936897279e-01 4.176539960794357e-04 C
 3.293169525530206e-01 8.112391099121091e-01 4.225083479186694e-04 C
 2.925862492888694e-01 7.790543090924335e-01 4.877583197559641e-04 C
 2.545326634257732e-01 7.484564407314206e-01 4.704091960192304e-04 C
 2.146131715663349e-01 7.203343533117642e-01 4.190655119582300e-04 C
 1.715294660442189e-01 6.973110257941216e-01 3.462263412240606e-04 C
 1.279190414937901e-01 6.752247545798068e-01 3.342804021119186e-04 C
 9.042533250996997e-02 6.439615446741144e-01 1.238807933064063e-04 C
 7.253929135817144e-02 5.986794113369978e-01 -1.264225433190165e-04 C
 8.454859597264565e-02 5.514864230356180e-01 1.597987878656324e-04 C
 1.169063601635632e-01 5.149192906153213e-01 3.354521847668634e-04 C
 1.558965666615277e-01 4.854283721738636e-01 3.651074162844411e-04 C
 1.933780885732638e-01 4.541022206318206e-01 3.903333711368657e-04 C
 2.257921475595845e-01 4.175567948040586e-01 4.244202554844014e-04 C
 2.545255777375313e-01 3.780428224568424e-01 3.949478339489091e-04 C
 2.821284374546358e-01 3.377112568445766e-01 3.933100643552936e-04 C
 3.098850124957376e-01 2.974815280703964e-01 4.077642517516850e-04 C
 3.401387497012710e-01 2.591065675936684e-01 3.966753490638749e-04 C
 3.729660258174572e-01 2.228685075582784e-01 3.546399483494283e-04 C
 4.066341958870389e-01 1.873769164765867e-01 3.365656466160827e-04 C
 4.412911270380457e-01 1.528338433678342e-01 3.195687099131972e-04 C
 4.769816054566808e-01 1.193559701915803e-01 3.241624084350387e-04 C
 5.126557114642774e-01 8.585865216509973e-02 3.448088966015809e-04 C
 5.475581393869388e-01 5.155593405860594e-02 3.043759541949967e-04 C
 5.816191443529086e-01 1.641592858291146e-02 2.824216465546397e-04 C
 6.175058844673046e-01 -1.685629653180223e-02 2.587952353332279e-04 C
 6.594760245070326e-01 -4.195009080943874e-02 1.828310423583667e-04 C
 7.078503988612418e-01 -4.845769906636987e-02 -5.253609314024155e-05 C
 7.519254895115820e-01 -2.763722384368271e-02 -5.683092214969160e-05 C
 7.775315911689848e-01 1.391436889758215e-02 1.792259215143432e-04 C
 7.844799875848596e-01 6.231670406673830e-02 2.563071413324332e-04 C
 7.810626297738616e-01 1.111370494817355e-01 2.785380474349473e-04 C
 7.749793881630671e-01 1.596970350293435e-01 3.026213315644851e-04 C
 7.701955344259892e-01 2.084012559969970e-01 3.476659109218937e-04 C
 7.666412021365792e-01 2.572117787839691e-01 3.146097952997660e-04 C
 7.632237625616477e-01 3.060347738624761e-01 3.083075452738202e-04 C
 7.584665933842288e-01 3.547492619074533e-01 3.158103589434208e-04 C
 7.526554382736925e-01 4.033464804751671e-01 3.192338183076697e-04 C
 7.461744910144411e-01 4.518431041365630e-01 3.598894587396470e-04 C
 7.367167138292785e-01 4.998170358164899e-01 3.328417043185016e-01 C
 7.237369438090072e-01 5.469543997986503e-01 3.328286256917486e-01 C
 7.094178907696267e-01 5.937018365943683e-01 3.328143463208917e-01 C
 6.954991952411737e-01 6.405724893079620e-01 3.328358377394360e-01 C
 6.850451814731734e-01 6.883231416706396e-01 3.328259995489353e-01 C
 6.798714352409142e-01 7.369255266214333e-01 3.328176577583178e-01 C
 6.778988828302230e-01 7.857718055561086e-01 3.328312904672847e-01 C
 6.775496967537066e-01 8.346824157899900e-01 3.328786214085371e-01 C
 6.777171585000635e-01 8.836304033890713e-01 3.329284483263686e-01 C
 6.757985538159589e-01 9.325588932229955e-01 3.329556679693115e-01 C
 6.667278734868839e-01 9.806469778453425e-01 3.329749236829437e-01 C
 6.440841294003734e-01 1.023965470930955e+00 3.330711187669045e-01 C
 6.050579335852611e-01 1.053281343576669e+00 3.331779900873815e-01 C
 5.565806181612319e-01 1.058868951311311e+00 3.331396300604823e-01 C
 5.114685682423066e-01 1.040181871009069e+00 3.330315870539698e-01 C
 4.767466534650325e-01 1.005725314253920e+00 3.329754401164835e-01 C
 4.491147851765123e-01 9.652927598087339e-01 3.329507838758224e-01 C
 4.224824157492477e-01 9.242077327407154e-01 3.329438694353906e-01 C
 3.937221873886776e-01 8.846328867655220e-01 3.328435350757057e-01 C
 3.629058959173804e-01 8.467116602380366e-01 3.327904844143736e-01 C
 3.293169515209949e-01 8.112391515396891e-01 3.327839290314910e-01 C
 2.925861200208586e-01 7.790544717776100e-01 3.327177651228437e-01 C
 2.545326357950045e-01 7.484564456039065e-01 3.327352735274931e-01 C
 2.146131677896639e-01 7.203343381153610e-01 3.327872495453256e-01 C
 1.715294580705992e-01 6.973110162790739e-01 3.328601267362180e-01 C
 1.279190641932390e-01 6.752247424097404e-01 3.328726516315448e-01 C
 9.042534029460120e-02 6.439615350309028e-01 3.330843902530872e-01 C
 7.253928487501102e-02 5.986794018687358e-01 3.333351974313934e-01 C
 8.454858458327960e-02 5.514864043593680e-01 3.330490808743734e-01 C
 1.169063503030750e-01 5.149192698793633e-01 3.328740175028722e-01 C
 1.558966181180182e-01 4.854283818338302e-01 3.328452706299572e-01 C
 1.933781071080120e-01 4.541022627812655e-01 3.328209601298351e-01 C
 2.257920294328986e-01 4.175567637472814e-01 3.327883036331714e-01 C
 2.545248987865137e-01 3.780427277441405e-01 3.328197870129160e-01 C
 2.821282857994310e-01 3.377112648519098e-01 3.328181482192130e-01 C
 3.098850427719053e-01 2.974815745998120e-01 3.328020886816074e-01 C
 3.401387541085102e-01 2.591065535142842e-01 3.328127959924804e-01 C
 3.729660239674577e-01 2.228685042807999e-01 3.328546552625285e-01 C
 4.066342165628116e-01 1.873768972305916e-01 3.328727302802083e-01 C
 4.412911156685811e-01 1.528338411718683e-01 3.328894480734531e-01 C
 4.769815855238980e-01 1.193559997024589e-01 3.328844095166079e-01 C
 5.126557041153323e-01 8.585862812286177e-02 3.328641514584179e-01 C
 5.475581320876146e-01 5.155596059826623e-02 3.329047370943939e-01 C
 5.816191658767168e-01 1.641592828002048e-02 3.329264274173411e-01 C
 6.175059189990688e-01 -1.685630065820843e-02 3.329500777739920e-01 C
 6.594760479762213e-01 -4.195008866192339e-02 3.330267135159385e-01 C
 7.078504039576130e-01 -4.845772292311543e-02 3.332626928279546e-01 C
 7.519254982394006e-01 -2.763724312998308e-02 3.332671975038364e-01 C
 7.775315633535583e-01 1.391437517110377e-02 3.330306003812656e-01 C
 7.844799999308382e-01 6.231670874493300e-02 3.329538508415063e-01 C
 7.810626430407208e-01 1.111370468608272e-01 3.329319496864724e-01 C
 7.749793888119534e-01 1.596970429616162e-01 3.329070446136906e-01 C
 7.701955255705961e-01 2.084012786327971e-01 3.328621898446521e-01 C
 7.666412192931408e-01 2.572117735769719e-01 3.328955437096933e-01 C
 7.632237744878698e-01 3.060347950973358e-01 3.329021857823170e-01 C
 7.584665840802808e-01 3.547492637271135e-01 3.328944727435577e-01 C
 7.526554369989544e-01 4.033464957997588e-01 3.328910597450216e-01 C
 7.461745011916958e-01 4.518431028869434e-01 3.328505890401666e-01 C
 7.305319302467903e-01 5.234718695584535e-01 8.328341057399508e-01 C
 7.165935110218270e-01 5.703340486714451e-01 8.328459117090975e-01 C
 7.022856618161443e-01 6.170839983617802e-01 8.328174588778978e-01 C
 6.896007233632270e-01 6.643017345569643e-01 8.328415039419457e-01 C
 6.818855624233621e-01 7.125644018131665e-01 8.328128957692871e-01 C
 6.786820918500335e-01 7.613393851233422e-01 8.327926579578934e-01 C
 6.775205038306246e-01 8.102214599904087e-01 8.328618274930866e-01 C
 6.777377030867420e-01 8.591518546420748e-01 8.328893267835717e-01 C
 6.772643197222129e-01 9.081103524620313e-01 8.329456594930000e-01 C
 6.725938250505156e-01 9.568468415817060e-01 8.329625609228827e-01 C
 6.574290996222761e-01 1.003346992986545e+00 8.330098398277745e-01 C
 6.264551237226418e-01 1.041112482173993e+00 8.331371792490618e-01 C
 5.811920782141720e-01 1.059342175988227e+00 8.331756476692934e-01 C
 5.329104762535628e-01 1.052179440034703e+00 8.330872647564928e-01 C
 4.928209428724156e-01 1.024231207050526e+00 8.329844180387432e-01 C
 4.624527845705190e-01 9.858303356939294e-01 8.329688195299133e-01 C
 4.359774968430621e-01 9.446310524236379e-01 8.329471766304439e-01 C
 4.083242678725236e-01 9.042445777930672e-01 8.329023496195658e-01 C
 3.785746735808145e-01 8.654600857486947e-01 8.327776470167509e-01 C
 3.465526849517578e-01 8.285554409339442e-01 8.328005444468235e-01 C
 3.112439454672634e-01 7.948073721594360e-01 8.327640670091820e-01 C
 2.736773986628188e-01 7.636098485637997e-01 8.327237742077879e-01 C
 2.349479055224585e-01 7.338687092139583e-01 8.327566801470683e-01 C
 1.933899048481453e-01 7.082333336363771e-01 8.328167131963067e-01 C
 1.494773833246960e-01 6.867659614871491e-01 8.328553594599759e-01 C
 1.077572477684332e-01 6.613342028687167e-01 8.329306722030019e-01 C
 7.799311080057049e-02 6.227241240426551e-01 8.332642155489158e-01 C
 7.499945390638819e-02 5.741526646667184e-01 8.332333049020614e-01 C
 9.919968236771007e-02 5.318162425171096e-01 8.329098591470878e-01 C
 1.361744934223134e-01 4.998633106162589e-01 8.328623885616310e-01 C
 1.751611828478472e-01 4.703949919092305e-01 8.328190397941126e-01 C
 2.101977715844646e-01 4.363691562760570e-01 8.327770954882979e-01 C
 2.404347868883592e-01 3.979986204135472e-01 8.327695610409721e-01 C
 2.683486287916887e-01 3.578896165394680e-01 8.327952152022969e-01 C
 2.959009406427278e-01 3.175247654301809e-01 8.328311396921734e-01 C
 3.245484547580700e-01 2.779296022087930e-01 8.327757011639775e-01 C
 3.563823785174314e-01 2.408373164099384e-01 8.328394748181527e-01 C
 3.897210208398265e-01 2.050514342263575e-01 8.328647966334666e-01 C
 4.237817079848067e-01 1.699255393040192e-01 8.328543118734236e-01 C
 4.590257672001181e-01 1.359761005087579e-01 8.328570087448539e-01 C
 4.949181591196733e-01 1.027130152856212e-01 8.328949761511395e-01 C
 5.302391024814284e-01 6.884220585194836e-02 8.328872304247095e-01 C
 5.646112842902932e-01 3.400672978985989e-02 8.329151311564762e-01 C
 5.990450661428144e-01 -7.689389463570243e-04 8.329393966593134e-01 C
 6.375389049785032e-01 -3.096474083893546e-02 8.329604011405097e-01 C
 6.832209610481758e-01 -4.830193553414774e-02 8.331397909820935e-01 C
 7.315042849463328e-01 -4.147008029159939e-02 8.333190550312808e-01 C
 7.674270975683166e-01 -8.494849525190747e-03 8.331454066189342e-01 C
 7.828459874665333e-01 3.786758497097346e-02 8.329622041777925e-01 C
 7.835307992513545e-01 8.678660873886980e-02 8.329426711054447e-01 C
 7.779908034102323e-01 1.354122922388730e-01 8.329168932046606e-01 C
 7.723626579434891e-01 1.840273309201943e-01 8.328964130020681e-01 C
 7.682619967009732e-01 2.327942926164226e-01 8.329001035743642e-01 C
 7.650879037377166e-01 2.816331492211858e-01 8.328648262896405e-01 C
 7.610671004572075e-01 3.304140830457403e-01 8.328731066367016e-01 C
 7.556190675733703e-01 3.790561137016890e-01 8.328938688038926e-01 C
 7.495792530755716e-01 4.276193910476399e-01 8.328783167873491e-01 C
 7.420139143612527e-01 4.759432218260021e-01 8.328119012850828e-01 C
 7.305319044250497e-01 5.234718520581955e-01 5.003771280277357e-01 C
 7.165934885107921e-01 5.703340464961775e-01 5.003659807859518e-01 C
 7.022857300856439e-01 6.170840136246158e-01 5.003941953878469e-01 C
 6.896007178021988e-01 6.643017376008116e-01 5.003693216908804e-01 C
 6.818855515584186e-01 7.125644096993864e-01 5.003970520567076e-01 C
 6.786820850364084e-01 7.613393972754989e-01 5.004166377777178e-01 C
 6.775205007618886e-01 8.102214543253622e-01 5.003470267539857e-01 C
 6.777377267827424e-01 8.591518744716102e-01 5.003190722945725e-01 C
 6.772643265446723e-01 9.081103379893380e-01 5.002622069242429e-01 C
 6.725937939198757e-01 9.568468400998658e-01 5.002452418608838e-01 C
 6.574290909958399e-01 1.003347008291558e+00 5.001980560842588e-01 C
 6.264551191799809e-01 1.041112511835788e+00 5.000714989051850e-01 C
 5.811920748514888e-01 1.059342149961480e+00 5.000330886368044e-01 C
 5.329104831123627e-01 1.052179454869878e+00 5.001218696187612e-01 C
 4.928209293761053e-01 1.024231209757873e+00 5.002254361008505e-01 C
 4.624527824056784e-01 9.858303001754666e-01 5.002407397661627e-01 C
 4.359775069030450e-01 9.446310525675643e-01 5.002624636699138e-01 C
 4.083241687694055e-01 9.042446325860716e-01 5.003071830495881e-01 C
 3.785745227872633e-01 8.654601775090301e-01 5.004313179838749e-01 C
 3.465526634622511e-01 8.285554431977320e-01 5.004067660265715e-01 C
 3.112438984826312e-01 7.948074321111712e-01 5.004417562661175e-01 C
 2.736773165032848e-01 7.636099430387638e-01 5.004820105671721e-01 C
 2.349479155035343e-01 7.338686917750423e-01 5.004494322290010e-01 C
 1.933898871028123e-01 7.082333362852121e-01 5.003894839167715e-01 C
 1.494774026710221e-01 6.867659607822985e-01 5.003513088403726e-01 C
 1.077572623825581e-01 6.613342207341838e-01 5.002770332516846e-01 C
 7.799312069398420e-02 6.227241309938638e-01 4.999442557931925e-01 C
 7.499944452744974e-02 5.741526670836549e-01 4.999756313192545e-01 C
 9.919970398646491e-02 5.318162461498751e-01 5.002991886539752e-01 C
 1.361744833478154e-01 4.998633116441723e-01 5.003473250323790e-01 C
 1.751612005757914e-01 4.703950217945222e-01 5.003920335962689e-01 C
 2.101977643069695e-01 4.363692208573869e-01 5.004346515615824e-01 C
 2.404346095279288e-01 3.979986783533457e-01 5.004442374409436e-01 C
 2.683482752757007e-01 3.578894972051232e-01 5.004168460383633e-01 C
 2.959009775846969e-01 3.175248057109381e-01 5.003785992322061e-01 C
 3.245485209850724e-01 2.779296525506823e-01 5.004337780807980e-01 C
 3.563823756028681e-01 2.408373151155005e-01 5.003697818723032e-01 C
 3.897210318881330e-01 2.050514188666858e-01 5.003447310781921e-01 C
 4.237817566274782e-01 1.699255535870673e-01 5.003552092556891e-01 C
 4.590257448338133e-01 1.359761026269422e-01 5.003520554041185e-01 C
 4.949181667535416e-01 1.027130555194799e-01 5.003142661562451e-01 C
 5.302391214106020e-01 6.884222157726541e-02 5.003221762897599e-01 C
 5.646112795444738e-01 3.400673582180888e-02 5.002936358536377e-01 C
 5.990450994305978e-01 -7.689538598616970e-04 5.002694039492641e-01 C
 6.375389133496718e-01 -3.096471984137237e-02 5.002488924414943e-01 C
 6.832209580717784e-01 -4.830195336541977e-02 5.000700551565543e-01 C
 7.315042823109933e-01 -4.147007587046475e-02 4.998913315107105e-01 C
 7.674271065278904e-01 -8.494850562114877e-03 5.000646019174649e-01 C
 7.828459971354297e-01 3.786758582059936e-02 5.002478332635717e-01 C
 7.835307920907740e-01 8.678659730510806e-02 5.002677216085748e-01 C
 7.779908274020152e-01 1.354123108917500e-01 5.002932773984298e-01 C
 7.723626587286960e-01 1.840273424097349e-01 5.003132649995526e-01 C
 7.682620152398658e-01 2.327943056552215e-01 5.003099938993721e-01 C
 7.650879067406887e-01 2.816331457153022e-01 5.003453117942200e-01 C
 7.610670757521644e-01 3.304140922854074e-01 5.003372978243814e-01 C
 7.556190543501058e-01 3.790561179654621e-01 5.003162939826468e-01 C
 7.495792767216868e-01 4.276194130238687e-01 5.003321658634454e-01 C
 7.420139371083521e-01 4.759431996392587e-01 5.003988105907061e-01 C
 6.933109639861269e-01 5.201569311301575e-01 2.782357130417714e-04 C
 6.793574643210023e-01 5.671552069403771e-01 2.031062488410873e-04 C
 6.650450805099920e-01 6.140439765468199e-01 3.457739953968919e-04 C
 6.523433693028162e-01 6.613933490111825e-01 2.246349056748762e-04 C
 6.446170691749707e-01 7.098220076271684e-01 2.280885419172815e-04 C
 6.414033692864517e-01 7.587888557200103e-01 2.788349014654496e-04 C
 6.402229307897480e-01 8.078459015085273e-01 1.761132886427331e-04 C
 6.404323381899552e-01 8.569082470689259e-01 1.911588076799593e-04 C
 6.375666293547039e-01 9.058600015363617e-01 1.945017668720599e-04 C
 6.209277384465230e-01 9.518902478228178e-01 -1.312676275876746e-04 C
 5.821314497219916e-01 9.814664669353614e-01 -4.222092432683919e-04 C
 5.333909853280939e-01 9.790751202464920e-01 -7.872180839753481e-05 C
 4.927312872520758e-01 9.517921943015750e-01 1.434057525064080e-04 C
 4.612864899989088e-01 9.141220483592312e-01 8.226453610575743e-05 C
 4.323920418942587e-01 8.744098613610684e-01 5.824190444139478e-05 C
 4.016601595666558e-01 8.360748026071838e-01 1.760594028930908e-04 C
 3.695082666840929e-01 7.990689453259709e-01 2.444109953888490e-04 C
 3.340631972955107e-01 7.652184205250930e-01 2.771306293150921e-04 C
 2.963517564313579e-01 7.339167484580609e-01 3.679398424203456e-04 C
 2.574780236577165e-01 7.040584444352657e-01 2.516163381829326e-04 C
 2.186269350474739e-01 6.741837965027715e-01 2.227157946607407e-04 C
 1.862274185531475e-01 6.374931140160914e-01 1.340309213329250e-04 C
 1.704335425567555e-01 5.912498994221150e-01 3.855886652108302e-06 C
 1.784636464280314e-01 5.430374440368156e-01 1.401016193512351e-04 C
 2.035549897055026e-01 5.009911389282773e-01 2.149748278122974e-04 C
 2.355323471237041e-01 4.638355269873292e-01 2.541823624598576e-04 C
 2.658722421779799e-01 4.253632623617968e-01 3.889449173145880e-04 C
 2.938840201092491e-01 3.851691393575341e-01 2.782573124123894e-04 C
 3.215694785012029e-01 3.446871479828079e-01 1.817029660256958e-04 C
 3.503181678068668e-01 3.049803790548955e-01 4.033970447269466e-04 C
 3.822497488643137e-01 2.678064971307664e-01 2.710253097302215e-04 C
 4.156655851298467e-01 2.319467337014460e-01 2.821595839260848e-04 C
 4.497881930747720e-01 1.967550816523137e-01 3.618768951973495e-04 C
 4.851004201389103e-01 1.627403471318539e-01 3.474956154395248e-04 C
 5.210733566002785e-01 1.294100189431268e-01 1.845646911145500e-04 C
 5.564773252916240e-01 9.545696226949464e-02 1.780401892260872e-04 C
 5.940922521469898e-01 6.397539978073283e-02 1.435658584600739e-04 C
 6.389630610385773e-01 4.434599517055246e-02 -7.851090037929236e-05 C
 6.874898203795046e-01 4.989298570829195e-02 -3.485831885269387e-04 C
 7.225569106107380e-01 8.389176875645159e-02 -8.356244165907591e-05 C
 7.358189727620027e-01 1.310402980100137e-01 1.384097751310337e-04 C
 7.351963843916413e-01 1.800879906294915e-01 1.717030072084649e-04 C
 7.310840795258067e-01 2.289688429568681e-01 1.857913715835473e-04 C
 7.279087123529057e-01 2.779053342292145e-01 3.609289053405035e-04 C
 7.238797107008939e-01 3.267658091150030e-01 3.615062987176829e-04 C
 7.184205165053855e-01 3.754767964167665e-01 2.851145587744483e-04 C
 7.123740307192107e-01 4.241137240353480e-01 2.855069650844475e-04 C
 7.048096259011979e-01 4.725212658870548e-01 4.225268348230380e-04 C
 6.933109475400413e-01 5.201569282968145e-01 3.329326219770372e-01 C
 6.793574627361689e-01 5.671551850059605e-01 3.330081765086307e-01 C
 6.650451414140586e-01 6.140439503885731e-01 3.328661651053337e-01 C
 6.523433515441037e-01 6.613933456542005e-01 3.329865847649105e-01 C
 6.446170558010693e-01 7.098220030377980e-01 3.329819816997821e-01 C
 6.414033670443211e-01 7.587888440405883e-01 3.329303817479279e-01 C
 6.402229155411255e-01 8.078458716768268e-01 3.330331620824368e-01 C
 6.404323553073172e-01 8.569082302774720e-01 3.330175063708262e-01 C
 6.375666277270132e-01 9.058599877342688e-01 3.330135625771362e-01 C
 6.209277214503973e-01 9.518902307803192e-01 3.333384964113179e-01 C
 5.821314380185710e-01 9.814664825945859e-01 3.336296461342965e-01 C
 5.333909958090445e-01 9.790751441745698e-01 3.332860089565370e-01 C
 4.927312929911697e-01 9.517921567856109e-01 3.330630709187986e-01 C
 4.612864875348985e-01 9.141220672552054e-01 3.331236906533452e-01 C
 4.323920580466976e-01 8.744098166975864e-01 3.331474543383668e-01 C
 4.016598296944601e-01 8.360748712474155e-01 3.330305530621972e-01 C
 3.695081675283077e-01 7.990689822613231e-01 3.329605416384344e-01 C
 3.340630874999282e-01 7.652184625741320e-01 3.329275413304580e-01 C
 2.963516769398279e-01 7.339168893334220e-01 3.328368107504746e-01 C
 2.574780152862514e-01 7.040584343725794e-01 3.329539632593090e-01 C
 2.186269451791983e-01 6.741838095101442e-01 3.329828940808087e-01 C
 1.862274452834812e-01 6.374930790347333e-01 3.330722783568621e-01 C
 1.704335437596517e-01 5.912498481233103e-01 3.332035928369413e-01 C
 1.784636325521815e-01 5.430374190833086e-01 3.330688357964540e-01 C
 2.035549776200976e-01 5.009911038146125e-01 3.329942202458193e-01 C
 2.355323086301473e-01 4.638355356199595e-01 3.329555827843377e-01 C
 2.658719830857015e-01 4.253631807575754e-01 3.328197947812065e-01 C
 2.938835125068874e-01 3.851690137449482e-01 3.329303867361303e-01 C
 3.215694765784023e-01 3.446871708863788e-01 3.330267277117240e-01 C
 3.503182159889642e-01 3.049804272236637e-01 3.328053715386476e-01 C
 3.822497045867656e-01 2.678064988643788e-01 3.329373798216166e-01 C
 4.156655877606535e-01 2.319466952183156e-01 3.329266762237931e-01 C
 4.497882101913177e-01 1.967550833640278e-01 3.328467193790327e-01 C
 4.851004000761402e-01 1.627403113098669e-01 3.328607970073398e-01 C
 5.210733281412253e-01 1.294100137529536e-01 3.330229216339126e-01 C
 5.564773201056605e-01 9.545692262616819e-02 3.330296327017377e-01 C
 5.940922560827278e-01 6.397536113958757e-02 3.330652445897182e-01 C
 6.389630601481627e-01 4.434598334030537e-02 3.332881316401002e-01 C
 6.874898303980366e-01 4.989300035363518e-02 3.335582147111662e-01 C
 7.225569403639862e-01 8.389176414668639e-02 3.332932292000375e-01 C
 7.358189741110222e-01 1.310403099453640e-01 3.330717680897879e-01 C
 7.351963705060317e-01 1.800879995817428e-01 3.330384543447534e-01 C
 7.310840878456215e-01 2.289688272104351e-01 3.330247204183424e-01 C
 7.279087104763067e-01 2.779053305650943e-01 3.328493409167022e-01 C
 7.238797114898189e-01 3.267657997285444e-01 3.328481414924894e-01 C
 7.184205094431581e-01 3.754768116753358e-01 3.329248298136469e-01 C
 7.123740563201343e-01 4.241137083422293e-01 3.329250156477245e-01 C
 7.048096499546198e-01 4.725212588945443e-01 3.327880904512983e-01 C
 6.865107535775725e-01 5.437042487610468e-01 8.329323708150027e-01 C
 6.721800988269537e-01 5.906014362888122e-01 8.329283223765290e-01 C
 6.582497221710084e-01 6.375937823368600e-01 8.329402809007811e-01 C
 6.477823684292324e-01 6.854940326630241e-01 8.329826107973204e-01 C
 6.425945424747278e-01 7.342780284173727e-01 8.330179012542244e-01 C
 6.406095430411476e-01 7.833134275456604e-01 8.329918432006810e-01 C
 6.402473201770461e-01 8.323804150545127e-01 8.330311228647604e-01 C
 6.399664515514176e-01 8.814359746620567e-01 8.330274952345020e-01 C
 6.317648472399264e-01 9.297450720487740e-01 8.331302123706682e-01 C
 6.041243431945506e-01 9.700391454351939e-01 8.335650558664214e-01 C
 5.575293830240982e-01 9.843644350131050e-01 8.334878622079349e-01 C
 5.116196808806405e-01 9.675302308469007e-01 8.331361599087830e-01 C
 4.762201282566227e-01 9.336109621676839e-01 8.330858898633587e-01 C
 4.470248509269376e-01 8.941395695242259e-01 8.331336227977050e-01 C
 4.172173839378724e-01 8.550839812234424e-01 8.331702728780669e-01 C
 3.859233904028159e-01 8.172766297582210e-01 8.329190325958732e-01 C
 3.522056700984522e-01 7.817020644025670e-01 8.329428936383952e-01 C
 3.153316968232367e-01 7.494170745531797e-01 8.328155991241490e-01 C
 2.771340891104165e-01 7.187027099610029e-01 8.329350558054571e-01 C
 2.377451342007793e-01 6.895199403958779e-01 8.329683181331242e-01 C
 2.010416604403832e-01 6.570835943648464e-01 8.330286131943169e-01 C
 1.755310264923742e-01 6.153466312020336e-01 8.331633988751092e-01 C
 1.716148112891929e-01 5.666518392176498e-01 8.331493307496690e-01 C
 1.895408404062624e-01 5.211218708008561e-01 8.330267195610747e-01 C
 2.192897179690645e-01 4.821936020192187e-01 8.329788566363113e-01 C
 2.511835180822682e-01 4.449718393948218e-01 8.329568391556380e-01 C
 2.800139903487658e-01 4.053694422925934e-01 8.329456824579372e-01 C
 3.077304112254742e-01 3.649348037659508e-01 8.330172333437421e-01 C
 3.356078961922068e-01 3.245837991249877e-01 8.329076924887012e-01 C
 3.659591392249497e-01 2.861166207799632e-01 8.328974679409348e-01 C
 3.988743071198853e-01 2.497990881400002e-01 8.329375887704578e-01 C
 4.326124375859166e-01 2.142394406134231e-01 8.329211219694622e-01 C
 4.673344941553099e-01 1.796362920555018e-01 8.329633012267244e-01 C
 5.030949052089257e-01 1.460896788512917e-01 8.329533716463905e-01 C
 5.388510240467376e-01 1.125115019127831e-01 8.329924139885260e-01 C
 5.746330394090982e-01 7.895078919943042e-02 8.330453783683623e-01 C
 6.154935715123522e-01 5.186554222377947e-02 8.331479317499035e-01 C
 6.636427947172772e-01 4.321637670787435e-02 8.334539884556434e-01 C
 7.077792921766850e-01 6.409236013235320e-02 8.334554291488272e-01 C
 7.316216105066690e-01 1.068096596603906e-01 8.331486774371988e-01 C
 7.365347437824782e-01 1.555860929073012e-01 8.330500915742809e-01 C
 7.330275307516496e-01 2.045187274766180e-01 8.329877735087503e-01 C
 7.294603512724903e-01 2.534394376993982e-01 8.329620423588803e-01 C
 7.260344638287293e-01 3.023484988388275e-01 8.329556729150226e-01 C
 7.212720036876105e-01 3.511345008366113e-01 8.329168950547605e-01 C
 7.154530499481461e-01 3.998031434083128e-01 8.329325195075007e-01 C
 7.089685900909261e-01 4.483784669854703e-01 8.328790912593423e-01 C
 6.995015305766835e-01 4.964429526898244e-01 8.329169457688884e-01 C
 6.865107075830016e-01 5.437042258204264e-01 5.002783203506046e-01 C
 6.721801942585804e-01 5.906014259630994e-01 5.002839729516342e-01 C
 6.582497381750708e-01 6.375937712612335e-01 5.002709157437328e-01 C
 6.477823657138561e-01 6.854940427225442e-01 5.002281139832295e-01 C
 6.425945438543227e-01 7.342780521132621e-01 5.001917784382224e-01 C
 6.406095297550350e-01 7.833134051964739e-01 5.002173635618166e-01 C
 6.402473129533168e-01 8.323804222000349e-01 5.001776623298880e-01 C
 6.399664409465425e-01 8.814359568849259e-01 5.001809308829239e-01 C
 6.317648595861813e-01 9.297450764333247e-01 5.000773136983793e-01 C
 6.041243340548254e-01 9.700391419912067e-01 4.996423037333236e-01 C
 5.575293779164127e-01 9.843644643903543e-01 4.997194923035155e-01 C
 5.116196802738285e-01 9.675302012409505e-01 5.000709323840614e-01 C
 4.762201276073574e-01 9.336109441244067e-01 5.001201195577720e-01 C
 4.470248608439993e-01 8.941395269076891e-01 5.000724459184737e-01 C
 4.172173043569781e-01 8.550840091737284e-01 5.000350680872063e-01 C
 3.859232933613079e-01 8.172765421188682e-01 5.002865368406612e-01 C
 3.522056598399937e-01 7.817020255413096e-01 5.002617556842558e-01 C
 3.153315385510619e-01 7.494172472392930e-01 5.003902165049474e-01 C
 2.771340900686479e-01 7.187027204820776e-01 5.002702095020799e-01 C
 2.377451424803792e-01 6.895199647531973e-01 5.002373357217218e-01 C
 2.010416720367465e-01 6.570835768634506e-01 5.001772002556097e-01 C
 1.755310170129396e-01 6.153466400979647e-01 5.000433878414019e-01 C
 1.716148229578759e-01 5.666518227078783e-01 5.000588305483602e-01 C
 1.895408395070832e-01 5.211218643703169e-01 5.001827352448942e-01 C
 2.192896950155455e-01 4.821936068912055e-01 5.002304059301471e-01 C
 2.511834895143859e-01 4.449718564714860e-01 5.002528162682780e-01 C
 2.800137658451943e-01 4.053693297039846e-01 5.002607062498816e-01 C
 3.077304126282031e-01 3.649348614614524e-01 5.001898384431703e-01 C
 3.356079770925756e-01 3.245839019338962e-01 5.003003658061895e-01 C
 3.659591480540024e-01 2.861166762466320e-01 5.003103874839410e-01 C
 3.988743291306530e-01 2.497990846939387e-01 5.002711677129507e-01 C
 4.326124366611928e-01 2.142394491849836e-01 5.002879774128062e-01 C
 4.673345130993313e-01 1.796362552933566e-01 5.002457732429574e-01 C
 5.030949029753101e-01 1.460896718897801e-01 5.002555413640239e-01 C
 5.388510197486699e-01 1.125114953993487e-01 5.002160150828561e-01 C
 5.746330322490167e-01 7.895076445780561e-02 5.001631109538471e-01 C
 6.154935533371424e-01 5.186552528029476e-02 5.000611658881011e-01 C
 6.636428014341960e-01 4.321638116597417e-02 4.997557213119606e-01 C
 7.077792980761305e-01 6.409236892323732e-02 4.997542240332997e-01 C
 7.316216354608372e-01 1.068096735941414e-01 5.000611214793345e-01 C
 7.365347509826148e-01 1.555860791629713e-01 5.001603080385311e-01 C
 7.330275399106565e-01 2.045187226260769e-01 5.002225640731409e-01 C
 7.294603720783454e-01 2.534394467420921e-01 5.002482846127970e-01 C
 7.260344499587769e-01 3.023485058219304e-01 5.002539785308753e-01 C
 7.212719862970856e-01 3.511344776675066e-01 5.002930398368343e-01 C
 7.154530430161519e-01 3.998031465184863e-01 5.002775725660004e-01 C
 7.089686100581720e-01 4.483784453639686e-01 5.003316240019756e-01 C
 6.995015220181404e-01 4.964429337572256e-01 5.002935533683215e-01 C
 6.622481150191130e-01 4.934845964865193e-01 2.558453531810084e-04 C
 6.492545236712681e-01 5.407815271383654e-01 2.696703288159590e-04 C
 6.349182300897261e-01 5.877200114769255e-01 1.975724221732956e-04 C
 6.209846869775342e-01 6.347541129800964e-01 2.089450578449613e-04 C
 6.105076338221642e-01 6.827149425941642e-01 1.289735579252343e-04 C
 6.053133896622108e-01 7.315459079615353e-01 7.696754381694181e-05 C
 6.033266019990735e-01 7.806379078480825e-01 9.906513061664608e-05 C
 5.952443970185552e-01 8.290422610568451e-01 -3.849217791231778e-05 C
 5.663275561172113e-01 8.684914489379567e-01 -4.467125674599822e-04 C
 5.190133193625197e-01 8.805442580431592e-01 -3.771654101766142e-04 C
 4.741461710216882e-01 8.610033626742071e-01 2.785641591189590e-05 C
 4.402263353183408e-01 8.254889939287297e-01 -1.695015683300840e-06 C
 4.087516490823004e-01 7.876781232276305e-01 9.404136430122164e-06 C
 3.749010766009295e-01 7.519996404532394e-01 8.520152561888312e-06 C
 3.378672095298346e-01 7.196072095215881e-01 1.114735801678735e-04 C
 2.995882121972048e-01 6.888200920180488e-01 8.642779606307129e-05 C
 2.648881810649983e-01 6.541070642719838e-01 4.582101574206114e-05 C
 2.426068139605465e-01 6.104408337375118e-01 1.839904605791900e-05 C
 2.379747588757949e-01 5.616503007542615e-01 2.383523010242294e-05 C
 2.511513220168491e-01 5.144297599730262e-01 7.245286696437538e-05 C
 2.766871475831452e-01 4.725172708644496e-01 1.233705073652170e-04 C
 3.054695105428251e-01 4.327411230383509e-01 8.253892057678773e-05 C
 3.332471719391249e-01 3.922510754960751e-01 1.190608613635646e-04 C
 3.611437974469646e-01 3.518653650980506e-01 3.018812579517148e-04 C
 3.915198625466850e-01 3.133768849261397e-01 2.678277108457063e-04 C
 4.244823040841813e-01 2.770226216786844e-01 1.815699619923353e-04 C
 4.582723983715777e-01 2.414116532199515e-01 1.888681322550882e-04 C
 4.930494113365330e-01 2.067615690164319e-01 1.374542172062135e-04 C
 5.288595035233010e-01 1.731654020284316e-01 1.661919561330908e-04 C
 5.696642825287126e-01 1.459802196735988e-01 -2.154403989356905e-06 C
 6.180398240720966e-01 1.385459016775291e-01 -2.049519107435507e-04 C
 6.622785803543599e-01 1.593583709419734e-01 -2.093767787084900e-04 C
 6.873399970493231e-01 2.013949659226197e-01 -1.272049227811977e-06 C
 6.922271954541640e-01 2.501772989849281e-01 1.665493699391237e-04 C
 6.887950067238793e-01 2.991537163746671e-01 1.492473290913229e-04 C
 6.840301287845072e-01 3.480084137051105e-01 1.982444113810656e-04 C
 6.782037035434987e-01 3.967473588879092e-01 1.929962436203790e-04 C
 6.717207944087695e-01 4.453820195365994e-01 2.869936907787831e-04 C
 6.622481088223061e-01 4.934846117523657e-01 3.329544969337321e-01 C
 6.492544930539654e-01 5.407815528472780e-01 3.329404444341715e-01 C
 6.349183919798557e-01 5.877202894730902e-01 3.330122053458145e-01 C
 6.209847142267183e-01 6.347541938120489e-01 3.330016735549139e-01 C
 6.105076265517287e-01 6.827149304156683e-01 3.330819267908558e-01 C
 6.053134011379123e-01 7.315458821008253e-01 3.331325075656761e-01 C
 6.033266259813331e-01 7.806379223911261e-01 3.331088896821241e-01 C
 5.952444270924784e-01 8.290422987794446e-01 3.332448100849958e-01 C
 5.663275158210275e-01 8.684914085098621e-01 3.336525867153038e-01 C
 5.190133249853504e-01 8.805443127809816e-01 3.335823471633667e-01 C
 4.741462703601670e-01 8.610033680576976e-01 3.331756926785003e-01 C
 4.402269133854467e-01 8.254886839346436e-01 3.332021362141793e-01 C
 4.087515537296335e-01 7.876782014297451e-01 3.331919860787730e-01 C
 3.749009995485404e-01 7.519996747060953e-01 3.331929594054141e-01 C
 3.378667909278690e-01 7.196074342899395e-01 3.330887087982229e-01 C
 2.995881024043573e-01 6.888201121020036e-01 3.331165116561850e-01 C
 2.648881344419968e-01 6.541070742226343e-01 3.331584950092846e-01 C
 2.426067647658884e-01 6.104408461109375e-01 3.331867055763507e-01 C
 2.379747683689937e-01 5.616503104403272e-01 3.331809790378321e-01 C
 2.511513499176649e-01 5.144297518356307e-01 3.331323994307877e-01 C
 2.766871405372928e-01 4.725171981302148e-01 3.330814304472990e-01 C
 3.054693529800457e-01 4.327409233089498e-01 3.331230144439552e-01 C
 3.332472317435856e-01 3.922509750996453e-01 3.330857495052232e-01 C
 3.611439334889524e-01 3.518654604160022e-01 3.329067066322538e-01 C
 3.915199041868647e-01 3.133768903250123e-01 3.329394969589199e-01 C
 4.244823144986157e-01 2.770226174961544e-01 3.330269097687572e-01 C
 4.582724030375732e-01 2.414116414055758e-01 3.330199241400776e-01 C
 4.930494118691078e-01 2.067615381955545e-01 3.330714127362122e-01 C
 5.288594831785687e-01 1.731654146586857e-01 3.330428308435792e-01 C
 5.696643173173991e-01 1.459802271805826e-01 3.332110913153286e-01 C
 6.180398022620829e-01 1.385458951062167e-01 3.334144842284376e-01 C
 6.622785943447280e-01 1.593583528683352e-01 3.334182512495004e-01 C
 6.873399969813125e-01 2.013949994440455e-01 3.332109869371056e-01 C
 6.922272161552564e-01 2.501772939232630e-01 3.330438040774833e-01 C
 6.887949896732828e-01 2.991537053808969e-01 3.330605555015988e-01 C
 6.840301088122664e-01 3.480083822007913e-01 3.330118031071437e-01 C
 6.782036961876733e-01 3.967473520270375e-01 3.330171152386930e-01 C
 6.717208158154544e-01 4.453820395966743e-01 3.329235809996384e-01 C
 6.560549682771466e-01 5.172177466984414e-01 8.329644651635806e-01 C
 6.420928639574945e-01 5.642446952735265e-01 8.330507045123950e-01 C
 6.277905029966092e-01 6.111855219027239e-01 8.328492543588124e-01 C
 6.150699724995423e-01 6.585835164810760e-01 8.331024595022460e-01 C
 6.073402921424506e-01 7.070678673922968e-01 8.330963059688773e-01 C
 6.041278079013346e-01 7.560813208640085e-01 8.330761115261046e-01 C
 6.011221058350150e-01 8.051247830458739e-01 8.331278119144282e-01 C
 5.838475227658990e-01 8.509647126611624e-01 8.334512630743897e-01 C
 5.437737649002208e-01 8.788853436658780e-01 8.337120618173698e-01 C
 4.951536249961945e-01 8.739404577176917e-01 8.333671625082291e-01 C
 4.561775869484583e-01 8.441881095155259e-01 8.331385749257112e-01 C
 4.245593576963479e-01 8.065220086841872e-01 8.332582454260191e-01 C
 3.922733204433468e-01 7.694181553256025e-01 8.332144294661923e-01 C
 3.566841570588055e-01 7.354593858428752e-01 8.332137920669336e-01 C
 3.188424655138649e-01 7.040744141075599e-01 8.330272640383954e-01 C
 2.811966846107292e-01 6.725179311984747e-01 8.331185734049565e-01 C
 2.517404245144035e-01 6.333016360515170e-01 8.331679464922190e-01 C
 2.379765513796548e-01 5.862644763370262e-01 8.331642545512318e-01 C
 2.425183881756623e-01 5.374614561401091e-01 8.331515884238683e-01 C
 2.629040996320395e-01 4.928424720088352e-01 8.330950079229471e-01 C
 2.912699431034081e-01 4.527740125179030e-01 8.330235237645274e-01 C
 3.193714229263144e-01 4.125050041167870e-01 8.330352195274230e-01 C
 3.471032945040697e-01 3.719878018470134e-01 8.330860274331714e-01 C
 3.758556205647813e-01 3.322452953254693e-01 8.327506111933036e-01 C
 4.078341834318235e-01 2.950514098300875e-01 8.330143563082258e-01 C
 4.412980692528863e-01 2.591456079662689e-01 8.330178524296243e-01 C
 4.754686657974783e-01 2.238945447840914e-01 8.328711349273393e-01 C
 5.108350943076205e-01 1.898345862076544e-01 8.329964655606389e-01 C
 5.481607213535054e-01 1.579584626075211e-01 8.330963162020977e-01 C
 5.933297919928571e-01 1.390102434154024e-01 8.333122313463485e-01 C
 6.418076428348254e-01 1.454466412579162e-01 8.334789312111055e-01 C
 6.776527207453378e-01 1.787071704018940e-01 8.333094387974700e-01 C
 6.917493180228306e-01 2.256109419668464e-01 8.330935198890878e-01 C
 6.906814724446889e-01 2.746766535796619e-01 8.329838232804864e-01 C
 6.866499342884066e-01 3.236044962111259e-01 8.328708792383236e-01 C
 6.811747981120568e-01 3.723875894230488e-01 8.330126266864439e-01 C
 6.751231490071590e-01 4.210887675137642e-01 8.330005353647788e-01 C
 6.675720162890241e-01 4.695478888044784e-01 8.327445177427998e-01 C
 6.560549282767808e-01 5.172177632365250e-01 5.002457516746487e-01 C
 6.420927778403285e-01 5.642447951404915e-01 5.001582634979355e-01 C
 6.277905258092705e-01 6.111856134777532e-01 5.003616905817305e-01 C
 6.150699438374039e-01 6.585835613408405e-01 5.001085354749403e-01 C
 6.073402867123698e-01 7.070678765166333e-01 5.001140305520674e-01 C
 6.041277858387016e-01 7.560813438090093e-01 5.001325460578481e-01 C
 6.011221720275522e-01 8.051248384476511e-01 5.000790347457493e-01 C
 5.838475249173403e-01 8.509647209349792e-01 4.997549445993050e-01 C
 5.437737278871282e-01 8.788853204503971e-01 4.994935088293413e-01 C
 4.951536085211351e-01 8.739404927610736e-01 4.998374501360574e-01 C
 4.561778473894429e-01 8.441879247323161e-01 5.000639762665123e-01 C
 4.245594031779357e-01 8.065220444199769e-01 4.999411580091341e-01 C
 3.922733097257947e-01 7.694181362942737e-01 4.999873859029487e-01 C
 3.566841007981618e-01 7.354592870374352e-01 4.999861854971240e-01 C
 3.188423723423919e-01 7.040744437254673e-01 5.001748340394723e-01 C
 2.811966014670592e-01 6.725179456671198e-01 5.000852424764459e-01 C
 2.517404224812411e-01 6.333016277076410e-01 5.000368612018065e-01 C
 2.379765085068937e-01 5.862644729980381e-01 5.000407884404880e-01 C
 2.425184235196805e-01 5.374614580848669e-01 5.000531841931436e-01 C
 2.629040826697039e-01 4.928424343850857e-01 5.001095480350388e-01 C
 2.912698740126620e-01 4.527739110291114e-01 5.001817339694115e-01 C
 3.193712869563507e-01 4.125047638011496e-01 5.001684189290585e-01 C
 3.471033301188026e-01 3.719878593534436e-01 5.001205006472915e-01 C
 3.758557330150673e-01 3.322453723343657e-01 5.004562612176270e-01 C
 4.078342020349439e-01 2.950514096764940e-01 5.001927685425224e-01 C
 4.412980404538088e-01 2.591456009102319e-01 5.001909283571417e-01 C
 4.754686661425108e-01 2.238945420699141e-01 5.003378733261576e-01 C
 5.108350524066204e-01 1.898345391664856e-01 5.002125302924008e-01 C
 5.481607450768546e-01 1.579584966556194e-01 5.001132401594693e-01 C
 5.933297852639008e-01 1.390102553934543e-01 4.998968345744850e-01 C
 6.418076557019273e-01 1.454466060173256e-01 4.997302944821429e-01 C
 6.776527274886099e-01 1.787071748647135e-01 4.998996153687235e-01 C
 6.917493097365460e-01 2.256109545112450e-01 5.001166183072504e-01 C
 6.906814719415821e-01 2.746766353138588e-01 5.002264598023181e-01 C
 6.866499397523546e-01 3.236044863538702e-01 5.003389312710230e-01 C
 6.811747980198710e-01 3.723875640022595e-01 5.001974097329345e-01 C
 6.751231646221645e-01 4.210887686151543e-01 5.002097264917986e-01 C
 6.675720322985510e-01 4.695479070186864e-01 5.004659286770519e-01 C
 6.303337231305000e-01 4.666418216617952e-01 5.190596970985871e-04 C
 6.187933446330719e-01 5.143265005164386e-01 2.210010969292670e-04 C
 6.048221074037649e-01 5.613760116436780e-01 1.014888784678960e-04 C
 5.905323659482670e-01 6.083548064302984e-01 2.577961613810383e-04 C
 5.757611299500085e-01 6.551214527469627e-01 1.704500017025951e-04 C
 5.508322208582761e-01 6.972771790680842e-01 7.169073699719808e-05 C
 5.117358679080040e-01 7.267477261719654e-01 1.940828018821296e-05 C
 4.638783650126306e-01 7.371830537221269e-01 4.764562314169836e-05 C
 4.158542494045121e-01 7.275994766385001e-01 1.268880153515334e-04 C
 3.739079754673313e-01 7.022764006506862e-01 1.231157130712902e-04 C
 3.389109970496816e-01 6.678398010973056e-01 4.605738205614047e-05 C
 3.141382332335291e-01 6.254236577304001e-01 -3.704568671863967e-05 C
 3.020887399079002e-01 5.777990782269992e-01 -4.254758507210199e-05 C
 3.041372871846696e-01 5.287106742668021e-01 -2.953329786951975e-05 C
 3.196525029825691e-01 4.820953402452371e-01 6.065249723255655e-06 C
 3.448271927958028e-01 4.398804528525227e-01 4.311115196294112e-05 C
 3.726140928471202e-01 3.993165900012938e-01 4.176684581560077e-05 C
 4.013625468719542e-01 3.595325299197737e-01 4.973623963415547e-04 C
 4.333807904088506e-01 3.223382052547514e-01 1.377408668337159e-04 C
 4.668573886548863e-01 2.864209699487708e-01 1.211155641495728e-04 C
 5.010172219668276e-01 2.511620510844706e-01 2.412420257208395e-04 C
 5.383632810908272e-01 2.193266270395452e-01 2.298121203197571e-05 C
 5.855580018226765e-01 2.065473655362427e-01 -4.791406881929985e-04 C
 6.297668503789415e-01 2.271850181696406e-01 -4.835932316067922e-04 C
 6.501676811760418e-01 2.716149363183269e-01 1.937265369509868e-05 C
 6.493984169883623e-01 3.206759451914092e-01 2.453730614967704e-04 C
 6.439115902722459e-01 3.694520854145396e-01 1.414121781562680e-04 C
 6.378600517742501e-01 4.181611677895534e-01 1.597837183988828e-04 C
 6.303337206445067e-01 4.666418172305663e-01 3.326920039179901e-01 C
 6.187932774313668e-01 5.143264895558175e-01 3.329900396187107e-01 C
 6.048220622670063e-01 5.613760107463369e-01 3.331063995741478e-01 C
 5.905324427236038e-01 6.083548475473946e-01 3.329515276020794e-01 C
 5.757611002692200e-01 6.551214502268637e-01 3.330417130760498e-01 C
 5.508322095701607e-01 6.972771847601287e-01 3.331414958612747e-01 C
 5.117358460670833e-01 7.267477399667002e-01 3.331942602329346e-01 C
 4.638783904581839e-01 7.371830997710108e-01 3.331680585828650e-01 C
 4.158542979935714e-01 7.275994411934024e-01 3.330913287380918e-01 C
 3.739085513103610e-01 7.022759811356397e-01 3.330948949697429e-01 C
 3.389110794374032e-01 6.678397674192860e-01 3.331683965496116e-01 C
 3.141382646173075e-01 6.254237137859294e-01 3.332506708100353e-01 C
 3.020887342541054e-01 5.777991038731448e-01 3.332553958056431e-01 C
 3.041372662922526e-01 5.287107163474242e-01 3.332400251726137e-01 C
 3.196524513696917e-01 4.820953756665192e-01 3.332017028443479e-01 C
 3.448270088801080e-01 4.398803698827677e-01 3.331631882069784e-01 C
 3.726145700989567e-01 3.993168385761711e-01 3.331638233945510e-01 C
 4.013626702387846e-01 3.595326028504931e-01 3.327096286284559e-01 C
 4.333808227123332e-01 3.223382435860364e-01 3.330705541195708e-01 C
 4.668573811573914e-01 2.864209279676381e-01 3.330873435458560e-01 C
 5.010171887149001e-01 2.511620938383583e-01 3.329681007336308e-01 C
 5.383632365826181e-01 2.193266244749265e-01 3.331862324621130e-01 C
 5.855580176752484e-01 2.065474139194842e-01 3.336890175640722e-01 C
 6.297668793717328e-01 2.271850114309164e-01 3.336939501818024e-01 C
 6.501677033319405e-01 2.716149370335527e-01 3.331911303165926e-01 C
 6.493983945043373e-01 3.206759528594466e-01 3.329652588167900e-01 C
 6.439115760688006e-01 3.694521151425775e-01 3.330689606258393e-01 C
 6.378600613439921e-01 4.181611499371755e-01 3.330507071021627e-01 C
 6.249876718000065e-01 4.905827796933879e-01 8.330016632342134e-01 C
 6.119949024561595e-01 5.378990509367381e-01 8.329524490080524e-01 C
 5.976475321009248e-01 5.848657431316061e-01 8.331130982502489e-01 C
 5.837183814384534e-01 6.319128238499223e-01 8.329820458203285e-01 C
 5.650972171022303e-01 6.772480682841558e-01 8.330939855930443e-01 C
 5.328747812250173e-01 7.141092127477012e-01 8.331629486116450e-01 C
 4.883653649423348e-01 7.345446241973607e-01 8.331953676613953e-01 C
 4.393931671293669e-01 7.347055421418012e-01 8.331254776504561e-01 C
 3.939363115288520e-01 7.164821043081958e-01 8.330630371826836e-01 C
 3.553578568872964e-01 6.861343427326259e-01 8.331701528414326e-01 C
 3.250592336927573e-01 6.474949310491842e-01 8.332259537863399e-01 C
 3.063958970067320e-01 6.020473260442978e-01 8.332408983815329e-01 C
 3.013174866192539e-01 5.531798533251802e-01 8.332619738203585e-01 C
 3.103761030955747e-01 5.048938872832747e-01 8.332111799101106e-01 C
 3.314396362322069e-01 4.605027972733181e-01 8.331897533475616e-01 C
 3.587349976132779e-01 4.196023001107815e-01 8.332044444967881e-01 C
 3.866538562191985e-01 3.791708495594355e-01 8.329303277214087e-01 C
 4.170515917687166e-01 3.406671913031666e-01 8.329704331857585e-01 C
 4.500384809219818e-01 3.043021211411688e-01 8.330874094047277e-01 C
 4.838323206364349e-01 2.686854149723955e-01 8.330755802834952e-01 C
 5.186682221795970e-01 2.340821099230266e-01 8.331010024719614e-01 C
 5.609202818132767e-01 2.092772054826297e-01 8.334540451910720e-01 C
 6.096361863486148e-01 2.126381925384992e-01 8.337566408132501e-01 C
 6.434673379941768e-01 2.478445671401981e-01 8.334608893362352e-01 C
 6.513560601805246e-01 2.961950669709643e-01 8.330939432140367e-01 C
 6.467673335256786e-01 3.450750504896481e-01 8.330660896286195e-01 C
 6.409399876498550e-01 3.938120430208970e-01 8.330632336841381e-01 C
 6.344649260693791e-01 4.424640783791366e-01 8.329435627933084e-01 C
 6.249877039503910e-01 4.905828071062977e-01 5.002098551109674e-01 C
 6.119948176338771e-01 5.378991221118194e-01 5.002561770470922e-01 C
 5.976476504495416e-01 5.848657706380727e-01 5.000950000583394e-01 C
 5.837184204755728e-01 6.319127827342020e-01 5.002286616820976e-01 C
 5.650972133267224e-01 6.772480560532627e-01 5.001188287260752e-01 C
 5.328747847120264e-01 7.141092279343788e-01 5.000503521460681e-01 C
 4.883653852552620e-01 7.345446569129417e-01 5.000192544530798e-01 C
 4.393932524819307e-01 7.347055560730528e-01 5.000915576035481e-01 C
 3.939365343298775e-01 7.164819273861884e-01 5.001562700423090e-01 C
 3.553581208513696e-01 6.861341528037704e-01 5.000457447908860e-01 C
 3.250592802122132e-01 6.474949225115691e-01 4.999878338150064e-01 C
 3.063958901883766e-01 6.020473384771077e-01 4.999725078556282e-01 C
 3.013174783904081e-01 5.531798521823388e-01 4.999495013280666e-01 C
 3.103761056919995e-01 5.048938768418053e-01 4.999977776890431e-01 C
 3.314395410017614e-01 4.605027310562325e-01 5.000177760851955e-01 C
 3.587349510495866e-01 4.196022677612183e-01 5.000010920109317e-01 C
 3.866541193611314e-01 3.791710311354929e-01 5.002738184485396e-01 C
 4.170515991543609e-01 3.406671837601568e-01 5.002379080753091e-01 C
 4.500384711723047e-01 3.043021234051398e-01 5.001213693427139e-01 C
 4.838322972827090e-01 2.686854230708552e-01 5.001333514522315e-01 C
 5.186681663264485e-01 2.340821447028902e-01 5.001083573389629e-01 C
 5.609202617841275e-01 2.092772111133992e-01 4.997555308513694e-01 C
 6.096361819203812e-01 2.126382219867609e-01 4.994533781797398e-01 C
 6.434673812641626e-01 2.478445731867134e-01 4.997498306101747e-01 C
 6.513560433045815e-01 2.961950667405036e-01 5.001163233852804e-01 C
 6.467673393096683e-01 3.450750576457838e-01 5.001448539138744e-01 C
 6.409399837597556e-01 3.938120617368373e-01 5.001470665604957e-01 C
 6.344649567802154e-01 4.424640496062820e-01 5.002671630098374e-01 C
 5.877230337641103e-01 4.876386579983910e-01 5.301352240010589e-05 C
 5.747304775002748e-01 5.350266068384318e-01 1.315085160018056e-04 C
 5.588521718636078e-01 5.815289004146380e-01 2.974426676600828e-05 C
 5.330950665655452e-01 6.233526783920387e-01 -7.871566606511485e-05 C
 4.931166688076529e-01 6.518051179121329e-01 -1.856191014254701e-04 C
 4.442860830329322e-01 6.559163792194330e-01 -2.714382301508436e-04 C
 4.011514096657010e-01 6.326134361436084e-01 -1.349468925812756e-04 C
 3.741626661836722e-01 5.916033708362249e-01 -8.109913617526113e-05 C
 3.644107189825959e-01 5.434304388462886e-01 -6.198961555059368e-05 C
 3.691127331811775e-01 4.944930602921053e-01 -2.263367747267827e-05 C
 3.858186588457565e-01 4.483051220182464e-01 5.595440619052223e-05 C
 4.119243000028009e-01 4.067031862177874e-01 1.941326778054448e-04 C
 4.423511193175149e-01 3.681784070615214e-01 1.415664631568596e-04 C
 4.802998407741310e-01 3.371240054677174e-01 -4.086618155023514e-05 C
 5.282220872914772e-01 3.272077969317821e-01 -3.041165066467634e-04 C
 5.726727393374654e-01 3.475790445093471e-01 -3.123102250751013e-04 C
 5.962854900871347e-01 3.904357838231057e-01 -4.884377428224029e-05 C
 5.972118496891262e-01 4.394589182789243e-01 1.589139651614454e-04 C
 5.877230140901403e-01 4.876386066312935e-01 3.331603932322805e-01 C
 5.747302473018415e-01 5.350263411215109e-01 3.330822142698326e-01 C
 5.588522317136739e-01 5.815288919981750e-01 3.331820251109794e-01 C
 5.330950640634424e-01 6.233526855530087e-01 3.332909358309727e-01 C
 4.931166490284630e-01 6.518051282716161e-01 3.333986712861734e-01 C
 4.442860895608785e-01 6.559163897229454e-01 3.334844157433984e-01 C
 4.011513990093243e-01 6.326134376970867e-01 3.333477889470137e-01 C
 3.741626632276859e-01 5.916033987442535e-01 3.332930085886334e-01 C
 3.644107444283036e-01 5.434304680484585e-01 3.332730758861531e-01 C
 3.691127188908807e-01 4.944930395171372e-01 3.332330234838820e-01 C
 3.858186312328895e-01 4.483050653488332e-01 3.331543158169655e-01 C
 4.119249832065120e-01 4.067033456472141e-01 3.330178102278216e-01 C
 4.423512447994932e-01 3.681783839459318e-01 3.330690120992808e-01 C
 4.802998591998728e-01 3.371239631797385e-01 3.332526203472628e-01 C
 5.282220617301173e-01 3.272077644869775e-01 3.335163670330648e-01 C
 5.726727630407152e-01 3.475790624245168e-01 3.335240371079401e-01 C
 5.962854882300229e-01 3.904357771586515e-01 3.332608220334529e-01 C
 5.972118302647222e-01 4.394589299071391e-01 3.330533270504352e-01 C
 5.815268533659832e-01 5.114185479046844e-01 8.331468199547331e-01 C
 5.675444017322757e-01 5.585269650618881e-01 8.331876619539138e-01 C
 5.476228395016339e-01 6.034346955240396e-01 8.332065127142158e-01 C
 5.148217712112546e-01 6.399644867355599e-01 8.333510591629224e-01 C
 4.690140352599442e-01 6.574591399044063e-01 8.334761917769898e-01 C
 4.210896150605865e-01 6.472490426480944e-01 8.334173035963468e-01 C
 3.854158295201515e-01 6.135701969254087e-01 8.333022749695269e-01 C
 3.672664524984659e-01 5.679192588103172e-01 8.333023317818052e-01 C
 3.652009396469044e-01 5.188071313977799e-01 8.332698017375070e-01 C
 3.760511841114549e-01 4.708831340541669e-01 8.331808183694789e-01 C
 3.980488939241344e-01 4.269762067287596e-01 8.331671611384351e-01 C
 4.266244708890438e-01 3.870440147244797e-01 8.327617567389333e-01 C
 4.598911942283941e-01 3.509312462146085e-01 8.331453680239662e-01 C
 5.035076919880909e-01 3.286568210167375e-01 8.334074005171944e-01 C
 5.521572676068160e-01 3.336595846941087e-01 8.335774669895366e-01 C
 5.876672742498118e-01 3.672806536709096e-01 8.334152476678656e-01 C
 5.989698922648173e-01 4.149284448643968e-01 8.331345494258983e-01 C
 5.931023880933654e-01 4.636708332329033e-01 8.327630796457243e-01 C
 5.815268820580317e-01 5.114184517049261e-01 5.000671165207032e-01 C
 5.675444840086243e-01 5.585269421177913e-01 5.000243173182355e-01 C
 5.476228556081029e-01 6.034346781581345e-01 5.000049416225709e-01 C
 5.148217793352279e-01 6.399644820789453e-01 4.998617616518037e-01 C
 4.690140139730859e-01 6.574591601345906e-01 4.997368979529135e-01 C
 4.210896092631160e-01 6.472490474198985e-01 4.997955569094105e-01 C
 3.854158219364011e-01 6.135702224847078e-01 4.999101322542704e-01 C
 3.672664619947026e-01 5.679192406636420e-01 4.999094953825308e-01 C
 3.652009276405811e-01 5.188071440013490e-01 4.999410174668345e-01 C
 3.760511778222727e-01 4.708830850465777e-01 5.000286425486032e-01 C
 3.980488942238856e-01 4.269761782868568e-01 5.000430396140717e-01 C
 4.266245723891735e-01 3.870438824047878e-01 5.004504016593345e-01 C
 4.598912268082167e-01 3.509311958552417e-01 5.000662005483538e-01 C
 5.035076875493869e-01 3.286567970368615e-01 4.998046134394843e-01 C
 5.521572457045921e-01 3.336595949394707e-01 4.996343994358369e-01 C
 5.876672924410060e-01 3.672806680962424e-01 4.997967790125919e-01 C
 5.989699389388250e-01 4.149284433533930e-01 5.000772056557011e-01 C
 5.931024686116479e-01 4.636708141631664e-01 5.004505006713444e-01 C
 5.557256115114836e-01 4.632917599806000e-01 -2.699779734728056e-04 C
 5.352125627269504e-01 5.077180453039921e-01 -6.967470280773103e-04 C
 4.895620942048912e-01 5.253277082927112e-01 -8.534206792531009e-04 C
 4.454353612783043e-01 5.041580223997341e-01 -8.784177827638710e-04 C
 4.309313627618587e-01 4.574445043162960e-01 -6.655430361424607e-04 C
 4.528496210391763e-01 4.136806763061077e-01 -2.941953434334421e-04 C
 4.980670947798163e-01 3.951567871825043e-01 -9.288655398989866e-04 C
 5.420401730320814e-01 4.163739133241683e-01 -9.311639380338168e-04 C
 5.557254508644929e-01 4.632917263869256e-01 3.334911115761836e-01 C
 5.352125351623629e-01 5.077180662325410e-01 3.339182965697094e-01 C
 4.895620971417324e-01 5.253277407651177e-01 3.340758836661792e-01 C
 4.454353428745585e-01 5.041580632546099e-01 3.341010862315160e-01 C
 4.309314625249231e-01 4.574445513776631e-01 3.338870740989544e-01 C
 4.528497935811996e-01 4.136808688013415e-01 3.335151045624247e-01 C
 4.980671424740983e-01 3.951567554636010e-01 3.341498348863286e-01 C
 5.420402085544568e-01 4.163738804041709e-01 3.341520928330468e-01 C
 5.495706106295308e-01 4.873613709754964e-01 8.337410334833744e-01 C
 5.141869694719144e-01 5.211587213292670e-01 8.340396451855061e-01 C
 4.652858989703780e-01 5.193577577922245e-01 8.341251521902153e-01 C
 4.333912119525204e-01 4.822750909099531e-01 8.340509218047072e-01 C
 4.379491952277575e-01 4.335603060963377e-01 8.336741368678628e-01 C
 4.735551226500880e-01 3.998935148632068e-01 8.339315791955036e-01 C
 5.223765023192741e-01 4.009475415620397e-01 8.341763203953660e-01 C
 5.535799282892756e-01 4.385088930730440e-01 8.339181883414338e-01 C
 5.495705268336899e-01 4.873613348403475e-01 4.994799732339412e-01 C
 5.141869605863475e-01 5.211587224421401e-01 4.991826780328252e-01 C
 4.652858984391797e-01 5.193578098526874e-01 4.990970964862838e-01 C
 4.333912502904147e-01 4.822750978471751e-01 4.991714794803304e-01 C
 4.379494159413338e-01 4.335604486868185e-01 4.995481900697504e-01 C
 4.735551782627769e-01 3.998935544189616e-01 4.992892654216340e-01 C
 5.223765426104253e-01 4.009475105276683e-01 4.990446341021446e-01 C
 5.535798833929895e-01 4.385088777022807e-01 4.993029832359481e-01 C
