 C
 AIREBO 
 400
 1.024875e+01
 4.878643737041103e+00 0.000000000000000e+00 0.000000000000000e+00
 0.000000000000000e+00 4.878643737041103e+00 0.000000000000000e+00
 0.000000000000000e+00 0.000000000000000e+00 4.156604463959019e-01
 fra
 7.499874592860811e-01 5.163850437419932e-01 0.000000000000000e+00 C
 7.419874568933166e-01 5.648403436530254e-01 0.000000000000000e+00 C
 7.246880122402710e-01 6.108038655203554e-01 0.000000000000000e+00 C
 6.987539332833208e-01 6.525092569752617e-01 0.000000000000000e+00 C
 6.651818521327825e-01 6.883538032127855e-01 0.000000000000000e+00 C
 6.252619250398311e-01 7.169600184228718e-01 0.000000000000000e+00 C
 5.805282524152963e-01 7.372285817975471e-01 0.000000000000000e+00 C
 5.326999242112056e-01 7.483805838130640e-01 0.000000000000000e+00 C
 4.836149562580069e-01 7.499874592860811e-01 0.000000000000000e+00 C
 4.351596563469750e-01 7.419874568933166e-01 0.000000000000000e+00 C
 3.891961344796447e-01 7.246880122402709e-01 0.000000000000000e+00 C
 3.474907430247385e-01 6.987539332833208e-01 0.000000000000000e+00 C
 3.116461967872147e-01 6.651818521327825e-01 0.000000000000000e+00 C
 2.830399815771283e-01 6.252619250398311e-01 0.000000000000000e+00 C
 2.627714182024530e-01 5.805282524152963e-01 0.000000000000000e+00 C
 2.516194161869362e-01 5.326999242112055e-01 0.000000000000000e+00 C
 2.500125407139189e-01 4.836149562580069e-01 0.000000000000000e+00 C
 2.580125431066836e-01 4.351596563469747e-01 0.000000000000000e+00 C
 2.753119877597291e-01 3.891961344796451e-01 0.000000000000000e+00 C
 3.012460667166794e-01 3.474907430247385e-01 0.000000000000000e+00 C
 3.348181478672176e-01 3.116461967872147e-01 0.000000000000000e+00 C
 3.747380749601689e-01 2.830399815771285e-01 0.000000000000000e+00 C
 4.194717475847042e-01 2.627714182024530e-01 0.000000000000000e+00 C
 4.673000757887947e-01 2.516194161869362e-01 0.000000000000000e+00 C
 5.163850437419933e-01 2.500125407139189e-01 0.000000000000000e+00 C
 5.648403436530253e-01 2.580125431066835e-01 0.000000000000000e+00 C
 6.108038655203555e-01 2.753119877597293e-01 0.000000000000000e+00 C
 6.525092569752617e-01 3.012460667166795e-01 0.000000000000000e+00 C
 6.883538032127855e-01 3.348181478672178e-01 0.000000000000000e+00 C
 7.169600184228717e-01 3.747380749601689e-01 0.000000000000000e+00 C
 7.372285817975471e-01 4.194717475847042e-01 0.000000000000000e+00 C
 7.483805838130640e-01 4.673000757887947e-01 0.000000000000000e+00 C
 7.499874592860811e-01 5.163850437419932e-01 3.333333333333335e-01 C
 7.419874568933166e-01 5.648403436530254e-01 3.333333333333335e-01 C
 7.246880122402710e-01 6.108038655203554e-01 3.333333333333335e-01 C
 6.987539332833208e-01 6.525092569752617e-01 3.333333333333335e-01 C
 6.651818521327825e-01 6.883538032127855e-01 3.333333333333335e-01 C
 6.252619250398311e-01 7.169600184228718e-01 3.333333333333335e-01 C
 5.805282524152963e-01 7.372285817975471e-01 3.333333333333335e-01 C
 5.326999242112056e-01 7.483805838130640e-01 3.333333333333335e-01 C
 4.836149562580069e-01 7.499874592860811e-01 3.333333333333335e-01 C
 4.351596563469750e-01 7.419874568933166e-01 3.333333333333335e-01 C
 3.891961344796447e-01 7.246880122402709e-01 3.333333333333335e-01 C
 3.474907430247385e-01 6.987539332833208e-01 3.333333333333335e-01 C
 3.116461967872147e-01 6.651818521327825e-01 3.333333333333335e-01 C
 2.830399815771283e-01 6.252619250398311e-01 3.333333333333335e-01 C
 2.627714182024530e-01 5.805282524152963e-01 3.333333333333335e-01 C
 2.516194161869362e-01 5.326999242112055e-01 3.333333333333335e-01 C
 2.500125407139189e-01 4.836149562580069e-01 3.333333333333335e-01 C
 2.580125431066836e-01 4.351596563469747e-01 3.333333333333335e-01 C
 2.753119877597291e-01 3.891961344796451e-01 3.333333333333335e-01 C
 3.012460667166794e-01 3.474907430247385e-01 3.333333333333335e-01 C
 3.348181478672176e-01 3.116461967872147e-01 3.333333333333335e-01 C
 3.747380749601689e-01 2.830399815771285e-01 3.333333333333335e-01 C
 4.194717475847042e-01 2.627714182024530e-01 3.333333333333335e-01 C
 4.673000757887947e-01 2.516194161869362e-01 3.333333333333335e-01 C
 5.163850437419933e-01 2.500125407139189e-01 3.333333333333335e-01 C
 5.648403436530253e-01 2.580125431066835e-01 3.333333333333335e-01 C
 6.108038655203555e-01 2.753119877597293e-01 3.333333333333335e-01 C
 6.525092569752617e-01 3.012460667166795e-01 3.333333333333335e-01 C
 6.883538032127855e-01 3.348181478672178e-01 3.333333333333335e-01 C
 7.169600184228717e-01 3.747380749601689e-01 3.333333333333335e-01 C
 7.372285817975471e-01 4.194717475847042e-01 3.333333333333335e-01 C
 7.483805838130640e-01 4.673000757887947e-01 3.333333333333335e-01 C
 7.471776862093307e-01 5.408092011553617e-01 8.333333333333334e-01 C
 7.344667560836198e-01 5.882470381959731e-01 8.333333333333334e-01 C
 7.127454000120870e-01 6.322935910482224e-01 8.333333333333334e-01 C
 6.828483575270844e-01 6.712561753875891e-01 8.333333333333334e-01 C
 6.459245552048564e-01 7.036374809483803e-01 8.333333333333334e-01 C
 6.033929540615390e-01 7.281931123175405e-01 8.333333333333334e-01 C
 5.568880196770735e-01 7.439794103525093e-01 8.333333333333334e-01 C
 5.081969105995868e-01 7.503897164728606e-01 8.333333333333334e-01 C
 4.591907988446385e-01 7.471776862093307e-01 8.333333333333334e-01 C
 4.117529618040273e-01 7.344667560836198e-01 8.333333333333334e-01 C
 3.677064089517779e-01 7.127454000120870e-01 8.333333333333334e-01 C
 3.287438246124110e-01 6.828483575270844e-01 8.333333333333334e-01 C
 2.963625190516199e-01 6.459245552048564e-01 8.333333333333334e-01 C
 2.718068876824598e-01 6.033929540615391e-01 8.333333333333334e-01 C
 2.560205896474911e-01 5.568880196770735e-01 8.333333333333334e-01 C
 2.496102835271395e-01 5.081969105995870e-01 8.333333333333334e-01 C
 2.528223137906693e-01 4.591907988446386e-01 8.333333333333334e-01 C
 2.655332439163803e-01 4.117529618040274e-01 8.333333333333334e-01 C
 2.872545999879131e-01 3.677064089517780e-01 8.333333333333334e-01 C
 3.171516424729158e-01 3.287438246124110e-01 8.333333333333334e-01 C
 3.540754447951439e-01 2.963625190516199e-01 8.333333333333334e-01 C
 3.966070459384611e-01 2.718068876824599e-01 8.333333333333334e-01 C
 4.431119803229269e-01 2.560205896474910e-01 8.333333333333334e-01 C
 4.918030894004133e-01 2.496102835271395e-01 8.333333333333334e-01 C
 5.408092011553617e-01 2.528223137906694e-01 8.333333333333334e-01 C
 5.882470381959728e-01 2.655332439163803e-01 8.333333333333334e-01 C
 6.322935910482224e-01 2.872545999879134e-01 8.333333333333334e-01 C
 6.712561753875890e-01 3.171516424729158e-01 8.333333333333334e-01 C
 7.036374809483803e-01 3.540754447951439e-01 8.333333333333334e-01 C
 7.281931123175405e-01 3.966070459384612e-01 8.333333333333334e-01 C
 7.439794103525093e-01 4.431119803229269e-01 8.333333333333334e-01 C
 7.503897164728606e-01 4.918030894004133e-01 8.333333333333334e-01 C
 7.471776862093307e-01 5.408092011553617e-01 5.000000000000000e-01 C
 7.344667560836198e-01 5.882470381959731e-01 5.000000000000000e-01 C
 7.127454000120870e-01 6.322935910482224e-01 5.000000000000000e-01 C
 6.828483575270844e-01 6.712561753875891e-01 5.000000000000000e-01 C
 6.459245552048564e-01 7.036374809483803e-01 5.000000000000000e-01 C
 6.033929540615390e-01 7.281931123175405e-01 5.000000000000000e-01 C
 5.568880196770735e-01 7.439794103525093e-01 5.000000000000000e-01 C
 5.081969105995868e-01 7.503897164728606e-01 5.000000000000000e-01 C
 4.591907988446385e-01 7.471776862093307e-01 5.000000000000000e-01 C
 4.117529618040273e-01 7.344667560836198e-01 5.000000000000000e-01 C
 3.677064089517779e-01 7.127454000120870e-01 5.000000000000000e-01 C
 3.287438246124110e-01 6.828483575270844e-01 5.000000000000000e-01 C
 2.963625190516199e-01 6.459245552048564e-01 5.000000000000000e-01 C
 2.718068876824598e-01 6.033929540615391e-01 5.000000000000000e-01 C
 2.560205896474911e-01 5.568880196770735e-01 5.000000000000000e-01 C
 2.496102835271395e-01 5.081969105995870e-01 5.000000000000000e-01 C
 2.528223137906693e-01 4.591907988446386e-01 5.000000000000000e-01 C
 2.655332439163803e-01 4.117529618040274e-01 5.000000000000000e-01 C
 2.872545999879131e-01 3.677064089517780e-01 5.000000000000000e-01 C
 3.171516424729158e-01 3.287438246124110e-01 5.000000000000000e-01 C
 3.540754447951439e-01 2.963625190516199e-01 5.000000000000000e-01 C
 3.966070459384611e-01 2.718068876824599e-01 5.000000000000000e-01 C
 4.431119803229269e-01 2.560205896474910e-01 5.000000000000000e-01 C
 4.918030894004133e-01 2.496102835271395e-01 5.000000000000000e-01 C
 5.408092011553617e-01 2.528223137906694e-01 5.000000000000000e-01 C
 5.882470381959728e-01 2.655332439163803e-01 5.000000000000000e-01 C
 6.322935910482224e-01 2.872545999879134e-01 5.000000000000000e-01 C
 6.712561753875890e-01 3.171516424729158e-01 5.000000000000000e-01 C
 7.036374809483803e-01 3.540754447951439e-01 5.000000000000000e-01 C
 7.281931123175405e-01 3.966070459384612e-01 5.000000000000000e-01 C
 7.439794103525093e-01 4.431119803229269e-01 5.000000000000000e-01 C
 7.503897164728606e-01 4.918030894004133e-01 5.000000000000000e-01 C
 7.031148106699412e-01 5.133128480403697e-01 0.000000000000000e+00 C
 6.940266903456809e-01 5.615345567135517e-01 0.000000000000000e+00 C
 6.736624440368532e-01 6.061801006195553e-01 0.000000000000000e+00 C
 6.432055677179037e-01 6.446548430265124e-01 0.000000000000000e+00 C
 6.044261043342489e-01 6.747227717557291e-01 0.000000000000000e+00 C
 5.595777753401325e-01 6.946364480819375e-01 0.000000000000000e+00 C
 5.112670025996497e-01 7.032385615203265e-01 0.000000000000000e+00 C
 4.623014326219635e-01 7.000291885052670e-01 0.000000000000000e+00 C
 4.155267663515717e-01 6.851948461307982e-01 0.000000000000000e+00 C
 3.736613773731154e-01 6.595976524550836e-01 0.000000000000000e+00 C
 3.391383299195256e-01 6.247252233325421e-01 0.000000000000000e+00 C
 3.139639780226329e-01 5.826042175876541e-01 0.000000000000000e+00 C
 2.996013635096388e-01 5.356825549706856e-01 0.000000000000000e+00 C
 2.968851893300590e-01 4.866871519596307e-01 0.000000000000000e+00 C
 3.059733096543196e-01 4.384654432864484e-01 0.000000000000000e+00 C
 3.263375559631472e-01 3.938198993804451e-01 0.000000000000000e+00 C
 3.567944322820967e-01 3.553451569734878e-01 0.000000000000000e+00 C
 3.955738956657516e-01 3.252772282442711e-01 0.000000000000000e+00 C
 4.404222246598677e-01 3.053635519180627e-01 0.000000000000000e+00 C
 4.887329974003505e-01 2.967614384796738e-01 0.000000000000000e+00 C
 5.376985673780371e-01 2.999708114947335e-01 0.000000000000000e+00 C
 5.844732336484286e-01 3.148051538692020e-01 0.000000000000000e+00 C
 6.263386226268849e-01 3.404023475449168e-01 0.000000000000000e+00 C
 6.608616700804748e-01 3.752747766674582e-01 0.000000000000000e+00 C
 6.860360219773675e-01 4.173957824123460e-01 0.000000000000000e+00 C
 7.003986364903615e-01 4.643174450293148e-01 0.000000000000000e+00 C
 7.031148106699412e-01 5.133128480403697e-01 3.333333333333335e-01 C
 6.940266903456809e-01 5.615345567135517e-01 3.333333333333335e-01 C
 6.736624440368532e-01 6.061801006195553e-01 3.333333333333335e-01 C
 6.432055677179037e-01 6.446548430265124e-01 3.333333333333335e-01 C
 6.044261043342489e-01 6.747227717557291e-01 3.333333333333335e-01 C
 5.595777753401325e-01 6.946364480819375e-01 3.333333333333335e-01 C
 5.112670025996497e-01 7.032385615203265e-01 3.333333333333335e-01 C
 4.623014326219635e-01 7.000291885052670e-01 3.333333333333335e-01 C
 4.155267663515717e-01 6.851948461307982e-01 3.333333333333335e-01 C
 3.736613773731154e-01 6.595976524550836e-01 3.333333333333335e-01 C
 3.391383299195256e-01 6.247252233325421e-01 3.333333333333335e-01 C
 3.139639780226329e-01 5.826042175876541e-01 3.333333333333335e-01 C
 2.996013635096388e-01 5.356825549706856e-01 3.333333333333335e-01 C
 2.968851893300590e-01 4.866871519596307e-01 3.333333333333335e-01 C
 3.059733096543196e-01 4.384654432864484e-01 3.333333333333335e-01 C
 3.263375559631472e-01 3.938198993804451e-01 3.333333333333335e-01 C
 3.567944322820967e-01 3.553451569734878e-01 3.333333333333335e-01 C
 3.955738956657516e-01 3.252772282442711e-01 3.333333333333335e-01 C
 4.404222246598677e-01 3.053635519180627e-01 3.333333333333335e-01 C
 4.887329974003505e-01 2.967614384796738e-01 3.333333333333335e-01 C
 5.376985673780371e-01 2.999708114947335e-01 3.333333333333335e-01 C
 5.844732336484286e-01 3.148051538692020e-01 3.333333333333335e-01 C
 6.263386226268849e-01 3.404023475449168e-01 3.333333333333335e-01 C
 6.608616700804748e-01 3.752747766674582e-01 3.333333333333335e-01 C
 6.860360219773675e-01 4.173957824123460e-01 3.333333333333335e-01 C
 7.003986364903615e-01 4.643174450293148e-01 3.333333333333335e-01 C
 7.000291885052670e-01 5.376985673780370e-01 8.333333333333335e-01 C
 6.851948461307982e-01 5.844732336484287e-01 8.333333333333335e-01 C
 6.595976524550834e-01 6.263386226268849e-01 8.333333333333335e-01 C
 6.247252233325422e-01 6.608616700804748e-01 8.333333333333335e-01 C
 5.826042175876540e-01 6.860360219773675e-01 8.333333333333335e-01 C
 5.356825549706855e-01 7.003986364903615e-01 8.333333333333335e-01 C
 4.866871519596307e-01 7.031148106699412e-01 8.333333333333335e-01 C
 4.384654432864484e-01 6.940266903456809e-01 8.333333333333335e-01 C
 3.938198993804451e-01 6.736624440368533e-01 8.333333333333335e-01 C
 3.553451569734881e-01 6.432055677179037e-01 8.333333333333335e-01 C
 3.252772282442711e-01 6.044261043342489e-01 8.333333333333335e-01 C
 3.053635519180630e-01 5.595777753401326e-01 8.333333333333335e-01 C
 2.967614384796738e-01 5.112670025996499e-01 8.333333333333335e-01 C
 2.999708114947335e-01 4.623014326219634e-01 8.333333333333335e-01 C
 3.148051538692023e-01 4.155267663515716e-01 8.333333333333335e-01 C
 3.404023475449168e-01 3.736613773731153e-01 8.333333333333335e-01 C
 3.752747766674582e-01 3.391383299195256e-01 8.333333333333335e-01 C
 4.173957824123465e-01 3.139639780226329e-01 8.333333333333335e-01 C
 4.643174450293148e-01 2.996013635096388e-01 8.333333333333335e-01 C
 5.133128480403697e-01 2.968851893300590e-01 8.333333333333335e-01 C
 5.615345567135517e-01 3.059733096543193e-01 8.333333333333335e-01 C
 6.061801006195553e-01 3.263375559631472e-01 8.333333333333335e-01 C
 6.446548430265124e-01 3.567944322820967e-01 8.333333333333335e-01 C
 6.747227717557291e-01 3.955738956657516e-01 8.333333333333335e-01 C
 6.946364480819375e-01 4.404222246598677e-01 8.333333333333335e-01 C
 7.032385615203265e-01 4.887329974003505e-01 8.333333333333335e-01 C
 7.000291885052670e-01 5.376985673780370e-01 5.000000000000000e-01 C
 6.851948461307982e-01 5.844732336484287e-01 5.000000000000000e-01 C
 6.595976524550834e-01 6.263386226268849e-01 5.000000000000000e-01 C
 6.247252233325422e-01 6.608616700804748e-01 5.000000000000000e-01 C
 5.826042175876540e-01 6.860360219773675e-01 5.000000000000000e-01 C
 5.356825549706855e-01 7.003986364903615e-01 5.000000000000000e-01 C
 4.866871519596307e-01 7.031148106699412e-01 5.000000000000000e-01 C
 4.384654432864484e-01 6.940266903456809e-01 5.000000000000000e-01 C
 3.938198993804451e-01 6.736624440368533e-01 5.000000000000000e-01 C
 3.553451569734881e-01 6.432055677179037e-01 5.000000000000000e-01 C
 3.252772282442711e-01 6.044261043342489e-01 5.000000000000000e-01 C
 3.053635519180630e-01 5.595777753401326e-01 5.000000000000000e-01 C
 2.967614384796738e-01 5.112670025996499e-01 5.000000000000000e-01 C
 2.999708114947335e-01 4.623014326219634e-01 5.000000000000000e-01 C
 3.148051538692023e-01 4.155267663515716e-01 5.000000000000000e-01 C
 3.404023475449168e-01 3.736613773731153e-01 5.000000000000000e-01 C
 3.752747766674582e-01 3.391383299195256e-01 5.000000000000000e-01 C
 4.173957824123465e-01 3.139639780226329e-01 5.000000000000000e-01 C
 4.643174450293148e-01 2.996013635096388e-01 5.000000000000000e-01 C
 5.133128480403697e-01 2.968851893300590e-01 5.000000000000000e-01 C
 5.615345567135517e-01 3.059733096543193e-01 5.000000000000000e-01 C
 6.061801006195553e-01 3.263375559631472e-01 5.000000000000000e-01 C
 6.446548430265124e-01 3.567944322820967e-01 5.000000000000000e-01 C
 6.747227717557291e-01 3.955738956657516e-01 5.000000000000000e-01 C
 6.946364480819375e-01 4.404222246598677e-01 5.000000000000000e-01 C
 7.032385615203265e-01 4.887329974003505e-01 5.000000000000000e-01 C
 5.624968648215207e-01 5.040962609354985e-01 0.000000000000000e+00 C
 5.412954630331961e-01 5.470884508031968e-01 0.000000000000000e+00 C
 4.959037390645017e-01 5.624968648215207e-01 0.000000000000000e+00 C
 4.529115491968040e-01 5.412954630331961e-01 0.000000000000000e+00 C
 4.375031351784799e-01 4.959037390645017e-01 0.000000000000000e+00 C
 4.587045369668046e-01 4.529115491968040e-01 0.000000000000000e+00 C
 5.040962609354985e-01 4.375031351784799e-01 0.000000000000000e+00 C
 5.470884508031968e-01 4.587045369668046e-01 0.000000000000000e+00 C
 5.624968648215207e-01 5.040962609354985e-01 3.333333333333335e-01 C
 5.412954630331961e-01 5.470884508031968e-01 3.333333333333335e-01 C
 4.959037390645017e-01 5.624968648215207e-01 3.333333333333335e-01 C
 4.529115491968040e-01 5.412954630331961e-01 3.333333333333335e-01 C
 4.375031351784799e-01 4.959037390645017e-01 3.333333333333335e-01 C
 4.587045369668046e-01 4.529115491968040e-01 3.333333333333335e-01 C
 5.040962609354985e-01 4.375031351784799e-01 3.333333333333335e-01 C
 5.470884508031968e-01 4.587045369668046e-01 3.333333333333335e-01 C
 5.561720030600682e-01 5.277009663800893e-01 8.333333333333337e-01 C
 5.201320631038243e-01 5.593071454493872e-01 8.333333333333337e-01 C
 4.722990336199115e-01 5.561720030600682e-01 8.333333333333337e-01 C
 4.406928545506132e-01 5.201320631038243e-01 8.333333333333337e-01 C
 4.438279969399326e-01 4.722990336199115e-01 8.333333333333337e-01 C
 4.798679368961761e-01 4.406928545506132e-01 8.333333333333337e-01 C
 5.277009663800892e-01 4.438279969399326e-01 8.333333333333337e-01 C
 5.593071454493872e-01 4.798679368961761e-01 8.333333333333337e-01 C
 5.561720030600682e-01 5.277009663800893e-01 5.000000000000000e-01 C
 5.201320631038243e-01 5.593071454493872e-01 5.000000000000000e-01 C
 4.722990336199115e-01 5.561720030600682e-01 5.000000000000000e-01 C
 4.406928545506132e-01 5.201320631038243e-01 5.000000000000000e-01 C
 4.438279969399326e-01 4.722990336199115e-01 5.000000000000000e-01 C
 4.798679368961761e-01 4.406928545506132e-01 5.000000000000000e-01 C
 5.277009663800892e-01 4.438279969399326e-01 5.000000000000000e-01 C
 5.593071454493872e-01 4.798679368961761e-01 5.000000000000000e-01 C
 6.093695134376609e-01 5.071684566371224e-01 0.000000000000000e+00 C
 5.954282499355513e-01 5.539122096967560e-01 0.000000000000000e+00 C
 5.625862511830245e-01 5.899779884360857e-01 0.000000000000000e+00 C
 5.173482778137011e-01 6.082225230580385e-01 0.000000000000000e+00 C
 4.686742652607089e-01 6.050322597262030e-01 0.000000000000000e+00 C
 4.262046986577583e-01 5.810390692194615e-01 0.000000000000000e+00 C
 3.983511965256163e-01 5.409950971748452e-01 0.000000000000000e+00 C
 3.906304865623397e-01 4.928315433628784e-01 0.000000000000000e+00 C
 4.045717500644496e-01 4.460877903032446e-01 0.000000000000000e+00 C
 4.374137488169760e-01 4.100220115639150e-01 0.000000000000000e+00 C
 4.826517221862995e-01 3.917774769419621e-01 0.000000000000000e+00 C
 5.313257347392917e-01 3.949677402737979e-01 0.000000000000000e+00 C
 5.737953013422423e-01 4.189609307805390e-01 0.000000000000000e+00 C
 6.016488034743844e-01 4.590049028251554e-01 0.000000000000000e+00 C
 6.093695134376609e-01 5.071684566371224e-01 3.333333333333335e-01 C
 5.954282499355513e-01 5.539122096967560e-01 3.333333333333335e-01 C
 5.625862511830245e-01 5.899779884360857e-01 3.333333333333335e-01 C
 5.173482778137011e-01 6.082225230580385e-01 3.333333333333335e-01 C
 4.686742652607089e-01 6.050322597262030e-01 3.333333333333335e-01 C
 4.262046986577583e-01 5.810390692194615e-01 3.333333333333335e-01 C
 3.983511965256163e-01 5.409950971748452e-01 3.333333333333335e-01 C
 3.906304865623397e-01 4.928315433628784e-01 3.333333333333335e-01 C
 4.045717500644496e-01 4.460877903032446e-01 3.333333333333335e-01 C
 4.374137488169760e-01 4.100220115639150e-01 3.333333333333335e-01 C
 4.826517221862995e-01 3.917774769419621e-01 3.333333333333335e-01 C
 5.313257347392917e-01 3.949677402737979e-01 3.333333333333335e-01 C
 5.737953013422423e-01 4.189609307805390e-01 3.333333333333335e-01 C
 6.016488034743844e-01 4.590049028251554e-01 3.333333333333335e-01 C
 6.050322597262030e-01 5.313257347392917e-01 8.333333333333337e-01 C
 5.810390692194616e-01 5.737953013422424e-01 8.333333333333337e-01 C
 5.409950971748452e-01 6.016488034743844e-01 8.333333333333337e-01 C
 4.928315433628784e-01 6.093695134376609e-01 8.333333333333337e-01 C
 4.460877903032446e-01 5.954282499355513e-01 8.333333333333337e-01 C
 4.100220115639150e-01 5.625862511830246e-01 8.333333333333337e-01 C
 3.917774769419621e-01 5.173482778137011e-01 8.333333333333337e-01 C
 3.949677402737979e-01 4.686742652607089e-01 8.333333333333337e-01 C
 4.189609307805390e-01 4.262046986577583e-01 8.333333333333337e-01 C
 4.590049028251554e-01 3.983511965256163e-01 8.333333333333337e-01 C
 5.071684566371225e-01 3.906304865623397e-01 8.333333333333337e-01 C
 5.539122096967560e-01 4.045717500644496e-01 8.333333333333337e-01 C
 5.899779884360857e-01 4.374137488169760e-01 8.333333333333337e-01 C
 6.082225230580385e-01 4.826517221862995e-01 8.333333333333337e-01 C
 6.050322597262030e-01 5.313257347392917e-01 5.000000000000000e-01 C
 5.810390692194616e-01 5.737953013422424e-01 5.000000000000000e-01 C
 5.409950971748452e-01 6.016488034743844e-01 5.000000000000000e-01 C
 4.928315433628784e-01 6.093695134376609e-01 5.000000000000000e-01 C
 4.460877903032446e-01 5.954282499355513e-01 5.000000000000000e-01 C
 4.100220115639150e-01 5.625862511830246e-01 5.000000000000000e-01 C
 3.917774769419621e-01 5.173482778137011e-01 5.000000000000000e-01 C
 3.949677402737979e-01 4.686742652607089e-01 5.000000000000000e-01 C
 4.189609307805390e-01 4.262046986577583e-01 5.000000000000000e-01 C
 4.590049028251554e-01 3.983511965256163e-01 5.000000000000000e-01 C
 5.071684566371225e-01 3.906304865623397e-01 5.000000000000000e-01 C
 5.539122096967560e-01 4.045717500644496e-01 5.000000000000000e-01 C
 5.899779884360857e-01 4.374137488169760e-01 5.000000000000000e-01 C
 6.082225230580385e-01 4.826517221862995e-01 5.000000000000000e-01 C
 6.562421620538010e-01 5.102406523387460e-01 0.000000000000000e+00 C
 6.454305907351529e-01 5.580209224503866e-01 0.000000000000000e+00 C
 6.203832599208404e-01 6.001217004170459e-01 0.000000000000000e+00 C
 5.835519768659843e-01 6.324218687579788e-01 0.000000000000000e+00 C
 5.385420441746320e-01 6.517596619474688e-01 0.000000000000000e+00 C
 4.897593476612546e-01 6.562421620538010e-01 0.000000000000000e+00 C
 4.419790775496141e-01 6.454305907351529e-01 0.000000000000000e+00 C
 3.998782995829547e-01 6.203832599208406e-01 0.000000000000000e+00 C
 3.675781312420219e-01 5.835519768659844e-01 0.000000000000000e+00 C
 3.482403380525316e-01 5.385420441746320e-01 0.000000000000000e+00 C
 3.437578379461996e-01 4.897593476612546e-01 0.000000000000000e+00 C
 3.545694092648475e-01 4.419790775496141e-01 0.000000000000000e+00 C
 3.796167400791601e-01 3.998782995829547e-01 0.000000000000000e+00 C
 4.164480231340164e-01 3.675781312420218e-01 0.000000000000000e+00 C
 4.614579558253686e-01 3.482403380525316e-01 0.000000000000000e+00 C
 5.102406523387460e-01 3.437578379461996e-01 0.000000000000000e+00 C
 5.580209224503863e-01 3.545694092648475e-01 0.000000000000000e+00 C
 6.001217004170459e-01 3.796167400791601e-01 0.000000000000000e+00 C
 6.324218687579787e-01 4.164480231340161e-01 0.000000000000000e+00 C
 6.517596619474688e-01 4.614579558253686e-01 0.000000000000000e+00 C
 6.562421620538010e-01 5.102406523387460e-01 3.333333333333335e-01 C
 6.454305907351529e-01 5.580209224503866e-01 3.333333333333335e-01 C
 6.203832599208404e-01 6.001217004170459e-01 3.333333333333335e-01 C
 5.835519768659843e-01 6.324218687579788e-01 3.333333333333335e-01 C
 5.385420441746320e-01 6.517596619474688e-01 3.333333333333335e-01 C
 4.897593476612546e-01 6.562421620538010e-01 3.333333333333335e-01 C
 4.419790775496141e-01 6.454305907351529e-01 3.333333333333335e-01 C
 3.998782995829547e-01 6.203832599208406e-01 3.333333333333335e-01 C
 3.675781312420219e-01 5.835519768659844e-01 3.333333333333335e-01 C
 3.482403380525316e-01 5.385420441746320e-01 3.333333333333335e-01 C
 3.437578379461996e-01 4.897593476612546e-01 3.333333333333335e-01 C
 3.545694092648475e-01 4.419790775496141e-01 3.333333333333335e-01 C
 3.796167400791601e-01 3.998782995829547e-01 3.333333333333335e-01 C
 4.164480231340164e-01 3.675781312420218e-01 3.333333333333335e-01 C
 4.614579558253686e-01 3.482403380525316e-01 3.333333333333335e-01 C
 5.102406523387460e-01 3.437578379461996e-01 3.333333333333335e-01 C
 5.580209224503863e-01 3.545694092648475e-01 3.333333333333335e-01 C
 6.001217004170459e-01 3.796167400791601e-01 3.333333333333335e-01 C
 6.324218687579787e-01 4.164480231340161e-01 3.333333333333335e-01 C
 6.517596619474688e-01 4.614579558253686e-01 3.333333333333335e-01 C
 6.527165707996407e-01 5.345562319526831e-01 8.333333333333336e-01 C
 6.345636268703069e-01 5.800569452769598e-01 8.333333333333336e-01 C
 6.032386575829893e-01 6.177211270079913e-01 8.333333333333336e-01 C
 5.618079691854253e-01 6.438619446161592e-01 8.333333333333336e-01 C
 5.143270861225482e-01 6.559205527401900e-01 8.333333333333336e-01 C
 4.654437680473175e-01 6.527165707996407e-01 8.333333333333336e-01 C
 4.199430547230409e-01 6.345636268703070e-01 8.333333333333336e-01 C
 3.822788729920092e-01 6.032386575829893e-01 8.333333333333336e-01 C
 3.561380553838415e-01 5.618079691854253e-01 8.333333333333336e-01 C
 3.440794472598104e-01 5.143270861225482e-01 8.333333333333336e-01 C
 3.472834292003599e-01 4.654437680473175e-01 8.333333333333336e-01 C
 3.654363731296936e-01 4.199430547230409e-01 8.333333333333336e-01 C
 3.967613424170109e-01 3.822788729920092e-01 8.333333333333336e-01 C
 4.381920308145751e-01 3.561380553838412e-01 8.333333333333336e-01 C
 4.856729138774524e-01 3.440794472598104e-01 8.333333333333336e-01 C
 5.345562319526831e-01 3.472834292003599e-01 8.333333333333336e-01 C
 5.800569452769597e-01 3.654363731296937e-01 8.333333333333336e-01 C
 6.177211270079913e-01 3.967613424170113e-01 8.333333333333336e-01 C
 6.438619446161590e-01 4.381920308145750e-01 8.333333333333336e-01 C
 6.559205527401900e-01 4.856729138774522e-01 8.333333333333336e-01 C
 6.527165707996407e-01 5.345562319526831e-01 5.000000000000000e-01 C
 6.345636268703069e-01 5.800569452769598e-01 5.000000000000000e-01 C
 6.032386575829893e-01 6.177211270079913e-01 5.000000000000000e-01 C
 5.618079691854253e-01 6.438619446161592e-01 5.000000000000000e-01 C
 5.143270861225482e-01 6.559205527401900e-01 5.000000000000000e-01 C
 4.654437680473175e-01 6.527165707996407e-01 5.000000000000000e-01 C
 4.199430547230409e-01 6.345636268703070e-01 5.000000000000000e-01 C
 3.822788729920092e-01 6.032386575829893e-01 5.000000000000000e-01 C
 3.561380553838415e-01 5.618079691854253e-01 5.000000000000000e-01 C
 3.440794472598104e-01 5.143270861225482e-01 5.000000000000000e-01 C
 3.472834292003599e-01 4.654437680473175e-01 5.000000000000000e-01 C
 3.654363731296936e-01 4.199430547230409e-01 5.000000000000000e-01 C
 3.967613424170109e-01 3.822788729920092e-01 5.000000000000000e-01 C
 4.381920308145751e-01 3.561380553838412e-01 5.000000000000000e-01 C
 4.856729138774524e-01 3.440794472598104e-01 5.000000000000000e-01 C
 5.345562319526831e-01 3.472834292003599e-01 5.000000000000000e-01 C
 5.800569452769597e-01 3.654363731296937e-01 5.000000000000000e-01 C
 6.177211270079913e-01 3.967613424170113e-01 5.000000000000000e-01 C
 6.438619446161590e-01 4.381920308145750e-01 5.000000000000000e-01 C
 6.559205527401900e-01 4.856729138774522e-01 5.000000000000000e-01 C
