 C
 AIREBO 
 92
 1.024875e+01
 4.878643737041103e+00 0.000000000000000e+00 0.000000000000000e+00
 0.000000000000000e+00 4.878643737041103e+00 0.000000000000000e+00
 0.000000000000000e+00 0.000000000000000e+00 4.156604463959019e-01
 fra
 6.796784863618709e-01 5.117767501895576e-01 0.000000000000000e+00 C
 6.698381915064657e-01 5.598167118131157e-01 0.000000000000000e+00 C
 6.474017749450531e-01 6.034203415647431e-01 0.000000000000000e+00 C
 6.140332430542171e-01 6.393537576990951e-01 0.000000000000000e+00 C
 5.722073871934249e-01 6.649519431259270e-01 0.000000000000000e+00 C
 5.250262397513127e-01 6.783163975360372e-01 0.000000000000000e+00 C
 4.759890105942746e-01 6.784559404841385e-01 0.000000000000000e+00 C
 4.287325666784914e-01 6.653602227081368e-01 0.000000000000000e+00 C
 3.867617022653511e-01 6.400004936865555e-01 0.000000000000000e+00 C
 3.531892043644475e-01 6.042575685078847e-01 0.000000000000000e+00 C
 3.305049915611320e-01 5.607823364196237e-01 0.000000000000000e+00 C
 3.203914481456584e-01 5.127991564998063e-01 0.000000000000000e+00 C
 3.235986493667696e-01 4.638667216946432e-01 0.000000000000000e+00 C
 3.398887317818653e-01 4.176141268426390e-01 0.000000000000000e+00 C
 3.680535345003859e-01 3.774717153124252e-01 0.000000000000000e+00 C
 4.060042029500982e-01 3.464166661278838e-01 0.000000000000000e+00 C
 4.509261096648423e-01 3.267521902196361e-01 0.000000000000000e+00 C
 4.994876023276352e-01 3.199367118068049e-01 0.000000000000000e+00 C
 5.480870971817237e-01 3.264757037445312e-01 0.000000000000000e+00 C
 5.931201920216759e-01 3.458841989146912e-01 0.000000000000000e+00 C
 6.312469882159129e-01 3.767227580184718e-01 0.000000000000000e+00 C
 6.596397957091948e-01 4.167042262041656e-01 0.000000000000000e+00 C
 6.761928498581967e-01 4.628633608794872e-01 0.000000000000000e+00 C
 6.796784863618709e-01 5.117767501895576e-01 3.333333333333334e-01 C
 6.698381915064657e-01 5.598167118131157e-01 3.333333333333334e-01 C
 6.474017749450531e-01 6.034203415647431e-01 3.333333333333334e-01 C
 6.140332430542171e-01 6.393537576990951e-01 3.333333333333334e-01 C
 5.722073871934249e-01 6.649519431259270e-01 3.333333333333334e-01 C
 5.250262397513127e-01 6.783163975360372e-01 3.333333333333334e-01 C
 4.759890105942746e-01 6.784559404841385e-01 3.333333333333334e-01 C
 4.287325666784914e-01 6.653602227081368e-01 3.333333333333334e-01 C
 3.867617022653511e-01 6.400004936865555e-01 3.333333333333334e-01 C
 3.531892043644475e-01 6.042575685078847e-01 3.333333333333334e-01 C
 3.305049915611320e-01 5.607823364196237e-01 3.333333333333334e-01 C
 3.203914481456584e-01 5.127991564998063e-01 3.333333333333334e-01 C
 3.235986493667696e-01 4.638667216946432e-01 3.333333333333334e-01 C
 3.398887317818653e-01 4.176141268426390e-01 3.333333333333334e-01 C
 3.680535345003859e-01 3.774717153124252e-01 3.333333333333334e-01 C
 4.060042029500982e-01 3.464166661278838e-01 3.333333333333334e-01 C
 4.509261096648423e-01 3.267521902196361e-01 3.333333333333334e-01 C
 4.994876023276352e-01 3.199367118068049e-01 3.333333333333334e-01 C
 5.480870971817237e-01 3.264757037445312e-01 3.333333333333334e-01 C
 5.931201920216759e-01 3.458841989146912e-01 3.333333333333334e-01 C
 6.312469882159129e-01 3.767227580184718e-01 3.333333333333334e-01 C
 6.596397957091948e-01 4.167042262041656e-01 3.333333333333334e-01 C
 6.761928498581967e-01 4.628633608794872e-01 3.333333333333334e-01 C
 6.764013506332304e-01 5.361332783053570e-01 8.333333333333333e-01 C
 6.601112682181347e-01 5.823858731573611e-01 8.333333333333333e-01 C
 6.319464654996140e-01 6.225282846875750e-01 8.333333333333333e-01 C
 5.939957970499019e-01 6.535833338721161e-01 8.333333333333333e-01 C
 5.490738903351576e-01 6.732478097803639e-01 8.333333333333333e-01 C
 5.005123976723650e-01 6.800632881931951e-01 8.333333333333333e-01 C
 4.519129028182762e-01 6.735242962554687e-01 8.333333333333333e-01 C
 4.068798079783242e-01 6.541158010853089e-01 8.333333333333333e-01 C
 3.687530117840872e-01 6.232772419815282e-01 8.333333333333333e-01 C
 3.403602042908051e-01 5.832957737958342e-01 8.333333333333333e-01 C
 3.238071501418033e-01 5.371366391205128e-01 8.333333333333333e-01 C
 3.203215136381292e-01 4.882232498104425e-01 8.333333333333333e-01 C
 3.301618084935342e-01 4.401832881868845e-01 8.333333333333333e-01 C
 3.525982250549468e-01 3.965796584352569e-01 8.333333333333333e-01 C
 3.859667569457829e-01 3.606462423009050e-01 8.333333333333333e-01 C
 4.277926128065751e-01 3.350480568740730e-01 8.333333333333333e-01 C
 4.749737602486873e-01 3.216836024639628e-01 8.333333333333333e-01 C
 5.240109894057253e-01 3.215440595158615e-01 8.333333333333333e-01 C
 5.712674333215084e-01 3.346397772918632e-01 8.333333333333333e-01 C
 6.132382977346488e-01 3.599995063134445e-01 8.333333333333333e-01 C
 6.468107956355525e-01 3.957424314921154e-01 8.333333333333333e-01 C
 6.694950084388679e-01 4.392176635803760e-01 8.333333333333333e-01 C
 6.796085518543417e-01 4.872008435001938e-01 8.333333333333333e-01 C
 6.764013506332304e-01 5.361332783053570e-01 5.000000000000000e-01 C
 6.601112682181347e-01 5.823858731573611e-01 5.000000000000000e-01 C
 6.319464654996140e-01 6.225282846875750e-01 5.000000000000000e-01 C
 5.939957970499019e-01 6.535833338721161e-01 5.000000000000000e-01 C
 5.490738903351576e-01 6.732478097803639e-01 5.000000000000000e-01 C
 5.005123976723650e-01 6.800632881931951e-01 5.000000000000000e-01 C
 4.519129028182762e-01 6.735242962554687e-01 5.000000000000000e-01 C
 4.068798079783242e-01 6.541158010853089e-01 5.000000000000000e-01 C
 3.687530117840872e-01 6.232772419815282e-01 5.000000000000000e-01 C
 3.403602042908051e-01 5.832957737958342e-01 5.000000000000000e-01 C
 3.238071501418033e-01 5.371366391205128e-01 5.000000000000000e-01 C
 3.203215136381292e-01 4.882232498104425e-01 5.000000000000000e-01 C
 3.301618084935342e-01 4.401832881868845e-01 5.000000000000000e-01 C
 3.525982250549468e-01 3.965796584352569e-01 5.000000000000000e-01 C
 3.859667569457829e-01 3.606462423009050e-01 5.000000000000000e-01 C
 4.277926128065751e-01 3.350480568740730e-01 5.000000000000000e-01 C
 4.749737602486873e-01 3.216836024639628e-01 5.000000000000000e-01 C
 5.240109894057253e-01 3.215440595158615e-01 5.000000000000000e-01 C
 5.712674333215084e-01 3.346397772918632e-01 5.000000000000000e-01 C
 6.132382977346488e-01 3.599995063134445e-01 5.000000000000000e-01 C
 6.468107956355525e-01 3.957424314921154e-01 5.000000000000000e-01 C
 6.694950084388679e-01 4.392176635803760e-01 5.000000000000000e-01 C
 6.796085518543417e-01 4.872008435001938e-01 5.000000000000000e-01 C
