 C
 AIREBO 
 200
 1.024875e+01
 4.878643737041103e+00 0.000000000000000e+00 0.000000000000000e+00
 0.000000000000000e+00 4.878643737041103e+00 0.000000000000000e+00
 0.000000000000000e+00 0.000000000000000e+00 4.156604463959019e-01
 fra
 8.906054051345017e-01 5.256016308468643e-01 0.000000000000000e+00 C
 8.843166296682797e-01 5.743555928140025e-01 0.000000000000000e+00 C
 8.719669513725623e-01 6.219369226645857e-01 0.000000000000000e+00 C
 8.537511320514137e-01 6.675952344031616e-01 0.000000000000000e+00 C
 8.299564460571308e-01 7.106104691786594e-01 0.000000000000000e+00 C
 8.009581498021004e-01 7.503042510426140e-01 0.000000000000000e+00 C
 7.672135637410065e-01 7.860505853431144e-01 0.000000000000000e+00 C
 7.292548601540715e-01 8.172857310344173e-01 0.000000000000000e+00 C
 6.876806704722912e-01 8.435170912099987e-01 0.000000000000000e+00 C
 6.431466445021652e-01 8.643309816500350e-01 0.000000000000000e+00 C
 5.963551104365791e-01 8.793991548686714e-01 0.000000000000000e+00 C
 5.480439987196555e-01 8.884839767729592e-01 0.000000000000000e+00 C
 4.989752044428292e-01 8.914421742944587e-01 0.000000000000000e+00 C
 4.499225718041225e-01 8.882270948911142e-01 0.000000000000000e+00 C
 4.016596901228705e-01 8.788894422857114e-01 0.000000000000000e+00 C
 3.549476938740343e-01 8.635764768378814e-01 0.000000000000000e+00 C
 3.105232591428524e-01 8.425296931602584e-01 0.000000000000000e+00 C
 2.690869858029060e-01 8.160810116041773e-01 0.000000000000000e+00 C
 2.312923486375966e-01 7.846475436774546e-01 0.000000000000000e+00 C
 1.977353916524424e-01 7.487250139467380e-01 0.000000000000000e+00 C
 1.689453281050539e-01 7.088799421649599e-01 0.000000000000000e+00 C
 1.453761944959240e-01 6.657407089164114e-01 0.000000000000000e+00 C
 1.273996901415860e-01 6.199876456795502e-01 0.000000000000000e+00 C
 1.152993152543517e-01 5.723423055931776e-01 0.000000000000000e+00 C
 1.092658999746060e-01 5.235560841324021e-01 0.000000000000000e+00 C
 1.093945948654982e-01 4.743983691531359e-01 0.000000000000000e+00 C
 1.156833703317203e-01 4.256444071859977e-01 0.000000000000000e+00 C
 1.280330486274376e-01 3.780630773354144e-01 0.000000000000000e+00 C
 1.462488679485863e-01 3.324047655968385e-01 0.000000000000000e+00 C
 1.700435539428692e-01 2.893895308213406e-01 0.000000000000000e+00 C
 1.990418501978996e-01 2.496957489573862e-01 0.000000000000000e+00 C
 2.327864362589935e-01 2.139494146568856e-01 0.000000000000000e+00 C
 2.707451398459289e-01 1.827142689655827e-01 0.000000000000000e+00 C
 3.123193295277087e-01 1.564829087900013e-01 0.000000000000000e+00 C
 3.568533554978353e-01 1.356690183499648e-01 0.000000000000000e+00 C
 4.036448895634210e-01 1.206008451313287e-01 0.000000000000000e+00 C
 4.519560012803445e-01 1.115160232270409e-01 0.000000000000000e+00 C
 5.010247955571712e-01 1.085578257055413e-01 0.000000000000000e+00 C
 5.500774281958779e-01 1.117729051088859e-01 0.000000000000000e+00 C
 5.983403098771296e-01 1.211105577142885e-01 0.000000000000000e+00 C
 6.450523061259661e-01 1.364235231621188e-01 0.000000000000000e+00 C
 6.894767408571476e-01 1.574703068397417e-01 0.000000000000000e+00 C
 7.309130141970938e-01 1.839189883958226e-01 0.000000000000000e+00 C
 7.687076513624038e-01 2.153524563225457e-01 0.000000000000000e+00 C
 8.022646083475579e-01 2.512749860532622e-01 0.000000000000000e+00 C
 8.310546718949462e-01 2.911200578350404e-01 0.000000000000000e+00 C
 8.546238055040762e-01 3.342592910835891e-01 0.000000000000000e+00 C
 8.726003098584139e-01 3.800123543204498e-01 0.000000000000000e+00 C
 8.847006847456482e-01 4.276576944068220e-01 0.000000000000000e+00 C
 8.907341000253939e-01 4.764439158675984e-01 0.000000000000000e+00 C
 8.906054051345017e-01 5.256016308468643e-01 3.333333333333334e-01 C
 8.843166296682797e-01 5.743555928140025e-01 3.333333333333334e-01 C
 8.719669513725623e-01 6.219369226645857e-01 3.333333333333334e-01 C
 8.537511320514137e-01 6.675952344031616e-01 3.333333333333334e-01 C
 8.299564460571308e-01 7.106104691786594e-01 3.333333333333334e-01 C
 8.009581498021004e-01 7.503042510426140e-01 3.333333333333334e-01 C
 7.672135637410065e-01 7.860505853431144e-01 3.333333333333334e-01 C
 7.292548601540715e-01 8.172857310344173e-01 3.333333333333334e-01 C
 6.876806704722912e-01 8.435170912099987e-01 3.333333333333334e-01 C
 6.431466445021652e-01 8.643309816500350e-01 3.333333333333334e-01 C
 5.963551104365791e-01 8.793991548686714e-01 3.333333333333334e-01 C
 5.480439987196555e-01 8.884839767729592e-01 3.333333333333334e-01 C
 4.989752044428292e-01 8.914421742944587e-01 3.333333333333334e-01 C
 4.499225718041225e-01 8.882270948911142e-01 3.333333333333334e-01 C
 4.016596901228705e-01 8.788894422857114e-01 3.333333333333334e-01 C
 3.549476938740343e-01 8.635764768378814e-01 3.333333333333334e-01 C
 3.105232591428524e-01 8.425296931602584e-01 3.333333333333334e-01 C
 2.690869858029060e-01 8.160810116041773e-01 3.333333333333334e-01 C
 2.312923486375966e-01 7.846475436774546e-01 3.333333333333334e-01 C
 1.977353916524424e-01 7.487250139467380e-01 3.333333333333334e-01 C
 1.689453281050539e-01 7.088799421649599e-01 3.333333333333334e-01 C
 1.453761944959240e-01 6.657407089164114e-01 3.333333333333334e-01 C
 1.273996901415860e-01 6.199876456795502e-01 3.333333333333334e-01 C
 1.152993152543517e-01 5.723423055931776e-01 3.333333333333334e-01 C
 1.092658999746060e-01 5.235560841324021e-01 3.333333333333334e-01 C
 1.093945948654982e-01 4.743983691531359e-01 3.333333333333334e-01 C
 1.156833703317203e-01 4.256444071859977e-01 3.333333333333334e-01 C
 1.280330486274376e-01 3.780630773354144e-01 3.333333333333334e-01 C
 1.462488679485863e-01 3.324047655968385e-01 3.333333333333334e-01 C
 1.700435539428692e-01 2.893895308213406e-01 3.333333333333334e-01 C
 1.990418501978996e-01 2.496957489573862e-01 3.333333333333334e-01 C
 2.327864362589935e-01 2.139494146568856e-01 3.333333333333334e-01 C
 2.707451398459289e-01 1.827142689655827e-01 3.333333333333334e-01 C
 3.123193295277087e-01 1.564829087900013e-01 3.333333333333334e-01 C
 3.568533554978353e-01 1.356690183499648e-01 3.333333333333334e-01 C
 4.036448895634210e-01 1.206008451313287e-01 3.333333333333334e-01 C
 4.519560012803445e-01 1.115160232270409e-01 3.333333333333334e-01 C
 5.010247955571712e-01 1.085578257055413e-01 3.333333333333334e-01 C
 5.500774281958779e-01 1.117729051088859e-01 3.333333333333334e-01 C
 5.983403098771296e-01 1.211105577142885e-01 3.333333333333334e-01 C
 6.450523061259661e-01 1.364235231621188e-01 3.333333333333334e-01 C
 6.894767408571476e-01 1.574703068397417e-01 3.333333333333334e-01 C
 7.309130141970938e-01 1.839189883958226e-01 3.333333333333334e-01 C
 7.687076513624038e-01 2.153524563225457e-01 3.333333333333334e-01 C
 8.022646083475579e-01 2.512749860532622e-01 3.333333333333334e-01 C
 8.310546718949462e-01 2.911200578350404e-01 3.333333333333334e-01 C
 8.546238055040762e-01 3.342592910835891e-01 3.333333333333334e-01 C
 8.726003098584139e-01 3.800123543204498e-01 3.333333333333334e-01 C
 8.847006847456482e-01 4.276576944068220e-01 3.333333333333334e-01 C
 8.907341000253939e-01 4.764439158675984e-01 3.333333333333334e-01 C
 8.882270948911142e-01 5.500774281958776e-01 8.333333333333333e-01 C
 8.788894422857114e-01 5.983403098771296e-01 8.333333333333333e-01 C
 8.635764768378814e-01 6.450523061259658e-01 8.333333333333333e-01 C
 8.425296931602583e-01 6.894767408571477e-01 8.333333333333333e-01 C
 8.160810116041773e-01 7.309130141970939e-01 8.333333333333333e-01 C
 7.846475436774545e-01 7.687076513624036e-01 8.333333333333333e-01 C
 7.487250139467380e-01 8.022646083475576e-01 8.333333333333333e-01 C
 7.088799421649598e-01 8.310546718949461e-01 8.333333333333333e-01 C
 6.657407089164110e-01 8.546238055040762e-01 8.333333333333333e-01 C
 6.199876456795502e-01 8.726003098584139e-01 8.333333333333333e-01 C
 5.723423055931776e-01 8.847006847456482e-01 8.333333333333333e-01 C
 5.235560841324020e-01 8.907341000253939e-01 8.333333333333333e-01 C
 4.743983691531359e-01 8.906054051345017e-01 8.333333333333333e-01 C
 4.256444071859976e-01 8.843166296682797e-01 8.333333333333333e-01 C
 3.780630773354144e-01 8.719669513725625e-01 8.333333333333333e-01 C
 3.324047655968385e-01 8.537511320514137e-01 8.333333333333333e-01 C
 2.893895308213407e-01 8.299564460571309e-01 8.333333333333333e-01 C
 2.496957489573862e-01 8.009581498021004e-01 8.333333333333333e-01 C
 2.139494146568857e-01 7.672135637410067e-01 8.333333333333333e-01 C
 1.827142689655828e-01 7.292548601540715e-01 8.333333333333333e-01 C
 1.564829087900014e-01 6.876806704722915e-01 8.333333333333333e-01 C
 1.356690183499650e-01 6.431466445021652e-01 8.333333333333333e-01 C
 1.206008451313288e-01 5.963551104365792e-01 8.333333333333333e-01 C
 1.115160232270409e-01 5.480439987196557e-01 8.333333333333333e-01 C
 1.085578257055413e-01 4.989752044428292e-01 8.333333333333333e-01 C
 1.117729051088859e-01 4.499225718041227e-01 8.333333333333333e-01 C
 1.211105577142885e-01 4.016596901228703e-01 8.333333333333333e-01 C
 1.364235231621186e-01 3.549476938740344e-01 8.333333333333333e-01 C
 1.574703068397418e-01 3.105232591428523e-01 8.333333333333333e-01 C
 1.839189883958226e-01 2.690869858029062e-01 8.333333333333333e-01 C
 2.153524563225455e-01 2.312923486375965e-01 8.333333333333333e-01 C
 2.512749860532625e-01 1.977353916524421e-01 8.333333333333333e-01 C
 2.911200578350406e-01 1.689453281050536e-01 8.333333333333333e-01 C
 3.342592910835891e-01 1.453761944959237e-01 8.333333333333333e-01 C
 3.800123543204501e-01 1.273996901415859e-01 8.333333333333333e-01 C
 4.276576944068227e-01 1.152993152543517e-01 8.333333333333333e-01 C
 4.764439158675982e-01 1.092658999746060e-01 8.333333333333333e-01 C
 5.256016308468644e-01 1.093945948654983e-01 8.333333333333333e-01 C
 5.743555928140026e-01 1.156833703317204e-01 8.333333333333333e-01 C
 6.219369226645859e-01 1.280330486274377e-01 8.333333333333333e-01 C
 6.675952344031619e-01 1.462488679485865e-01 8.333333333333333e-01 C
 7.106104691786594e-01 1.700435539428692e-01 8.333333333333333e-01 C
 7.503042510426140e-01 1.990418501978996e-01 8.333333333333333e-01 C
 7.860505853431146e-01 2.327864362589936e-01 8.333333333333333e-01 C
 8.172857310344174e-01 2.707451398459289e-01 8.333333333333333e-01 C
 8.435170912099985e-01 3.123193295277084e-01 8.333333333333333e-01 C
 8.643309816500352e-01 3.568533554978353e-01 8.333333333333333e-01 C
 8.793991548686714e-01 4.036448895634210e-01 8.333333333333333e-01 C
 8.884839767729592e-01 4.519560012803448e-01 8.333333333333333e-01 C
 8.914421742944587e-01 5.010247955571712e-01 8.333333333333333e-01 C
 8.882270948911142e-01 5.500774281958776e-01 5.000000000000000e-01 C
 8.788894422857114e-01 5.983403098771296e-01 5.000000000000000e-01 C
 8.635764768378814e-01 6.450523061259658e-01 5.000000000000000e-01 C
 8.425296931602583e-01 6.894767408571477e-01 5.000000000000000e-01 C
 8.160810116041773e-01 7.309130141970939e-01 5.000000000000000e-01 C
 7.846475436774545e-01 7.687076513624036e-01 5.000000000000000e-01 C
 7.487250139467380e-01 8.022646083475576e-01 5.000000000000000e-01 C
 7.088799421649598e-01 8.310546718949461e-01 5.000000000000000e-01 C
 6.657407089164110e-01 8.546238055040762e-01 5.000000000000000e-01 C
 6.199876456795502e-01 8.726003098584139e-01 5.000000000000000e-01 C
 5.723423055931776e-01 8.847006847456482e-01 5.000000000000000e-01 C
 5.235560841324020e-01 8.907341000253939e-01 5.000000000000000e-01 C
 4.743983691531359e-01 8.906054051345017e-01 5.000000000000000e-01 C
 4.256444071859976e-01 8.843166296682797e-01 5.000000000000000e-01 C
 3.780630773354144e-01 8.719669513725625e-01 5.000000000000000e-01 C
 3.324047655968385e-01 8.537511320514137e-01 5.000000000000000e-01 C
 2.893895308213407e-01 8.299564460571309e-01 5.000000000000000e-01 C
 2.496957489573862e-01 8.009581498021004e-01 5.000000000000000e-01 C
 2.139494146568857e-01 7.672135637410067e-01 5.000000000000000e-01 C
 1.827142689655828e-01 7.292548601540715e-01 5.000000000000000e-01 C
 1.564829087900014e-01 6.876806704722915e-01 5.000000000000000e-01 C
 1.356690183499650e-01 6.431466445021652e-01 5.000000000000000e-01 C
 1.206008451313288e-01 5.963551104365792e-01 5.000000000000000e-01 C
 1.115160232270409e-01 5.480439987196557e-01 5.000000000000000e-01 C
 1.085578257055413e-01 4.989752044428292e-01 5.000000000000000e-01 C
 1.117729051088859e-01 4.499225718041227e-01 5.000000000000000e-01 C
 1.211105577142885e-01 4.016596901228703e-01 5.000000000000000e-01 C
 1.364235231621186e-01 3.549476938740344e-01 5.000000000000000e-01 C
 1.574703068397418e-01 3.105232591428523e-01 5.000000000000000e-01 C
 1.839189883958226e-01 2.690869858029062e-01 5.000000000000000e-01 C
 2.153524563225455e-01 2.312923486375965e-01 5.000000000000000e-01 C
 2.512749860532625e-01 1.977353916524421e-01 5.000000000000000e-01 C
 2.911200578350406e-01 1.689453281050536e-01 5.000000000000000e-01 C
 3.342592910835891e-01 1.453761944959237e-01 5.000000000000000e-01 C
 3.800123543204501e-01 1.273996901415859e-01 5.000000000000000e-01 C
 4.276576944068227e-01 1.152993152543517e-01 5.000000000000000e-01 C
 4.764439158675982e-01 1.092658999746060e-01 5.000000000000000e-01 C
 5.256016308468644e-01 1.093945948654983e-01 5.000000000000000e-01 C
 5.743555928140026e-01 1.156833703317204e-01 5.000000000000000e-01 C
 6.219369226645859e-01 1.280330486274377e-01 5.000000000000000e-01 C
 6.675952344031619e-01 1.462488679485865e-01 5.000000000000000e-01 C
 7.106104691786594e-01 1.700435539428692e-01 5.000000000000000e-01 C
 7.503042510426140e-01 1.990418501978996e-01 5.000000000000000e-01 C
 7.860505853431146e-01 2.327864362589936e-01 5.000000000000000e-01 C
 8.172857310344174e-01 2.707451398459289e-01 5.000000000000000e-01 C
 8.435170912099985e-01 3.123193295277084e-01 5.000000000000000e-01 C
 8.643309816500352e-01 3.568533554978353e-01 5.000000000000000e-01 C
 8.793991548686714e-01 4.036448895634210e-01 5.000000000000000e-01 C
 8.884839767729592e-01 4.519560012803448e-01 5.000000000000000e-01 C
 8.914421742944587e-01 5.010247955571712e-01 5.000000000000000e-01 C
