# global energy weight w is 10000.000000
# nr.	conf_w	w*de^2		e		e0		|e-e0|		e-e0		de/e0
  0	5000.00	  0.048586	-8.7995898120	-8.7973856000	0.002204	-0.002204	0.000251
  1	5000.00	  0.005002	-8.8097946339	-8.8090874000	0.000707	-0.000707	0.000080
  2	5000.00	  0.000175	-8.8169624031	-8.8170948000	0.000132	0.000132	-0.000015
  3	5000.00	  0.007034	-8.8209712886	-8.8218100000	0.000839	0.000839	-0.000095
  4	5000.00	  0.039672	-8.8222788055	-8.8242706000	0.001992	0.001992	-0.000226
  5	5000.00	  0.078044	-8.8226451716	-8.8254388000	0.002794	0.002794	-0.000317
  6	5000.00	  0.047792	-8.8223182662	-8.8245044000	0.002186	0.002186	-0.000248
  7	5000.00	  0.017496	-8.8214556929	-8.8227784000	0.001323	0.001323	-0.000150
  8	5000.00	  0.000051	-8.8201602947	-8.8200886000	0.000072	-0.000072	0.000008
  9	5000.00	  0.029051	-8.8182996325	-8.8165952000	0.001704	-0.001704	0.000193
 10	5000.00	  0.270128	-8.7902129841	-8.7850156000	0.005197	-0.005197	0.000592
 11	5000.00	  0.000430	-8.6358950723	-8.6356876000	0.000207	-0.000207	0.000024
 12	5000.00	  0.000002	-8.7633251274	-8.7633400000	0.000015	0.000015	-0.000002
 13	5000.00	  0.020731	-8.7782261587	-8.7796660000	0.001440	0.001440	-0.000164
 14	5000.00	  0.069793	-8.7059609611	-8.7086028000	0.002642	0.002642	-0.000303
 15	5000.00	  0.154733	-8.7902960151	-8.7863624000	0.003934	-0.003934	0.000448
 16	5000.00	  0.005157	-8.8126113166	-8.8118932000	0.000718	-0.000718	0.000081
 17	5000.00	  0.072301	-8.8119913087	-8.8146802000	0.002689	0.002689	-0.000305
 18	5000.00	  0.000133	-8.7976975559	-8.7978128000	0.000115	0.000115	-0.000013
 19	5000.00	  0.001181	-8.6191817318	-8.6195254000	0.000344	0.000344	-0.000040
 20	5000.00	  0.000000	-8.6975231227	-8.6975182000	0.000005	-0.000005	0.000001
 21	5000.00	  0.001206	-8.7546934642	-8.7550408000	0.000347	0.000347	-0.000040
 22	5000.00	  0.004404	-8.7933867794	-8.7940504000	0.000664	0.000664	-0.000075
 23	5000.00	  0.000878	-8.8160708209	-8.8163672000	0.000296	0.000296	-0.000034
 24	5000.00	  0.038863	-8.8219952231	-8.8239666000	0.001971	0.001971	-0.000223
 25	5000.00	  0.061537	-8.8148705297	-8.8173512000	0.002481	0.002481	-0.000281
 26	5000.00	  0.024299	-8.7973531758	-8.7989120000	0.001559	0.001559	-0.000177
 27	5000.00	  0.023606	-8.7711112193	-8.7695748000	0.001536	-0.001536	0.000175
 28	5000.00	  0.048739	-8.7326888900	-8.7304812000	0.002208	-0.002208	0.000253
 29	5000.00	  0.111464	-8.6860174266	-8.6826788000	0.003339	-0.003339	0.000385
 30	  1.00	  0.048564	-8.8184954603	-8.8206991750	0.002204	0.002204	-0.000250
 31	  1.00	  0.050927	-8.8190323323	-8.8212890250	0.002257	0.002257	-0.000256
 32	  1.00	  0.022402	-8.8188912900	-8.8203880250	0.001497	0.001497	-0.000170
 33	  1.00	  0.001417	-8.7536903623	-8.7533139500	0.000376	-0.000376	0.000043
 34	  1.00	  0.105484	-8.8031190586	-8.7998712250	0.003248	-0.003248	0.000369
 35	  1.00	  0.000531	-8.7739568162	-8.7737263750	0.000230	-0.000230	0.000026
 36	  1.00	  3.591544	-8.6332984432	-8.6143470750	0.018951	-0.018951	0.002200
 37	  1.00	  6.917060	-8.7125722289	-8.6862719250	0.026300	-0.026300	0.003028
 38	  1.00	  0.339214	-8.7469960834	-8.7411718750	0.005824	-0.005824	0.000666
 39	  1.00	  0.105832	-8.7380071884	-8.7347540000	0.003253	-0.003253	0.000372
 40	  1.00	  0.071468	-8.7668226571	-8.7694960000	0.002673	0.002673	-0.000305
 41	  1.00	  0.454067	-8.7541144492	-8.7473760000	0.006738	-0.006738	0.000770
 42	  1.00	  0.105349	-8.7021222536	-8.7053680000	0.003246	0.003246	-0.000373
 43	  1.00	  0.753412	-8.6813569328	-8.6726770000	0.008680	-0.008680	0.001001
 44	  1.00	  2.822778	-8.6937041236	-8.6769030000	0.016801	-0.016801	0.001936
 45	  1.00	  4.294611	-8.6274344440	-8.6067110000	0.020723	-0.020723	0.002408
 46	  1.00	  2.805901	-8.5645318231	-8.5477810000	0.016751	-0.016751	0.001960
 47	  1.00	  2.207472	-8.5727964379	-8.5876540000	0.014858	0.014858	-0.001730
 48	  1.00	  0.385398	-8.7660050403	-8.7597970000	0.006208	-0.006208	0.000709
 49	  1.00	  0.260869	-8.7557265318	-8.7506190000	0.005108	-0.005108	0.000584
 50	  1.00	  0.403930	-8.7700195460	-8.7636640000	0.006356	-0.006356	0.000725
 51	  1.00	  0.403930	-8.7700195460	-8.7636640000	0.006356	-0.006356	0.000725
 52	  1.00	  0.038998	-8.7796777958	-8.7777030000	0.001975	-0.001975	0.000225
 53	  1.00	  0.931481	-8.7449133279	-8.7352620000	0.009651	-0.009651	0.001105
 54	  1.00	  1.397982	-8.6416656274	-8.6298420000	0.011824	-0.011824	0.001370
 55	  1.00	  2.653250	-8.6150077999	-8.5987190000	0.016289	-0.016289	0.001894
 56	  1.00	  1.066409	-8.6120767100	-8.6017500000	0.010327	-0.010327	0.001201
 57	  1.00	  1.265033	-8.5964586335	-8.6077060000	0.011247	0.011247	-0.001307
 58	  1.00	  0.014796	-8.5700195959	-8.5712360000	0.001216	0.001216	-0.000142
 59	  1.00	  0.012895	-8.6314274218	-8.6325630000	0.001136	0.001136	-0.000132
 60	  1.00	 27.814183	-8.5191811533	-8.4664420000	0.052739	-0.052739	0.006229
 61	  1.00	  4.826210	-8.6051106359	-8.5831420000	0.021969	-0.021969	0.002560
 62	  1.00	  7.067906	-8.5080265344	-8.4814410000	0.026586	-0.026586	0.003135
 63	  1.00	 20.720580	-8.6337268633	-8.5882070000	0.045520	-0.045520	0.005300
 64	  1.00	  4.489330	-8.2958970380	-8.2747090000	0.021188	-0.021188	0.002561
 65	  1.00	  0.048377	-8.8030415223	-8.8052410000	0.002199	0.002199	-0.000250
 66	  1.00	  0.099973	-8.8023961528	-8.8055580000	0.003162	0.003162	-0.000359
 67	  1.00	  0.028639	-8.7957286794	-8.7974210000	0.001692	0.001692	-0.000192
 68	  1.00	  0.169666	-8.7762980584	-8.7721790000	0.004119	-0.004119	0.000470
 69	  1.00	  1.356173	-8.7172644824	-8.7056190000	0.011645	-0.011645	0.001338
 70	  1.00	  2.784879	-8.7334949563	-8.7168070000	0.016688	-0.016688	0.001914
 71	  1.00	  0.500120	-8.7082570858	-8.7153290000	0.007072	0.007072	-0.000811
 72	  1.00	  0.147742	-8.6702827231	-8.6664390000	0.003844	-0.003844	0.000444
 73	  1.00	  0.206582	-8.6690158741	-8.6735610000	0.004545	0.004545	-0.000524
 74	  1.00	  0.000001	-8.7846558788	-8.7846460000	0.000010	-0.000010	0.000001
 75	  1.00	  0.007853	-8.7882128516	-8.7890990000	0.000886	0.000886	-0.000101
 76	  1.00	  0.001933	-8.7949253008	-8.7953650000	0.000440	0.000440	-0.000050
 77	  1.00	  1.614359	-8.7454517415	-8.7327460000	0.012706	-0.012706	0.001455
 78	  1.00	  0.346663	-8.7339561939	-8.7398440000	0.005888	0.005888	-0.000674
 79	  1.00	  0.075932	-8.7261964160	-8.7289520000	0.002756	0.002756	-0.000316
 80	  1.00	  0.776645	-8.7007357441	-8.6919230000	0.008813	-0.008813	0.001014
 81	  1.00	  0.003465	-8.7014436525	-8.7008550000	0.000589	-0.000589	0.000068
 82	  1.00	 12.872612	-8.7127414230	-8.6768630000	0.035878	-0.035878	0.004135
 83	  1.00	  0.187968	-8.7178551239	-8.7221906500	0.004336	0.004336	-0.000497
 84	  1.00	  0.274325	-8.7432437043	-8.7380061000	0.005238	-0.005238	0.000599
 85	  1.00	  0.193663	-8.7122472822	-8.7166480000	0.004401	0.004401	-0.000505
 86	  1.00	  0.555062	-8.6684042994	-8.6758545500	0.007450	0.007450	-0.000859
 87	  1.00	  0.136800	-8.7281950224	-8.7318936750	0.003699	0.003699	-0.000424
 88	  1.00	  8.869326	-8.6916737130	-8.6618923000	0.029781	-0.029781	0.003438
 89	  1.00	  0.053993	-8.7162276173	-8.7139039750	0.002324	-0.002324	0.000267
 90	  1.00	  2.278564	-8.6856713885	-8.6705764750	0.015095	-0.015095	0.001741
 91	  1.00	  0.007961	-8.8085169834	-8.8094092000	0.000892	0.000892	-0.000101
 92	  1.00	  0.002865	-8.7996480462	-8.7991128250	0.000535	-0.000535	0.000061
 93	  1.00	  0.066932	-8.8039324510	-8.8065195750	0.002587	0.002587	-0.000294
 94	  1.00	  0.621493	-8.5722689548	-8.5643854750	0.007883	-0.007883	0.000920
 95	  1.00	  1.214212	-8.5946860309	-8.5836669000	0.011019	-0.011019	0.001284
 96	  1.00	  3.151745	-8.5684036550	-8.5506505000	0.017753	-0.017753	0.002076
 97	  1.00	  0.084447	-8.4409618698	-8.4438678500	0.002906	0.002906	-0.000344
 98	  1.00	  0.193496	-8.7481797189	-8.7437809000	0.004399	-0.004399	0.000503
 99	  1.00	  0.361612	-8.7493473428	-8.7433339250	0.006013	-0.006013	0.000688
100	  1.00	  0.083555	-8.7774265328	-8.7745359500	0.002891	-0.002891	0.000329
101	  1.00	  0.494335	-8.7563631951	-8.7493323000	0.007031	-0.007031	0.000804
102	  1.00	  0.266594	-8.7136707707	-8.7085075000	0.005163	-0.005163	0.000593
103	  1.00	  0.266594	-8.7136707707	-8.7085075000	0.005163	-0.005163	0.000593
104	  1.00	  2.449628	-8.6233383865	-8.6076871000	0.015651	-0.015651	0.001818
105	  1.00	  0.001319	-8.5793025865	-8.5796658000	0.000363	0.000363	-0.000042
106	  1.00	  0.671098	-8.3516325797	-8.3434405250	0.008192	-0.008192	0.000982
107	  1.00	 21.087004	-8.3813903865	-8.4273109750	0.045921	0.045921	-0.005449
108	  1.00	  3.158317	-8.5453291286	-8.5275574750	0.017772	-0.017772	0.002084
109	  1.00	  0.081613	-8.5308924189	-8.5337492250	0.002857	0.002857	-0.000335
110	  1.00	 12.575281	-8.4220937430	-8.3866321000	0.035462	-0.035462	0.004228
111	  1.00	  0.008455	-8.8012134892	-8.8021330000	0.000920	0.000920	-0.000104
112	  1.00	  0.078832	-8.8001012990	-8.8029090000	0.002808	0.002808	-0.000319
113	  1.00	  0.366694	-8.7446835244	-8.7386280000	0.006056	-0.006056	0.000693
114	  1.00	  1.773832	-8.7348605270	-8.7215420000	0.013319	-0.013319	0.001527
115	  1.00	  3.138580	-8.7242820371	-8.7065660000	0.017716	-0.017716	0.002035
116	  1.00	  0.143683	-8.7314784507	-8.7352690000	0.003791	0.003791	-0.000434
117	  1.00	  0.011848	-8.7989125140	-8.8000010000	0.001088	0.001088	-0.000124
118	  1.00	  0.253264	-8.7503654627	-8.7553980000	0.005033	0.005033	-0.000575
119	  1.00	  0.717176	-8.7585506265	-8.7500820000	0.008469	-0.008469	0.000968
120	  1.00	  0.148650	-8.7899795136	-8.7861240000	0.003856	-0.003856	0.000439
121	  1.00	  0.033981	-8.7916056025	-8.7934490000	0.001843	0.001843	-0.000210
122	  1.00	  0.855814	-8.7160580223	-8.7068070000	0.009251	-0.009251	0.001063
123	  1.00	  1.175160	-8.7208804787	-8.7100400000	0.010840	-0.010840	0.001245
124	  1.00	  0.657347	-8.7351846933	-8.7270770000	0.008108	-0.008108	0.000929
125	  1.00	  2.128679	-8.7164709919	-8.7018810000	0.014590	-0.014590	0.001677
126	  1.00	  0.016908	-8.7932106760	-8.7945110000	0.001300	0.001300	-0.000148
127	  1.00	  0.014728	-8.7892723959	-8.7904860000	0.001214	0.001214	-0.000138
128	  1.00	  0.028377	-8.7958534524	-8.7975380000	0.001685	0.001685	-0.000191
129	5000.00	  0.027629	-8.6678717967	-8.6662096000	0.001662	-0.001662	0.000192
130	5000.00	  0.011272	-8.6469712892	-8.6480330000	0.001062	0.001062	-0.000123
131	5000.00	  0.014314	-8.6453891726	-8.6465856000	0.001196	0.001196	-0.000138
132	5000.00	  0.061207	-8.8143397981	-8.8168138000	0.002474	0.002474	-0.000281
133	5000.00	  0.005913	-8.8209966413	-8.8217656000	0.000769	0.000769	-0.000087
## No.134 has the lowest energy from potfit
134	5000.00	  0.326736	-8.8234438847	-8.8177278000	0.005716	-0.005716	0.000648
