 120
 1 11 21 1
 1 21 30 1
 1 30 11 1
 2 12 21 -1
 2 21 22 -1
 2 22 12 -1
 3 13 22 -1
 3 22 23 -1
 3 23 13 -1
 4 14 23 -1
 4 23 24 -1
 4 24 14 -1
 5 15 24 -1
 5 24 25 -1
 5 25 15 -1
 6 16 25 -1
 6 25 26 -1
 6 26 16 -1
 7 17 26 -1
 7 26 27 -1
 7 27 17 -1
 8 18 27 -1
 8 27 28 -1
 8 28 18 -1
 9 19 28 -1
 9 28 29 -1
 9 29 19 -1
 10 20 29 -1
 10 29 30 -1
 10 30 20 -1
 11 1 31 -1
 11 31 40 -1
 11 40 1 -1
 12 2 31 1
 12 31 32 1
 12 32 2 1
 13 3 32 1
 13 32 33 1
 13 33 3 1
 14 4 33 1
 14 33 34 1
 14 34 4 1
 15 5 34 1
 15 34 35 1
 15 35 5 1
 16 6 35 1
 16 35 36 1
 16 36 6 1
 17 7 36 1
 17 36 37 1
 17 37 7 1
 18 8 37 1
 18 37 38 1
 18 38 8 1
 19 9 38 1
 19 38 39 1
 19 39 9 1
 20 10 39 1
 20 39 40 1
 20 40 10 1
 21 1 2 1
 21 2 31 1
 21 31 1 1
 22 2 3 1
 22 3 32 1
 22 32 2 1
 23 3 4 1
 23 4 33 1
 23 33 3 1
 24 4 5 1
 24 5 34 1
 24 34 4 1
 25 5 6 1
 25 6 35 1
 25 35 5 1
 26 6 7 1
 26 7 36 1
 26 36 6 1
 27 7 8 1
 27 8 37 1
 27 37 7 1
 28 8 9 1
 28 9 38 1
 28 38 8 1
 29 9 10 1
 29 10 39 1
 29 39 9 1
 30 1 10 -1
 30 10 40 -1
 30 40 1 -1
 31 11 12 -1
 31 12 21 -1
 31 21 11 -1
 32 12 13 -1
 32 13 22 -1
 32 22 12 -1
 33 13 14 -1
 33 14 23 -1
 33 23 13 -1
 34 14 15 -1
 34 15 24 -1
 34 24 14 -1
 35 15 16 -1
 35 16 25 -1
 35 25 15 -1
 36 16 17 -1
 36 17 26 -1
 36 26 16 -1
 37 17 18 -1
 37 18 27 -1
 37 27 17 -1
 38 18 19 -1
 38 19 28 -1
 38 28 18 -1
 39 19 20 -1
 39 20 29 -1
 39 29 19 -1
 40 11 20 1
 40 20 30 1
 40 30 11 1
