 456
 1 39 77 1
 1 77 114 1
 1 114 39 1
 2 40 77 -1
 2 77 78 -1
 2 78 40 -1
 3 41 78 -1
 3 78 79 -1
 3 79 41 -1
 4 42 79 -1
 4 79 80 -1
 4 80 42 -1
 5 43 80 -1
 5 80 81 -1
 5 81 43 -1
 6 44 81 -1
 6 81 82 -1
 6 82 44 -1
 7 45 82 -1
 7 82 83 -1
 7 83 45 -1
 8 46 83 -1
 8 83 84 -1
 8 84 46 -1
 9 47 84 -1
 9 84 85 -1
 9 85 47 -1
 10 48 85 -1
 10 85 86 -1
 10 86 48 -1
 11 49 86 -1
 11 86 87 -1
 11 87 49 -1
 12 50 87 -1
 12 87 88 -1
 12 88 50 -1
 13 51 88 -1
 13 88 89 -1
 13 89 51 -1
 14 52 89 -1
 14 89 90 -1
 14 90 52 -1
 15 53 90 -1
 15 90 91 -1
 15 91 53 -1
 16 54 91 -1
 16 91 92 -1
 16 92 54 -1
 17 55 92 -1
 17 92 93 -1
 17 93 55 -1
 18 56 93 -1
 18 93 94 -1
 18 94 56 -1
 19 57 94 -1
 19 94 95 -1
 19 95 57 -1
 20 58 95 -1
 20 95 96 -1
 20 96 58 -1
 21 59 96 -1
 21 96 97 -1
 21 97 59 -1
 22 60 97 -1
 22 97 98 -1
 22 98 60 -1
 23 61 98 -1
 23 98 99 -1
 23 99 61 -1
 24 62 99 -1
 24 99 100 -1
 24 100 62 -1
 25 63 100 -1
 25 100 101 -1
 25 101 63 -1
 26 64 101 -1
 26 101 102 -1
 26 102 64 -1
 27 65 102 -1
 27 102 103 -1
 27 103 65 -1
 28 66 103 -1
 28 103 104 -1
 28 104 66 -1
 29 67 104 -1
 29 104 105 -1
 29 105 67 -1
 30 68 105 -1
 30 105 106 -1
 30 106 68 -1
 31 69 106 -1
 31 106 107 -1
 31 107 69 -1
 32 70 107 -1
 32 107 108 -1
 32 108 70 -1
 33 71 108 -1
 33 108 109 -1
 33 109 71 -1
 34 72 109 -1
 34 109 110 -1
 34 110 72 -1
 35 73 110 -1
 35 110 111 -1
 35 111 73 -1
 36 74 111 -1
 36 111 112 -1
 36 112 74 -1
 37 75 112 -1
 37 112 113 -1
 37 113 75 -1
 38 76 113 -1
 38 113 114 -1
 38 114 76 -1
 39 1 115 -1
 39 115 152 -1
 39 152 1 -1
 40 2 115 1
 40 115 116 1
 40 116 2 1
 41 3 116 1
 41 116 117 1
 41 117 3 1
 42 4 117 1
 42 117 118 1
 42 118 4 1
 43 5 118 1
 43 118 119 1
 43 119 5 1
 44 6 119 1
 44 119 120 1
 44 120 6 1
 45 7 120 1
 45 120 121 1
 45 121 7 1
 46 8 121 1
 46 121 122 1
 46 122 8 1
 47 9 122 1
 47 122 123 1
 47 123 9 1
 48 10 123 1
 48 123 124 1
 48 124 10 1
 49 11 124 1
 49 124 125 1
 49 125 11 1
 50 12 125 1
 50 125 126 1
 50 126 12 1
 51 13 126 1
 51 126 127 1
 51 127 13 1
 52 14 127 1
 52 127 128 1
 52 128 14 1
 53 15 128 1
 53 128 129 1
 53 129 15 1
 54 16 129 1
 54 129 130 1
 54 130 16 1
 55 17 130 1
 55 130 131 1
 55 131 17 1
 56 18 131 1
 56 131 132 1
 56 132 18 1
 57 19 132 1
 57 132 133 1
 57 133 19 1
 58 20 133 1
 58 133 134 1
 58 134 20 1
 59 21 134 1
 59 134 135 1
 59 135 21 1
 60 22 135 1
 60 135 136 1
 60 136 22 1
 61 23 136 1
 61 136 137 1
 61 137 23 1
 62 24 137 1
 62 137 138 1
 62 138 24 1
 63 25 138 1
 63 138 139 1
 63 139 25 1
 64 26 139 1
 64 139 140 1
 64 140 26 1
 65 27 140 1
 65 140 141 1
 65 141 27 1
 66 28 141 1
 66 141 142 1
 66 142 28 1
 67 29 142 1
 67 142 143 1
 67 143 29 1
 68 30 143 1
 68 143 144 1
 68 144 30 1
 69 31 144 1
 69 144 145 1
 69 145 31 1
 70 32 145 1
 70 145 146 1
 70 146 32 1
 71 33 146 1
 71 146 147 1
 71 147 33 1
 72 34 147 1
 72 147 148 1
 72 148 34 1
 73 35 148 1
 73 148 149 1
 73 149 35 1
 74 36 149 1
 74 149 150 1
 74 150 36 1
 75 37 150 1
 75 150 151 1
 75 151 37 1
 76 38 151 1
 76 151 152 1
 76 152 38 1
 77 1 2 1
 77 2 115 1
 77 115 1 1
 78 2 3 1
 78 3 116 1
 78 116 2 1
 79 3 4 1
 79 4 117 1
 79 117 3 1
 80 4 5 1
 80 5 118 1
 80 118 4 1
 81 5 6 1
 81 6 119 1
 81 119 5 1
 82 6 7 1
 82 7 120 1
 82 120 6 1
 83 7 8 1
 83 8 121 1
 83 121 7 1
 84 8 9 1
 84 9 122 1
 84 122 8 1
 85 9 10 1
 85 10 123 1
 85 123 9 1
 86 10 11 1
 86 11 124 1
 86 124 10 1
 87 11 12 1
 87 12 125 1
 87 125 11 1
 88 12 13 1
 88 13 126 1
 88 126 12 1
 89 13 14 1
 89 14 127 1
 89 127 13 1
 90 14 15 1
 90 15 128 1
 90 128 14 1
 91 15 16 1
 91 16 129 1
 91 129 15 1
 92 16 17 1
 92 17 130 1
 92 130 16 1
 93 17 18 1
 93 18 131 1
 93 131 17 1
 94 18 19 1
 94 19 132 1
 94 132 18 1
 95 19 20 1
 95 20 133 1
 95 133 19 1
 96 20 21 1
 96 21 134 1
 96 134 20 1
 97 21 22 1
 97 22 135 1
 97 135 21 1
 98 22 23 1
 98 23 136 1
 98 136 22 1
 99 23 24 1
 99 24 137 1
 99 137 23 1
 100 24 25 1
 100 25 138 1
 100 138 24 1
 101 25 26 1
 101 26 139 1
 101 139 25 1
 102 26 27 1
 102 27 140 1
 102 140 26 1
 103 27 28 1
 103 28 141 1
 103 141 27 1
 104 28 29 1
 104 29 142 1
 104 142 28 1
 105 29 30 1
 105 30 143 1
 105 143 29 1
 106 30 31 1
 106 31 144 1
 106 144 30 1
 107 31 32 1
 107 32 145 1
 107 145 31 1
 108 32 33 1
 108 33 146 1
 108 146 32 1
 109 33 34 1
 109 34 147 1
 109 147 33 1
 110 34 35 1
 110 35 148 1
 110 148 34 1
 111 35 36 1
 111 36 149 1
 111 149 35 1
 112 36 37 1
 112 37 150 1
 112 150 36 1
 113 37 38 1
 113 38 151 1
 113 151 37 1
 114 1 38 -1
 114 38 152 -1
 114 152 1 -1
 115 39 40 -1
 115 40 77 -1
 115 77 39 -1
 116 40 41 -1
 116 41 78 -1
 116 78 40 -1
 117 41 42 -1
 117 42 79 -1
 117 79 41 -1
 118 42 43 -1
 118 43 80 -1
 118 80 42 -1
 119 43 44 -1
 119 44 81 -1
 119 81 43 -1
 120 44 45 -1
 120 45 82 -1
 120 82 44 -1
 121 45 46 -1
 121 46 83 -1
 121 83 45 -1
 122 46 47 -1
 122 47 84 -1
 122 84 46 -1
 123 47 48 -1
 123 48 85 -1
 123 85 47 -1
 124 48 49 -1
 124 49 86 -1
 124 86 48 -1
 125 49 50 -1
 125 50 87 -1
 125 87 49 -1
 126 50 51 -1
 126 51 88 -1
 126 88 50 -1
 127 51 52 -1
 127 52 89 -1
 127 89 51 -1
 128 52 53 -1
 128 53 90 -1
 128 90 52 -1
 129 53 54 -1
 129 54 91 -1
 129 91 53 -1
 130 54 55 -1
 130 55 92 -1
 130 92 54 -1
 131 55 56 -1
 131 56 93 -1
 131 93 55 -1
 132 56 57 -1
 132 57 94 -1
 132 94 56 -1
 133 57 58 -1
 133 58 95 -1
 133 95 57 -1
 134 58 59 -1
 134 59 96 -1
 134 96 58 -1
 135 59 60 -1
 135 60 97 -1
 135 97 59 -1
 136 60 61 -1
 136 61 98 -1
 136 98 60 -1
 137 61 62 -1
 137 62 99 -1
 137 99 61 -1
 138 62 63 -1
 138 63 100 -1
 138 100 62 -1
 139 63 64 -1
 139 64 101 -1
 139 101 63 -1
 140 64 65 -1
 140 65 102 -1
 140 102 64 -1
 141 65 66 -1
 141 66 103 -1
 141 103 65 -1
 142 66 67 -1
 142 67 104 -1
 142 104 66 -1
 143 67 68 -1
 143 68 105 -1
 143 105 67 -1
 144 68 69 -1
 144 69 106 -1
 144 106 68 -1
 145 69 70 -1
 145 70 107 -1
 145 107 69 -1
 146 70 71 -1
 146 71 108 -1
 146 108 70 -1
 147 71 72 -1
 147 72 109 -1
 147 109 71 -1
 148 72 73 -1
 148 73 110 -1
 148 110 72 -1
 149 73 74 -1
 149 74 111 -1
 149 111 73 -1
 150 74 75 -1
 150 75 112 -1
 150 112 74 -1
 151 75 76 -1
 151 76 113 -1
 151 113 75 -1
 152 39 76 1
 152 76 114 1
 152 114 39 1
