 384
 1 33 65 1
 1 65 96 1
 1 96 33 1
 2 34 65 -1
 2 65 66 -1
 2 66 34 -1
 3 35 66 -1
 3 66 67 -1
 3 67 35 -1
 4 36 67 -1
 4 67 68 -1
 4 68 36 -1
 5 37 68 -1
 5 68 69 -1
 5 69 37 -1
 6 38 69 -1
 6 69 70 -1
 6 70 38 -1
 7 39 70 -1
 7 70 71 -1
 7 71 39 -1
 8 40 71 -1
 8 71 72 -1
 8 72 40 -1
 9 41 72 -1
 9 72 73 -1
 9 73 41 -1
 10 42 73 -1
 10 73 74 -1
 10 74 42 -1
 11 43 74 -1
 11 74 75 -1
 11 75 43 -1
 12 44 75 -1
 12 75 76 -1
 12 76 44 -1
 13 45 76 -1
 13 76 77 -1
 13 77 45 -1
 14 46 77 -1
 14 77 78 -1
 14 78 46 -1
 15 47 78 -1
 15 78 79 -1
 15 79 47 -1
 16 48 79 -1
 16 79 80 -1
 16 80 48 -1
 17 49 80 -1
 17 80 81 -1
 17 81 49 -1
 18 50 81 -1
 18 81 82 -1
 18 82 50 -1
 19 51 82 -1
 19 82 83 -1
 19 83 51 -1
 20 52 83 -1
 20 83 84 -1
 20 84 52 -1
 21 53 84 -1
 21 84 85 -1
 21 85 53 -1
 22 54 85 -1
 22 85 86 -1
 22 86 54 -1
 23 55 86 -1
 23 86 87 -1
 23 87 55 -1
 24 56 87 -1
 24 87 88 -1
 24 88 56 -1
 25 57 88 -1
 25 88 89 -1
 25 89 57 -1
 26 58 89 -1
 26 89 90 -1
 26 90 58 -1
 27 59 90 -1
 27 90 91 -1
 27 91 59 -1
 28 60 91 -1
 28 91 92 -1
 28 92 60 -1
 29 61 92 -1
 29 92 93 -1
 29 93 61 -1
 30 62 93 -1
 30 93 94 -1
 30 94 62 -1
 31 63 94 -1
 31 94 95 -1
 31 95 63 -1
 32 64 95 -1
 32 95 96 -1
 32 96 64 -1
 33 1 97 -1
 33 97 128 -1
 33 128 1 -1
 34 2 97 1
 34 97 98 1
 34 98 2 1
 35 3 98 1
 35 98 99 1
 35 99 3 1
 36 4 99 1
 36 99 100 1
 36 100 4 1
 37 5 100 1
 37 100 101 1
 37 101 5 1
 38 6 101 1
 38 101 102 1
 38 102 6 1
 39 7 102 1
 39 102 103 1
 39 103 7 1
 40 8 103 1
 40 103 104 1
 40 104 8 1
 41 9 104 1
 41 104 105 1
 41 105 9 1
 42 10 105 1
 42 105 106 1
 42 106 10 1
 43 11 106 1
 43 106 107 1
 43 107 11 1
 44 12 107 1
 44 107 108 1
 44 108 12 1
 45 13 108 1
 45 108 109 1
 45 109 13 1
 46 14 109 1
 46 109 110 1
 46 110 14 1
 47 15 110 1
 47 110 111 1
 47 111 15 1
 48 16 111 1
 48 111 112 1
 48 112 16 1
 49 17 112 1
 49 112 113 1
 49 113 17 1
 50 18 113 1
 50 113 114 1
 50 114 18 1
 51 19 114 1
 51 114 115 1
 51 115 19 1
 52 20 115 1
 52 115 116 1
 52 116 20 1
 53 21 116 1
 53 116 117 1
 53 117 21 1
 54 22 117 1
 54 117 118 1
 54 118 22 1
 55 23 118 1
 55 118 119 1
 55 119 23 1
 56 24 119 1
 56 119 120 1
 56 120 24 1
 57 25 120 1
 57 120 121 1
 57 121 25 1
 58 26 121 1
 58 121 122 1
 58 122 26 1
 59 27 122 1
 59 122 123 1
 59 123 27 1
 60 28 123 1
 60 123 124 1
 60 124 28 1
 61 29 124 1
 61 124 125 1
 61 125 29 1
 62 30 125 1
 62 125 126 1
 62 126 30 1
 63 31 126 1
 63 126 127 1
 63 127 31 1
 64 32 127 1
 64 127 128 1
 64 128 32 1
 65 1 2 1
 65 2 97 1
 65 97 1 1
 66 2 3 1
 66 3 98 1
 66 98 2 1
 67 3 4 1
 67 4 99 1
 67 99 3 1
 68 4 5 1
 68 5 100 1
 68 100 4 1
 69 5 6 1
 69 6 101 1
 69 101 5 1
 70 6 7 1
 70 7 102 1
 70 102 6 1
 71 7 8 1
 71 8 103 1
 71 103 7 1
 72 8 9 1
 72 9 104 1
 72 104 8 1
 73 9 10 1
 73 10 105 1
 73 105 9 1
 74 10 11 1
 74 11 106 1
 74 106 10 1
 75 11 12 1
 75 12 107 1
 75 107 11 1
 76 12 13 1
 76 13 108 1
 76 108 12 1
 77 13 14 1
 77 14 109 1
 77 109 13 1
 78 14 15 1
 78 15 110 1
 78 110 14 1
 79 15 16 1
 79 16 111 1
 79 111 15 1
 80 16 17 1
 80 17 112 1
 80 112 16 1
 81 17 18 1
 81 18 113 1
 81 113 17 1
 82 18 19 1
 82 19 114 1
 82 114 18 1
 83 19 20 1
 83 20 115 1
 83 115 19 1
 84 20 21 1
 84 21 116 1
 84 116 20 1
 85 21 22 1
 85 22 117 1
 85 117 21 1
 86 22 23 1
 86 23 118 1
 86 118 22 1
 87 23 24 1
 87 24 119 1
 87 119 23 1
 88 24 25 1
 88 25 120 1
 88 120 24 1
 89 25 26 1
 89 26 121 1
 89 121 25 1
 90 26 27 1
 90 27 122 1
 90 122 26 1
 91 27 28 1
 91 28 123 1
 91 123 27 1
 92 28 29 1
 92 29 124 1
 92 124 28 1
 93 29 30 1
 93 30 125 1
 93 125 29 1
 94 30 31 1
 94 31 126 1
 94 126 30 1
 95 31 32 1
 95 32 127 1
 95 127 31 1
 96 1 32 -1
 96 32 128 -1
 96 128 1 -1
 97 33 34 -1
 97 34 65 -1
 97 65 33 -1
 98 34 35 -1
 98 35 66 -1
 98 66 34 -1
 99 35 36 -1
 99 36 67 -1
 99 67 35 -1
 100 36 37 -1
 100 37 68 -1
 100 68 36 -1
 101 37 38 -1
 101 38 69 -1
 101 69 37 -1
 102 38 39 -1
 102 39 70 -1
 102 70 38 -1
 103 39 40 -1
 103 40 71 -1
 103 71 39 -1
 104 40 41 -1
 104 41 72 -1
 104 72 40 -1
 105 41 42 -1
 105 42 73 -1
 105 73 41 -1
 106 42 43 -1
 106 43 74 -1
 106 74 42 -1
 107 43 44 -1
 107 44 75 -1
 107 75 43 -1
 108 44 45 -1
 108 45 76 -1
 108 76 44 -1
 109 45 46 -1
 109 46 77 -1
 109 77 45 -1
 110 46 47 -1
 110 47 78 -1
 110 78 46 -1
 111 47 48 -1
 111 48 79 -1
 111 79 47 -1
 112 48 49 -1
 112 49 80 -1
 112 80 48 -1
 113 49 50 -1
 113 50 81 -1
 113 81 49 -1
 114 50 51 -1
 114 51 82 -1
 114 82 50 -1
 115 51 52 -1
 115 52 83 -1
 115 83 51 -1
 116 52 53 -1
 116 53 84 -1
 116 84 52 -1
 117 53 54 -1
 117 54 85 -1
 117 85 53 -1
 118 54 55 -1
 118 55 86 -1
 118 86 54 -1
 119 55 56 -1
 119 56 87 -1
 119 87 55 -1
 120 56 57 -1
 120 57 88 -1
 120 88 56 -1
 121 57 58 -1
 121 58 89 -1
 121 89 57 -1
 122 58 59 -1
 122 59 90 -1
 122 90 58 -1
 123 59 60 -1
 123 60 91 -1
 123 91 59 -1
 124 60 61 -1
 124 61 92 -1
 124 92 60 -1
 125 61 62 -1
 125 62 93 -1
 125 93 61 -1
 126 62 63 -1
 126 63 94 -1
 126 94 62 -1
 127 63 64 -1
 127 64 95 -1
 127 95 63 -1
 128 33 64 1
 128 64 96 1
 128 96 33 1
