 C
 AIREBO 
 792
 1.024875e+01
 4.878643737041103e+00 0.000000000000000e+00 0.000000000000000e+00
 0.000000000000000e+00 4.878643737041103e+00 0.000000000000000e+00
 0.000000000000000e+00 0.000000000000000e+00 4.156604463959019e-01
 fra
 9.531022699560223e-01 5.296978917823627e-01 0.000000000000000e+00 C
 9.472352581273136e-01 5.785127741416143e-01 0.000000000000000e+00 C
 9.361248218081584e-01 6.264071660089693e-01 0.000000000000000e+00 C
 9.199012207060296e-01 6.728195494300434e-01 0.000000000000000e+00 C
 8.987546617104700e-01 7.172057816444710e-01 0.000000000000000e+00 C
 8.729330688912190e-01 7.590454746622574e-01 0.000000000000000e+00 C
 8.427391768151753e-01 7.978480963371648e-01 0.000000000000000e+00 C
 8.085269812603914e-01 8.331587214076305e-01 0.000000000000000e+00 C
 7.706975889392383e-01 8.645633650795155e-01 0.000000000000000e+00 C
 7.296945148889388e-01 8.916938366193067e-01 0.000000000000000e+00 C
 6.859984826632639e-01 9.142320560538265e-01 0.000000000000000e+00 C
 6.401217882883967e-01 9.319137833670961e-01 0.000000000000000e+00 C
 5.926022940604212e-01 9.445317164729243e-01 0.000000000000000e+00 C
 5.439971226016719e-01 9.519379216423318e-01 0.000000000000000e+00 C
 4.948761251073708e-01 9.540455678912653e-01 0.000000000000000e+00 C
 4.458152003613822e-01 9.508299449944955e-01 0.000000000000000e+00 C
 3.973895428495219e-01 9.423287531904148e-01 0.000000000000000e+00 C
 3.501668991301148e-01 9.286416611802120e-01 0.000000000000000e+00 C
 3.047009115246971e-01 9.099291376034798e-01 0.000000000000000e+00 C
 2.615246271679926e-01 8.864105696901314e-01 0.000000000000000e+00 C
 2.211442485176308e-01 8.583616911457195e-01 0.000000000000000e+00 C
 1.840331985931547e-01 8.261113494258426e-01 0.000000000000000e+00 C
 1.506265705239724e-01 7.900376503003981e-01 0.000000000000000e+00 C
 1.213160264802237e-01 7.505635249091341e-01 0.000000000000000e+00 C
 9.644520579193559e-02 7.081517712807260e-01 0.000000000000000e+00 C
 7.630569609206990e-02 6.632996284490305e-01 0.000000000000000e+00 C
 6.113361471812838e-02 6.165329467800444e-01 0.000000000000000e+00 C
 5.110684045225421e-02 5.684000228571516e-01 0.000000000000000e+00 C
 4.634292805514752e-02 5.194651712049960e-01 0.000000000000000e+00 C
 4.689773004397792e-02 4.703021082176377e-01 0.000000000000000e+00 C
 5.276474187268652e-02 4.214872258583859e-01 0.000000000000000e+00 C
 6.387517819184178e-02 3.735928339910309e-01 0.000000000000000e+00 C
 8.009877929397054e-02 3.271804505699570e-01 0.000000000000000e+00 C
 1.012453382895300e-01 2.827942183555295e-01 0.000000000000000e+00 C
 1.270669311087810e-01 2.409545253377428e-01 0.000000000000000e+00 C
 1.572608231848247e-01 2.021519036628355e-01 0.000000000000000e+00 C
 1.914730187396085e-01 1.668412785923699e-01 0.000000000000000e+00 C
 2.293024110607620e-01 1.354366349204844e-01 0.000000000000000e+00 C
 2.703054851110616e-01 1.083061633806934e-01 0.000000000000000e+00 C
 3.140015173367361e-01 8.576794394617362e-02 0.000000000000000e+00 C
 3.598782117116034e-01 6.808621663290421e-02 0.000000000000000e+00 C
 4.073977059395791e-01 5.546828352707592e-02 0.000000000000000e+00 C
 4.560028773983282e-01 4.806207835766840e-02 0.000000000000000e+00 C
 5.051238748926296e-01 4.595443210873484e-02 0.000000000000000e+00 C
 5.541847996386183e-01 4.917005500550474e-02 0.000000000000000e+00 C
 6.026104571504786e-01 5.767124680958548e-02 0.000000000000000e+00 C
 6.498331008698852e-01 7.135833881978799e-02 0.000000000000000e+00 C
 6.952990884753033e-01 9.007086239652040e-02 0.000000000000000e+00 C
 7.384753728320076e-01 1.135894303098686e-01 0.000000000000000e+00 C
 7.788557514823697e-01 1.416383088542808e-01 0.000000000000000e+00 C
 8.159668014068453e-01 1.738886505741572e-01 0.000000000000000e+00 C
 8.493734294760280e-01 2.099623496996023e-01 0.000000000000000e+00 C
 8.786839735197766e-01 2.494364750908662e-01 0.000000000000000e+00 C
 9.035547942080646e-01 2.918482287192743e-01 0.000000000000000e+00 C
 9.236943039079303e-01 3.367003715509699e-01 0.000000000000000e+00 C
 9.388663852818717e-01 3.834670532199558e-01 0.000000000000000e+00 C
 9.488931595477459e-01 4.315999771428487e-01 0.000000000000000e+00 C
 9.536570719448526e-01 4.805348287950041e-01 0.000000000000000e+00 C
 9.531022699560223e-01 5.296978917823627e-01 3.333333333333335e-01 C
 9.472352581273136e-01 5.785127741416143e-01 3.333333333333335e-01 C
 9.361248218081584e-01 6.264071660089693e-01 3.333333333333335e-01 C
 9.199012207060296e-01 6.728195494300434e-01 3.333333333333335e-01 C
 8.987546617104700e-01 7.172057816444710e-01 3.333333333333335e-01 C
 8.729330688912190e-01 7.590454746622574e-01 3.333333333333335e-01 C
 8.427391768151753e-01 7.978480963371648e-01 3.333333333333335e-01 C
 8.085269812603914e-01 8.331587214076305e-01 3.333333333333335e-01 C
 7.706975889392383e-01 8.645633650795155e-01 3.333333333333335e-01 C
 7.296945148889388e-01 8.916938366193067e-01 3.333333333333335e-01 C
 6.859984826632639e-01 9.142320560538265e-01 3.333333333333335e-01 C
 6.401217882883967e-01 9.319137833670961e-01 3.333333333333335e-01 C
 5.926022940604212e-01 9.445317164729243e-01 3.333333333333335e-01 C
 5.439971226016719e-01 9.519379216423318e-01 3.333333333333335e-01 C
 4.948761251073708e-01 9.540455678912653e-01 3.333333333333335e-01 C
 4.458152003613822e-01 9.508299449944955e-01 3.333333333333335e-01 C
 3.973895428495219e-01 9.423287531904148e-01 3.333333333333335e-01 C
 3.501668991301148e-01 9.286416611802120e-01 3.333333333333335e-01 C
 3.047009115246971e-01 9.099291376034798e-01 3.333333333333335e-01 C
 2.615246271679926e-01 8.864105696901314e-01 3.333333333333335e-01 C
 2.211442485176308e-01 8.583616911457195e-01 3.333333333333335e-01 C
 1.840331985931547e-01 8.261113494258426e-01 3.333333333333335e-01 C
 1.506265705239724e-01 7.900376503003981e-01 3.333333333333335e-01 C
 1.213160264802237e-01 7.505635249091341e-01 3.333333333333335e-01 C
 9.644520579193559e-02 7.081517712807260e-01 3.333333333333335e-01 C
 7.630569609206990e-02 6.632996284490305e-01 3.333333333333335e-01 C
 6.113361471812838e-02 6.165329467800444e-01 3.333333333333335e-01 C
 5.110684045225421e-02 5.684000228571516e-01 3.333333333333335e-01 C
 4.634292805514752e-02 5.194651712049960e-01 3.333333333333335e-01 C
 4.689773004397792e-02 4.703021082176377e-01 3.333333333333335e-01 C
 5.276474187268652e-02 4.214872258583859e-01 3.333333333333335e-01 C
 6.387517819184178e-02 3.735928339910309e-01 3.333333333333335e-01 C
 8.009877929397054e-02 3.271804505699570e-01 3.333333333333335e-01 C
 1.012453382895300e-01 2.827942183555295e-01 3.333333333333335e-01 C
 1.270669311087810e-01 2.409545253377428e-01 3.333333333333335e-01 C
 1.572608231848247e-01 2.021519036628355e-01 3.333333333333335e-01 C
 1.914730187396085e-01 1.668412785923699e-01 3.333333333333335e-01 C
 2.293024110607620e-01 1.354366349204844e-01 3.333333333333335e-01 C
 2.703054851110616e-01 1.083061633806934e-01 3.333333333333335e-01 C
 3.140015173367361e-01 8.576794394617362e-02 3.333333333333335e-01 C
 3.598782117116034e-01 6.808621663290421e-02 3.333333333333335e-01 C
 4.073977059395791e-01 5.546828352707592e-02 3.333333333333335e-01 C
 4.560028773983282e-01 4.806207835766840e-02 3.333333333333335e-01 C
 5.051238748926296e-01 4.595443210873484e-02 3.333333333333335e-01 C
 5.541847996386183e-01 4.917005500550474e-02 3.333333333333335e-01 C
 6.026104571504786e-01 5.767124680958548e-02 3.333333333333335e-01 C
 6.498331008698852e-01 7.135833881978799e-02 3.333333333333335e-01 C
 6.952990884753033e-01 9.007086239652040e-02 3.333333333333335e-01 C
 7.384753728320076e-01 1.135894303098686e-01 3.333333333333335e-01 C
 7.788557514823697e-01 1.416383088542808e-01 3.333333333333335e-01 C
 8.159668014068453e-01 1.738886505741572e-01 3.333333333333335e-01 C
 8.493734294760280e-01 2.099623496996023e-01 3.333333333333335e-01 C
 8.786839735197766e-01 2.494364750908662e-01 3.333333333333335e-01 C
 9.035547942080646e-01 2.918482287192743e-01 3.333333333333335e-01 C
 9.236943039079303e-01 3.367003715509699e-01 3.333333333333335e-01 C
 9.388663852818717e-01 3.834670532199558e-01 3.333333333333335e-01 C
 9.488931595477459e-01 4.315999771428487e-01 3.333333333333335e-01 C
 9.536570719448526e-01 4.805348287950041e-01 3.333333333333335e-01 C
 9.508299449944955e-01 5.541847996386181e-01 8.333333333333334e-01 C
 9.423287531904148e-01 6.026104571504786e-01 8.333333333333334e-01 C
 9.286416611802120e-01 6.498331008698853e-01 8.333333333333334e-01 C
 9.099291376034797e-01 6.952990884753032e-01 8.333333333333334e-01 C
 8.864105696901314e-01 7.384753728320077e-01 8.333333333333334e-01 C
 8.583616911457194e-01 7.788557514823695e-01 8.333333333333334e-01 C
 8.261113494258426e-01 8.159668014068456e-01 8.333333333333334e-01 C
 7.900376503003981e-01 8.493734294760278e-01 8.333333333333334e-01 C
 7.505635249091338e-01 8.786839735197766e-01 8.333333333333334e-01 C
 7.081517712807257e-01 9.035547942080646e-01 8.333333333333334e-01 C
 6.632996284490303e-01 9.236943039079303e-01 8.333333333333334e-01 C
 6.165329467800444e-01 9.388663852818717e-01 8.333333333333334e-01 C
 5.684000228571516e-01 9.488931595477459e-01 8.333333333333334e-01 C
 5.194651712049960e-01 9.536570719448526e-01 8.333333333333334e-01 C
 4.703021082176377e-01 9.531022699560223e-01 8.333333333333334e-01 C
 4.214872258583859e-01 9.472352581273136e-01 8.333333333333334e-01 C
 3.735928339910309e-01 9.361248218081584e-01 8.333333333333334e-01 C
 3.271804505699569e-01 9.199012207060296e-01 8.333333333333334e-01 C
 2.827942183555295e-01 8.987546617104702e-01 8.333333333333334e-01 C
 2.409545253377429e-01 8.729330688912192e-01 8.333333333333334e-01 C
 2.021519036628356e-01 8.427391768151755e-01 8.333333333333334e-01 C
 1.668412785923699e-01 8.085269812603917e-01 8.333333333333334e-01 C
 1.354366349204847e-01 7.706975889392383e-01 8.333333333333334e-01 C
 1.083061633806936e-01 7.296945148889388e-01 8.333333333333334e-01 C
 8.576794394617371e-02 6.859984826632641e-01 8.333333333333334e-01 C
 6.808621663290429e-02 6.401217882883971e-01 8.333333333333334e-01 C
 5.546828352707592e-02 5.926022940604211e-01 8.333333333333334e-01 C
 4.806207835766833e-02 5.439971226016719e-01 8.333333333333334e-01 C
 4.595443210873484e-02 4.948761251073708e-01 8.333333333333334e-01 C
 4.917005500550465e-02 4.458152003613824e-01 8.333333333333334e-01 C
 5.767124680958541e-02 3.973895428495218e-01 8.333333333333334e-01 C
 7.135833881978808e-02 3.501668991301147e-01 8.333333333333334e-01 C
 9.007086239652033e-02 3.047009115246971e-01 8.333333333333334e-01 C
 1.135894303098686e-01 2.615246271679927e-01 8.333333333333334e-01 C
 1.416383088542810e-01 2.211442485176305e-01 8.333333333333334e-01 C
 1.738886505741575e-01 1.840331985931546e-01 8.333333333333334e-01 C
 2.099623496996020e-01 1.506265705239724e-01 8.333333333333334e-01 C
 2.494364750908666e-01 1.213160264802234e-01 8.333333333333334e-01 C
 2.918482287192747e-01 9.644520579193534e-02 8.333333333333334e-01 C
 3.367003715509699e-01 7.630569609206982e-02 8.333333333333334e-01 C
 3.834670532199562e-01 6.113361471812830e-02 8.333333333333334e-01 C
 4.315999771428488e-01 5.110684045225421e-02 8.333333333333334e-01 C
 4.805348287950036e-01 4.634292805514760e-02 8.333333333333334e-01 C
 5.296978917823632e-01 4.689773004397792e-02 8.333333333333334e-01 C
 5.785127741416146e-01 5.276474187268661e-02 8.333333333333334e-01 C
 6.264071660089692e-01 6.387517819184178e-02 8.333333333333334e-01 C
 6.728195494300437e-01 8.009877929397070e-02 8.333333333333334e-01 C
 7.172057816444712e-01 1.012453382895303e-01 8.333333333333334e-01 C
 7.590454746622572e-01 1.270669311087810e-01 8.333333333333334e-01 C
 7.978480963371649e-01 1.572608231848250e-01 8.333333333333334e-01 C
 8.331587214076305e-01 1.914730187396088e-01 8.333333333333334e-01 C
 8.645633650795157e-01 2.293024110607620e-01 8.333333333333334e-01 C
 8.916938366193070e-01 2.703054851110618e-01 8.333333333333334e-01 C
 9.142320560538268e-01 3.140015173367365e-01 8.333333333333334e-01 C
 9.319137833670961e-01 3.598782117116034e-01 8.333333333333334e-01 C
 9.445317164729243e-01 4.073977059395795e-01 8.333333333333334e-01 C
 9.519379216423318e-01 4.560028773983287e-01 8.333333333333334e-01 C
 9.540455678912653e-01 5.051238748926296e-01 8.333333333333334e-01 C
 9.508299449944955e-01 5.541847996386181e-01 5.000000000000000e-01 C
 9.423287531904148e-01 6.026104571504786e-01 5.000000000000000e-01 C
 9.286416611802120e-01 6.498331008698853e-01 5.000000000000000e-01 C
 9.099291376034797e-01 6.952990884753032e-01 5.000000000000000e-01 C
 8.864105696901314e-01 7.384753728320077e-01 5.000000000000000e-01 C
 8.583616911457194e-01 7.788557514823695e-01 5.000000000000000e-01 C
 8.261113494258426e-01 8.159668014068456e-01 5.000000000000000e-01 C
 7.900376503003981e-01 8.493734294760278e-01 5.000000000000000e-01 C
 7.505635249091338e-01 8.786839735197766e-01 5.000000000000000e-01 C
 7.081517712807257e-01 9.035547942080646e-01 5.000000000000000e-01 C
 6.632996284490303e-01 9.236943039079303e-01 5.000000000000000e-01 C
 6.165329467800444e-01 9.388663852818717e-01 5.000000000000000e-01 C
 5.684000228571516e-01 9.488931595477459e-01 5.000000000000000e-01 C
 5.194651712049960e-01 9.536570719448526e-01 5.000000000000000e-01 C
 4.703021082176377e-01 9.531022699560223e-01 5.000000000000000e-01 C
 4.214872258583859e-01 9.472352581273136e-01 5.000000000000000e-01 C
 3.735928339910309e-01 9.361248218081584e-01 5.000000000000000e-01 C
 3.271804505699569e-01 9.199012207060296e-01 5.000000000000000e-01 C
 2.827942183555295e-01 8.987546617104702e-01 5.000000000000000e-01 C
 2.409545253377429e-01 8.729330688912192e-01 5.000000000000000e-01 C
 2.021519036628356e-01 8.427391768151755e-01 5.000000000000000e-01 C
 1.668412785923699e-01 8.085269812603917e-01 5.000000000000000e-01 C
 1.354366349204847e-01 7.706975889392383e-01 5.000000000000000e-01 C
 1.083061633806936e-01 7.296945148889388e-01 5.000000000000000e-01 C
 8.576794394617371e-02 6.859984826632641e-01 5.000000000000000e-01 C
 6.808621663290429e-02 6.401217882883971e-01 5.000000000000000e-01 C
 5.546828352707592e-02 5.926022940604211e-01 5.000000000000000e-01 C
 4.806207835766833e-02 5.439971226016719e-01 5.000000000000000e-01 C
 4.595443210873484e-02 4.948761251073708e-01 5.000000000000000e-01 C
 4.917005500550465e-02 4.458152003613824e-01 5.000000000000000e-01 C
 5.767124680958541e-02 3.973895428495218e-01 5.000000000000000e-01 C
 7.135833881978808e-02 3.501668991301147e-01 5.000000000000000e-01 C
 9.007086239652033e-02 3.047009115246971e-01 5.000000000000000e-01 C
 1.135894303098686e-01 2.615246271679927e-01 5.000000000000000e-01 C
 1.416383088542810e-01 2.211442485176305e-01 5.000000000000000e-01 C
 1.738886505741575e-01 1.840331985931546e-01 5.000000000000000e-01 C
 2.099623496996020e-01 1.506265705239724e-01 5.000000000000000e-01 C
 2.494364750908666e-01 1.213160264802234e-01 5.000000000000000e-01 C
 2.918482287192747e-01 9.644520579193534e-02 5.000000000000000e-01 C
 3.367003715509699e-01 7.630569609206982e-02 5.000000000000000e-01 C
 3.834670532199562e-01 6.113361471812830e-02 5.000000000000000e-01 C
 4.315999771428488e-01 5.110684045225421e-02 5.000000000000000e-01 C
 4.805348287950036e-01 4.634292805514760e-02 5.000000000000000e-01 C
 5.296978917823632e-01 4.689773004397792e-02 5.000000000000000e-01 C
 5.785127741416146e-01 5.276474187268661e-02 5.000000000000000e-01 C
 6.264071660089692e-01 6.387517819184178e-02 5.000000000000000e-01 C
 6.728195494300437e-01 8.009877929397070e-02 5.000000000000000e-01 C
 7.172057816444712e-01 1.012453382895303e-01 5.000000000000000e-01 C
 7.590454746622572e-01 1.270669311087810e-01 5.000000000000000e-01 C
 7.978480963371649e-01 1.572608231848250e-01 5.000000000000000e-01 C
 8.331587214076305e-01 1.914730187396088e-01 5.000000000000000e-01 C
 8.645633650795157e-01 2.293024110607620e-01 5.000000000000000e-01 C
 8.916938366193070e-01 2.703054851110618e-01 5.000000000000000e-01 C
 9.142320560538268e-01 3.140015173367365e-01 5.000000000000000e-01 C
 9.319137833670961e-01 3.598782117116034e-01 5.000000000000000e-01 C
 9.445317164729243e-01 4.073977059395795e-01 5.000000000000000e-01 C
 9.519379216423318e-01 4.560028773983287e-01 5.000000000000000e-01 C
 9.540455678912653e-01 5.051238748926296e-01 5.000000000000000e-01 C
 8.749811889291219e-01 5.245775656129897e-01 0.000000000000000e+00 C
 8.685651568221179e-01 5.733121678771426e-01 0.000000000000000e+00 C
 8.558428726963208e-01 6.207923786229442e-01 0.000000000000000e+00 C
 8.370320183604066e-01 6.662057982805331e-01 0.000000000000000e+00 C
 8.124544527474169e-01 7.087753906485890e-01 0.000000000000000e+00 C
 7.825307048191784e-01 7.477727781991739e-01 0.000000000000000e+00 C
 7.477727781991739e-01 7.825307048191784e-01 0.000000000000000e+00 C
 7.087753906485891e-01 8.124544527474169e-01 0.000000000000000e+00 C
 6.662057982805332e-01 8.370320183604066e-01 0.000000000000000e+00 C
 6.207923786229445e-01 8.558428726963208e-01 0.000000000000000e+00 C
 5.733121678771426e-01 8.685651568221179e-01 0.000000000000000e+00 C
 5.245775656129901e-01 8.749811889291219e-01 0.000000000000000e+00 C
 4.754224343870105e-01 8.749811889291220e-01 0.000000000000000e+00 C
 4.266878321228580e-01 8.685651568221179e-01 0.000000000000000e+00 C
 3.792076213770560e-01 8.558428726963208e-01 0.000000000000000e+00 C
 3.337942017194673e-01 8.370320183604066e-01 0.000000000000000e+00 C
 2.912246093514115e-01 8.124544527474170e-01 0.000000000000000e+00 C
 2.522272218008265e-01 7.825307048191784e-01 0.000000000000000e+00 C
 2.174692951808220e-01 7.477727781991740e-01 0.000000000000000e+00 C
 1.875455472525835e-01 7.087753906485891e-01 0.000000000000000e+00 C
 1.629679816395938e-01 6.662057982805331e-01 0.000000000000000e+00 C
 1.441571273036796e-01 6.207923786229445e-01 0.000000000000000e+00 C
 1.314348431778825e-01 5.733121678771427e-01 0.000000000000000e+00 C
 1.250188110708784e-01 5.245775656129901e-01 0.000000000000000e+00 C
 1.250188110708784e-01 4.754224343870105e-01 0.000000000000000e+00 C
 1.314348431778824e-01 4.266878321228580e-01 0.000000000000000e+00 C
 1.441571273036795e-01 3.792076213770560e-01 0.000000000000000e+00 C
 1.629679816395937e-01 3.337942017194673e-01 0.000000000000000e+00 C
 1.875455472525834e-01 2.912246093514115e-01 0.000000000000000e+00 C
 2.174692951808219e-01 2.522272218008265e-01 0.000000000000000e+00 C
 2.522272218008265e-01 2.174692951808219e-01 0.000000000000000e+00 C
 2.912246093514115e-01 1.875455472525834e-01 0.000000000000000e+00 C
 3.337942017194673e-01 1.629679816395938e-01 0.000000000000000e+00 C
 3.792076213770560e-01 1.441571273036795e-01 0.000000000000000e+00 C
 4.266878321228580e-01 1.314348431778824e-01 0.000000000000000e+00 C
 4.754224343870105e-01 1.250188110708784e-01 0.000000000000000e+00 C
 5.245775656129897e-01 1.250188110708784e-01 0.000000000000000e+00 C
 5.733121678771429e-01 1.314348431778825e-01 0.000000000000000e+00 C
 6.207923786229442e-01 1.441571273036795e-01 0.000000000000000e+00 C
 6.662057982805329e-01 1.629679816395937e-01 0.000000000000000e+00 C
 7.087753906485889e-01 1.875455472525834e-01 0.000000000000000e+00 C
 7.477727781991733e-01 2.174692951808215e-01 0.000000000000000e+00 C
 7.825307048191783e-01 2.522272218008265e-01 0.000000000000000e+00 C
 8.124544527474169e-01 2.912246093514115e-01 0.000000000000000e+00 C
 8.370320183604066e-01 3.337942017194673e-01 0.000000000000000e+00 C
 8.558428726963208e-01 3.792076213770560e-01 0.000000000000000e+00 C
 8.685651568221179e-01 4.266878321228575e-01 0.000000000000000e+00 C
 8.749811889291219e-01 4.754224343870099e-01 0.000000000000000e+00 C
 8.749811889291219e-01 5.245775656129897e-01 3.333333333333335e-01 C
 8.685651568221179e-01 5.733121678771426e-01 3.333333333333335e-01 C
 8.558428726963208e-01 6.207923786229442e-01 3.333333333333335e-01 C
 8.370320183604066e-01 6.662057982805331e-01 3.333333333333335e-01 C
 8.124544527474169e-01 7.087753906485890e-01 3.333333333333335e-01 C
 7.825307048191784e-01 7.477727781991739e-01 3.333333333333335e-01 C
 7.477727781991739e-01 7.825307048191784e-01 3.333333333333335e-01 C
 7.087753906485891e-01 8.124544527474169e-01 3.333333333333335e-01 C
 6.662057982805332e-01 8.370320183604066e-01 3.333333333333335e-01 C
 6.207923786229445e-01 8.558428726963208e-01 3.333333333333335e-01 C
 5.733121678771426e-01 8.685651568221179e-01 3.333333333333335e-01 C
 5.245775656129901e-01 8.749811889291219e-01 3.333333333333335e-01 C
 4.754224343870105e-01 8.749811889291220e-01 3.333333333333335e-01 C
 4.266878321228580e-01 8.685651568221179e-01 3.333333333333335e-01 C
 3.792076213770560e-01 8.558428726963208e-01 3.333333333333335e-01 C
 3.337942017194673e-01 8.370320183604066e-01 3.333333333333335e-01 C
 2.912246093514115e-01 8.124544527474170e-01 3.333333333333335e-01 C
 2.522272218008265e-01 7.825307048191784e-01 3.333333333333335e-01 C
 2.174692951808220e-01 7.477727781991740e-01 3.333333333333335e-01 C
 1.875455472525835e-01 7.087753906485891e-01 3.333333333333335e-01 C
 1.629679816395938e-01 6.662057982805331e-01 3.333333333333335e-01 C
 1.441571273036796e-01 6.207923786229445e-01 3.333333333333335e-01 C
 1.314348431778825e-01 5.733121678771427e-01 3.333333333333335e-01 C
 1.250188110708784e-01 5.245775656129901e-01 3.333333333333335e-01 C
 1.250188110708784e-01 4.754224343870105e-01 3.333333333333335e-01 C
 1.314348431778824e-01 4.266878321228580e-01 3.333333333333335e-01 C
 1.441571273036795e-01 3.792076213770560e-01 3.333333333333335e-01 C
 1.629679816395937e-01 3.337942017194673e-01 3.333333333333335e-01 C
 1.875455472525834e-01 2.912246093514115e-01 3.333333333333335e-01 C
 2.174692951808219e-01 2.522272218008265e-01 3.333333333333335e-01 C
 2.522272218008265e-01 2.174692951808219e-01 3.333333333333335e-01 C
 2.912246093514115e-01 1.875455472525834e-01 3.333333333333335e-01 C
 3.337942017194673e-01 1.629679816395938e-01 3.333333333333335e-01 C
 3.792076213770560e-01 1.441571273036795e-01 3.333333333333335e-01 C
 4.266878321228580e-01 1.314348431778824e-01 3.333333333333335e-01 C
 4.754224343870105e-01 1.250188110708784e-01 3.333333333333335e-01 C
 5.245775656129897e-01 1.250188110708784e-01 3.333333333333335e-01 C
 5.733121678771429e-01 1.314348431778825e-01 3.333333333333335e-01 C
 6.207923786229442e-01 1.441571273036795e-01 3.333333333333335e-01 C
 6.662057982805329e-01 1.629679816395937e-01 3.333333333333335e-01 C
 7.087753906485889e-01 1.875455472525834e-01 3.333333333333335e-01 C
 7.477727781991733e-01 2.174692951808215e-01 3.333333333333335e-01 C
 7.825307048191783e-01 2.522272218008265e-01 3.333333333333335e-01 C
 8.124544527474169e-01 2.912246093514115e-01 3.333333333333335e-01 C
 8.370320183604066e-01 3.337942017194673e-01 3.333333333333335e-01 C
 8.558428726963208e-01 3.792076213770560e-01 3.333333333333335e-01 C
 8.685651568221179e-01 4.266878321228575e-01 3.333333333333335e-01 C
 8.749811889291219e-01 4.754224343870099e-01 3.333333333333335e-01 C
 8.725708757195962e-01 5.490498863168083e-01 8.333333333333335e-01 C
 8.629811853399749e-01 5.972605154795381e-01 8.333333333333335e-01 C
 8.471807862417894e-01 6.438069902567036e-01 8.333333333333335e-01 C
 8.254400276343078e-01 6.878928875597469e-01 8.333333333333335e-01 C
 7.981308999249812e-01 7.287638854628927e-01 8.333333333333335e-01 C
 7.657206698604371e-01 7.657206698604371e-01 8.333333333333335e-01 C
 7.287638854628927e-01 7.981308999249812e-01 8.333333333333335e-01 C
 6.878928875597470e-01 8.254400276343077e-01 8.333333333333335e-01 C
 6.438069902567036e-01 8.471807862417894e-01 8.333333333333335e-01 C
 5.972605154795382e-01 8.629811853399749e-01 8.333333333333335e-01 C
 5.490498863168083e-01 8.725708757195962e-01 8.333333333333335e-01 C
 5.000000000000003e-01 8.757857751194936e-01 8.333333333333335e-01 C
 4.509501136831922e-01 8.725708757195962e-01 8.333333333333335e-01 C
 4.027394845204624e-01 8.629811853399749e-01 8.333333333333335e-01 C
 3.561930097432968e-01 8.471807862417894e-01 8.333333333333335e-01 C
 3.121071124402536e-01 8.254400276343078e-01 8.333333333333335e-01 C
 2.712361145371078e-01 7.981308999249812e-01 8.333333333333335e-01 C
 2.342793301395635e-01 7.657206698604371e-01 8.333333333333335e-01 C
 2.018691000750193e-01 7.287638854628931e-01 8.333333333333335e-01 C
 1.745599723656926e-01 6.878928875597470e-01 8.333333333333335e-01 C
 1.528192137582111e-01 6.438069902567038e-01 8.333333333333335e-01 C
 1.370188146600256e-01 5.972605154795385e-01 8.333333333333335e-01 C
 1.274291242804040e-01 5.490498863168083e-01 8.333333333333335e-01 C
 1.242142248805067e-01 5.000000000000004e-01 8.333333333333335e-01 C
 1.274291242804040e-01 4.509501136831925e-01 8.333333333333335e-01 C
 1.370188146600254e-01 4.027394845204624e-01 8.333333333333335e-01 C
 1.528192137582109e-01 3.561930097432968e-01 8.333333333333335e-01 C
 1.745599723656924e-01 3.121071124402536e-01 8.333333333333335e-01 C
 2.018691000750190e-01 2.712361145371078e-01 8.333333333333335e-01 C
 2.342793301395631e-01 2.342793301395635e-01 8.333333333333335e-01 C
 2.712361145371074e-01 2.018691000750191e-01 8.333333333333335e-01 C
 3.121071124402536e-01 1.745599723656925e-01 8.333333333333335e-01 C
 3.561930097432969e-01 1.528192137582109e-01 8.333333333333335e-01 C
 4.027394845204624e-01 1.370188146600254e-01 8.333333333333335e-01 C
 4.509501136831925e-01 1.274291242804040e-01 8.333333333333335e-01 C
 5.000000000000001e-01 1.242142248805067e-01 8.333333333333335e-01 C
 5.490498863168082e-01 1.274291242804040e-01 8.333333333333335e-01 C
 5.972605154795378e-01 1.370188146600254e-01 8.333333333333335e-01 C
 6.438069902567037e-01 1.528192137582110e-01 8.333333333333335e-01 C
 6.878928875597470e-01 1.745599723656926e-01 8.333333333333335e-01 C
 7.287638854628927e-01 2.018691000750190e-01 8.333333333333335e-01 C
 7.657206698604369e-01 2.342793301395634e-01 8.333333333333335e-01 C
 7.981308999249812e-01 2.712361145371074e-01 8.333333333333335e-01 C
 8.254400276343080e-01 3.121071124402537e-01 8.333333333333335e-01 C
 8.471807862417895e-01 3.561930097432969e-01 8.333333333333335e-01 C
 8.629811853399747e-01 4.027394845204619e-01 8.333333333333335e-01 C
 8.725708757195962e-01 4.509501136831925e-01 8.333333333333335e-01 C
 8.757857751194936e-01 5.000000000000004e-01 8.333333333333335e-01 C
 8.725708757195962e-01 5.490498863168083e-01 5.000000000000000e-01 C
 8.629811853399749e-01 5.972605154795381e-01 5.000000000000000e-01 C
 8.471807862417894e-01 6.438069902567036e-01 5.000000000000000e-01 C
 8.254400276343078e-01 6.878928875597469e-01 5.000000000000000e-01 C
 7.981308999249812e-01 7.287638854628927e-01 5.000000000000000e-01 C
 7.657206698604371e-01 7.657206698604371e-01 5.000000000000000e-01 C
 7.287638854628927e-01 7.981308999249812e-01 5.000000000000000e-01 C
 6.878928875597470e-01 8.254400276343077e-01 5.000000000000000e-01 C
 6.438069902567036e-01 8.471807862417894e-01 5.000000000000000e-01 C
 5.972605154795382e-01 8.629811853399749e-01 5.000000000000000e-01 C
 5.490498863168083e-01 8.725708757195962e-01 5.000000000000000e-01 C
 5.000000000000003e-01 8.757857751194936e-01 5.000000000000000e-01 C
 4.509501136831922e-01 8.725708757195962e-01 5.000000000000000e-01 C
 4.027394845204624e-01 8.629811853399749e-01 5.000000000000000e-01 C
 3.561930097432968e-01 8.471807862417894e-01 5.000000000000000e-01 C
 3.121071124402536e-01 8.254400276343078e-01 5.000000000000000e-01 C
 2.712361145371078e-01 7.981308999249812e-01 5.000000000000000e-01 C
 2.342793301395635e-01 7.657206698604371e-01 5.000000000000000e-01 C
 2.018691000750193e-01 7.287638854628931e-01 5.000000000000000e-01 C
 1.745599723656926e-01 6.878928875597470e-01 5.000000000000000e-01 C
 1.528192137582111e-01 6.438069902567038e-01 5.000000000000000e-01 C
 1.370188146600256e-01 5.972605154795385e-01 5.000000000000000e-01 C
 1.274291242804040e-01 5.490498863168083e-01 5.000000000000000e-01 C
 1.242142248805067e-01 5.000000000000004e-01 5.000000000000000e-01 C
 1.274291242804040e-01 4.509501136831925e-01 5.000000000000000e-01 C
 1.370188146600254e-01 4.027394845204624e-01 5.000000000000000e-01 C
 1.528192137582109e-01 3.561930097432968e-01 5.000000000000000e-01 C
 1.745599723656924e-01 3.121071124402536e-01 5.000000000000000e-01 C
 2.018691000750190e-01 2.712361145371078e-01 5.000000000000000e-01 C
 2.342793301395631e-01 2.342793301395635e-01 5.000000000000000e-01 C
 2.712361145371074e-01 2.018691000750191e-01 5.000000000000000e-01 C
 3.121071124402536e-01 1.745599723656925e-01 5.000000000000000e-01 C
 3.561930097432969e-01 1.528192137582109e-01 5.000000000000000e-01 C
 4.027394845204624e-01 1.370188146600254e-01 5.000000000000000e-01 C
 4.509501136831925e-01 1.274291242804040e-01 5.000000000000000e-01 C
 5.000000000000001e-01 1.242142248805067e-01 5.000000000000000e-01 C
 5.490498863168082e-01 1.274291242804040e-01 5.000000000000000e-01 C
 5.972605154795378e-01 1.370188146600254e-01 5.000000000000000e-01 C
 6.438069902567037e-01 1.528192137582110e-01 5.000000000000000e-01 C
 6.878928875597470e-01 1.745599723656926e-01 5.000000000000000e-01 C
 7.287638854628927e-01 2.018691000750190e-01 5.000000000000000e-01 C
 7.657206698604369e-01 2.342793301395634e-01 5.000000000000000e-01 C
 7.981308999249812e-01 2.712361145371074e-01 5.000000000000000e-01 C
 8.254400276343080e-01 3.121071124402537e-01 5.000000000000000e-01 C
 8.471807862417895e-01 3.561930097432969e-01 5.000000000000000e-01 C
 8.629811853399747e-01 4.027394845204619e-01 5.000000000000000e-01 C
 8.725708757195962e-01 4.509501136831925e-01 5.000000000000000e-01 C
 8.757857751194936e-01 5.000000000000004e-01 5.000000000000000e-01 C
 7.968601079022218e-01 5.194572394436172e-01 0.000000000000000e+00 C
 7.896087666044920e-01 5.680534358890857e-01 0.000000000000000e+00 C
 7.744576531075015e-01 6.147933120055672e-01 0.000000000000000e+00 C
 7.518200502914426e-01 6.584019258143675e-01 0.000000000000000e+00 C
 7.223134529493114e-01 6.976897480099548e-01 0.000000000000000e+00 C
 6.867427241386426e-01 7.315851092185417e-01 0.000000000000000e+00 C
 6.460781406154217e-01 7.591634323449706e-01 0.000000000000000e+00 C
 6.014289262135045e-01 7.796724526256752e-01 0.000000000000000e+00 C
 5.540129951099599e-01 7.925527374504235e-01 0.000000000000000e+00 C
 5.051237303011853e-01 7.974529462255933e-01 0.000000000000000e+00 C
 4.560947034863624e-01 7.942394140296887e-01 0.000000000000000e+00 C
 4.082632987078659e-01 7.829997976439607e-01 0.000000000000000e+00 C
 3.629342320008860e-01 7.640406845039188e-01 0.000000000000000e+00 C
 3.213439621411316e-01 7.378792297933039e-01 0.000000000000000e+00 C
 2.846269632726355e-01 7.052290497987993e-01 0.000000000000000e+00 C
 2.537847794104565e-01 6.669807563179877e-01 0.000000000000000e+00 C
 2.296587049307827e-01 6.241776630911664e-01 0.000000000000000e+00 C
 2.129068362534374e-01 5.779873269222262e-01 0.000000000000000e+00 C
 2.039861206870759e-01 5.296696997726362e-01 0.000000000000000e+00 C
 2.031398920977787e-01 4.805427605563832e-01 0.000000000000000e+00 C
 2.103912333955084e-01 4.319465641109146e-01 0.000000000000000e+00 C
 2.255423468924989e-01 3.852066879944337e-01 0.000000000000000e+00 C
 2.481799497085578e-01 3.415980741856330e-01 0.000000000000000e+00 C
 2.776865470506892e-01 3.023102519900457e-01 0.000000000000000e+00 C
 3.132572758613579e-01 2.684148907814587e-01 0.000000000000000e+00 C
 3.539218593845789e-01 2.408365676550298e-01 0.000000000000000e+00 C
 3.985710737864961e-01 2.203275473743252e-01 0.000000000000000e+00 C
 4.459870048900403e-01 2.074472625495770e-01 0.000000000000000e+00 C
 4.948762696988152e-01 2.025470537744072e-01 0.000000000000000e+00 C
 5.439052965136382e-01 2.057605859703118e-01 0.000000000000000e+00 C
 5.917367012921350e-01 2.170002023560398e-01 0.000000000000000e+00 C
 6.370657679991146e-01 2.359593154960817e-01 0.000000000000000e+00 C
 6.786560378588685e-01 2.621207702066963e-01 0.000000000000000e+00 C
 7.153730367273654e-01 2.947709502012011e-01 0.000000000000000e+00 C
 7.462152205895443e-01 3.330192436820127e-01 0.000000000000000e+00 C
 7.703412950692178e-01 3.758223369088344e-01 0.000000000000000e+00 C
 7.870931637465631e-01 4.220126730777742e-01 0.000000000000000e+00 C
 7.960138793129247e-01 4.703303002273649e-01 0.000000000000000e+00 C
 7.968601079022218e-01 5.194572394436172e-01 3.333333333333335e-01 C
 7.896087666044920e-01 5.680534358890857e-01 3.333333333333335e-01 C
 7.744576531075015e-01 6.147933120055672e-01 3.333333333333335e-01 C
 7.518200502914426e-01 6.584019258143675e-01 3.333333333333335e-01 C
 7.223134529493114e-01 6.976897480099548e-01 3.333333333333335e-01 C
 6.867427241386426e-01 7.315851092185417e-01 3.333333333333335e-01 C
 6.460781406154217e-01 7.591634323449706e-01 3.333333333333335e-01 C
 6.014289262135045e-01 7.796724526256752e-01 3.333333333333335e-01 C
 5.540129951099599e-01 7.925527374504235e-01 3.333333333333335e-01 C
 5.051237303011853e-01 7.974529462255933e-01 3.333333333333335e-01 C
 4.560947034863624e-01 7.942394140296887e-01 3.333333333333335e-01 C
 4.082632987078659e-01 7.829997976439607e-01 3.333333333333335e-01 C
 3.629342320008860e-01 7.640406845039188e-01 3.333333333333335e-01 C
 3.213439621411316e-01 7.378792297933039e-01 3.333333333333335e-01 C
 2.846269632726355e-01 7.052290497987993e-01 3.333333333333335e-01 C
 2.537847794104565e-01 6.669807563179877e-01 3.333333333333335e-01 C
 2.296587049307827e-01 6.241776630911664e-01 3.333333333333335e-01 C
 2.129068362534374e-01 5.779873269222262e-01 3.333333333333335e-01 C
 2.039861206870759e-01 5.296696997726362e-01 3.333333333333335e-01 C
 2.031398920977787e-01 4.805427605563832e-01 3.333333333333335e-01 C
 2.103912333955084e-01 4.319465641109146e-01 3.333333333333335e-01 C
 2.255423468924989e-01 3.852066879944337e-01 3.333333333333335e-01 C
 2.481799497085578e-01 3.415980741856330e-01 3.333333333333335e-01 C
 2.776865470506892e-01 3.023102519900457e-01 3.333333333333335e-01 C
 3.132572758613579e-01 2.684148907814587e-01 3.333333333333335e-01 C
 3.539218593845789e-01 2.408365676550298e-01 3.333333333333335e-01 C
 3.985710737864961e-01 2.203275473743252e-01 3.333333333333335e-01 C
 4.459870048900403e-01 2.074472625495770e-01 3.333333333333335e-01 C
 4.948762696988152e-01 2.025470537744072e-01 3.333333333333335e-01 C
 5.439052965136382e-01 2.057605859703118e-01 3.333333333333335e-01 C
 5.917367012921350e-01 2.170002023560398e-01 3.333333333333335e-01 C
 6.370657679991146e-01 2.359593154960817e-01 3.333333333333335e-01 C
 6.786560378588685e-01 2.621207702066963e-01 3.333333333333335e-01 C
 7.153730367273654e-01 2.947709502012011e-01 3.333333333333335e-01 C
 7.462152205895443e-01 3.330192436820127e-01 3.333333333333335e-01 C
 7.703412950692178e-01 3.758223369088344e-01 3.333333333333335e-01 C
 7.870931637465631e-01 4.220126730777742e-01 3.333333333333335e-01 C
 7.960138793129247e-01 4.703303002273649e-01 3.333333333333335e-01 C
 7.942394140296887e-01 5.439052965136379e-01 8.333333333333336e-01 C
 7.829997976439607e-01 5.917367012921347e-01 8.333333333333336e-01 C
 7.640406845039188e-01 6.370657679991145e-01 8.333333333333336e-01 C
 7.378792297933040e-01 6.786560378588686e-01 8.333333333333336e-01 C
 7.052290497987993e-01 7.153730367273652e-01 8.333333333333336e-01 C
 6.669807563179878e-01 7.462152205895441e-01 8.333333333333336e-01 C
 6.241776630911664e-01 7.703412950692178e-01 8.333333333333336e-01 C
 5.779873269222262e-01 7.870931637465631e-01 8.333333333333336e-01 C
 5.296696997726361e-01 7.960138793129244e-01 8.333333333333336e-01 C
 4.805427605563832e-01 7.968601079022218e-01 8.333333333333336e-01 C
 4.319465641109146e-01 7.896087666044920e-01 8.333333333333336e-01 C
 3.852066879944336e-01 7.744576531075015e-01 8.333333333333336e-01 C
 3.415980741856330e-01 7.518200502914427e-01 8.333333333333336e-01 C
 3.023102519900457e-01 7.223134529493114e-01 8.333333333333336e-01 C
 2.684148907814591e-01 6.867427241386427e-01 8.333333333333336e-01 C
 2.408365676550298e-01 6.460781406154218e-01 8.333333333333336e-01 C
 2.203275473743252e-01 6.014289262135044e-01 8.333333333333336e-01 C
 2.074472625495768e-01 5.540129951099599e-01 8.333333333333336e-01 C
 2.025470537744072e-01 5.051237303011853e-01 8.333333333333336e-01 C
 2.057605859703117e-01 4.560947034863628e-01 8.333333333333336e-01 C
 2.170002023560398e-01 4.082632987078659e-01 8.333333333333336e-01 C
 2.359593154960816e-01 3.629342320008860e-01 8.333333333333336e-01 C
 2.621207702066964e-01 3.213439621411316e-01 8.333333333333336e-01 C
 2.947709502012010e-01 2.846269632726355e-01 8.333333333333336e-01 C
 3.330192436820126e-01 2.537847794104565e-01 8.333333333333336e-01 C
 3.758223369088339e-01 2.296587049307827e-01 8.333333333333336e-01 C
 4.220126730777742e-01 2.129068362534373e-01 8.333333333333336e-01 C
 4.703303002273649e-01 2.039861206870759e-01 8.333333333333336e-01 C
 5.194572394436173e-01 2.031398920977787e-01 8.333333333333336e-01 C
 5.680534358890856e-01 2.103912333955084e-01 8.333333333333336e-01 C
 6.147933120055672e-01 2.255423468924991e-01 8.333333333333336e-01 C
 6.584019258143676e-01 2.481799497085579e-01 8.333333333333336e-01 C
 6.976897480099549e-01 2.776865470506892e-01 8.333333333333336e-01 C
 7.315851092185416e-01 3.132572758613579e-01 8.333333333333336e-01 C
 7.591634323449709e-01 3.539218593845789e-01 8.333333333333336e-01 C
 7.796724526256752e-01 3.985710737864961e-01 8.333333333333336e-01 C
 7.925527374504235e-01 4.459870048900403e-01 8.333333333333336e-01 C
 7.974529462255935e-01 4.948762696988155e-01 8.333333333333336e-01 C
 7.942394140296887e-01 5.439052965136379e-01 5.000000000000000e-01 C
 7.829997976439607e-01 5.917367012921347e-01 5.000000000000000e-01 C
 7.640406845039188e-01 6.370657679991145e-01 5.000000000000000e-01 C
 7.378792297933040e-01 6.786560378588686e-01 5.000000000000000e-01 C
 7.052290497987993e-01 7.153730367273652e-01 5.000000000000000e-01 C
 6.669807563179878e-01 7.462152205895441e-01 5.000000000000000e-01 C
 6.241776630911664e-01 7.703412950692178e-01 5.000000000000000e-01 C
 5.779873269222262e-01 7.870931637465631e-01 5.000000000000000e-01 C
 5.296696997726361e-01 7.960138793129244e-01 5.000000000000000e-01 C
 4.805427605563832e-01 7.968601079022218e-01 5.000000000000000e-01 C
 4.319465641109146e-01 7.896087666044920e-01 5.000000000000000e-01 C
 3.852066879944336e-01 7.744576531075015e-01 5.000000000000000e-01 C
 3.415980741856330e-01 7.518200502914427e-01 5.000000000000000e-01 C
 3.023102519900457e-01 7.223134529493114e-01 5.000000000000000e-01 C
 2.684148907814591e-01 6.867427241386427e-01 5.000000000000000e-01 C
 2.408365676550298e-01 6.460781406154218e-01 5.000000000000000e-01 C
 2.203275473743252e-01 6.014289262135044e-01 5.000000000000000e-01 C
 2.074472625495768e-01 5.540129951099599e-01 5.000000000000000e-01 C
 2.025470537744072e-01 5.051237303011853e-01 5.000000000000000e-01 C
 2.057605859703117e-01 4.560947034863628e-01 5.000000000000000e-01 C
 2.170002023560398e-01 4.082632987078659e-01 5.000000000000000e-01 C
 2.359593154960816e-01 3.629342320008860e-01 5.000000000000000e-01 C
 2.621207702066964e-01 3.213439621411316e-01 5.000000000000000e-01 C
 2.947709502012010e-01 2.846269632726355e-01 5.000000000000000e-01 C
 3.330192436820126e-01 2.537847794104565e-01 5.000000000000000e-01 C
 3.758223369088339e-01 2.296587049307827e-01 5.000000000000000e-01 C
 4.220126730777742e-01 2.129068362534373e-01 5.000000000000000e-01 C
 4.703303002273649e-01 2.039861206870759e-01 5.000000000000000e-01 C
 5.194572394436173e-01 2.031398920977787e-01 5.000000000000000e-01 C
 5.680534358890856e-01 2.103912333955084e-01 5.000000000000000e-01 C
 6.147933120055672e-01 2.255423468924991e-01 5.000000000000000e-01 C
 6.584019258143676e-01 2.481799497085579e-01 5.000000000000000e-01 C
 6.976897480099549e-01 2.776865470506892e-01 5.000000000000000e-01 C
 7.315851092185416e-01 3.132572758613579e-01 5.000000000000000e-01 C
 7.591634323449709e-01 3.539218593845789e-01 5.000000000000000e-01 C
 7.796724526256752e-01 3.985710737864961e-01 5.000000000000000e-01 C
 7.925527374504235e-01 4.459870048900403e-01 5.000000000000000e-01 C
 7.974529462255935e-01 4.948762696988155e-01 5.000000000000000e-01 C
 7.187390268753213e-01 5.143369132742441e-01 0.000000000000000e+00 C
 7.100645194524055e-01 5.626514694785827e-01 0.000000000000000e+00 C
 6.908564998711021e-01 6.078244193935114e-01 0.000000000000000e+00 C
 6.620781384389225e-01 6.475906026844842e-01 0.000000000000000e+00 C
 6.251725023660487e-01 6.799559768721710e-01 0.000000000000000e+00 C
 5.819901943496898e-01 7.032976069487683e-01 0.000000000000000e+00 C
 5.346965556274013e-01 7.164450461160764e-01 0.000000000000000e+00 C
 4.856630867257561e-01 7.187390268753213e-01 0.000000000000000e+00 C
 4.373485305214176e-01 7.100645194524055e-01 0.000000000000000e+00 C
 3.921755806064894e-01 6.908564998711021e-01 0.000000000000000e+00 C
 3.524093973155162e-01 6.620781384389225e-01 0.000000000000000e+00 C
 3.200440231278295e-01 6.251725023660487e-01 0.000000000000000e+00 C
 2.967023930512321e-01 5.819901943496899e-01 0.000000000000000e+00 C
 2.835549538839240e-01 5.346965556274013e-01 0.000000000000000e+00 C
 2.812609731246792e-01 4.856630867257561e-01 0.000000000000000e+00 C
 2.899354805475949e-01 4.373485305214180e-01 0.000000000000000e+00 C
 3.091435001288986e-01 3.921755806064890e-01 0.000000000000000e+00 C
 3.379218615610778e-01 3.524093973155162e-01 0.000000000000000e+00 C
 3.748274976339517e-01 3.200440231278295e-01 0.000000000000000e+00 C
 4.180098056503108e-01 2.967023930512321e-01 0.000000000000000e+00 C
 4.653034443725993e-01 2.835549538839240e-01 0.000000000000000e+00 C
 5.143369132742441e-01 2.812609731246792e-01 0.000000000000000e+00 C
 5.626514694785828e-01 2.899354805475949e-01 0.000000000000000e+00 C
 6.078244193935115e-01 3.091435001288986e-01 0.000000000000000e+00 C
 6.475906026844841e-01 3.379218615610777e-01 0.000000000000000e+00 C
 6.799559768721709e-01 3.748274976339517e-01 0.000000000000000e+00 C
 7.032976069487683e-01 4.180098056503108e-01 0.000000000000000e+00 C
 7.164450461160764e-01 4.653034443725991e-01 0.000000000000000e+00 C
 7.187390268753213e-01 5.143369132742441e-01 3.333333333333335e-01 C
 7.100645194524055e-01 5.626514694785827e-01 3.333333333333335e-01 C
 6.908564998711021e-01 6.078244193935114e-01 3.333333333333335e-01 C
 6.620781384389225e-01 6.475906026844842e-01 3.333333333333335e-01 C
 6.251725023660487e-01 6.799559768721710e-01 3.333333333333335e-01 C
 5.819901943496898e-01 7.032976069487683e-01 3.333333333333335e-01 C
 5.346965556274013e-01 7.164450461160764e-01 3.333333333333335e-01 C
 4.856630867257561e-01 7.187390268753213e-01 3.333333333333335e-01 C
 4.373485305214176e-01 7.100645194524055e-01 3.333333333333335e-01 C
 3.921755806064894e-01 6.908564998711021e-01 3.333333333333335e-01 C
 3.524093973155162e-01 6.620781384389225e-01 3.333333333333335e-01 C
 3.200440231278295e-01 6.251725023660487e-01 3.333333333333335e-01 C
 2.967023930512321e-01 5.819901943496899e-01 3.333333333333335e-01 C
 2.835549538839240e-01 5.346965556274013e-01 3.333333333333335e-01 C
 2.812609731246792e-01 4.856630867257561e-01 3.333333333333335e-01 C
 2.899354805475949e-01 4.373485305214180e-01 3.333333333333335e-01 C
 3.091435001288986e-01 3.921755806064890e-01 3.333333333333335e-01 C
 3.379218615610778e-01 3.524093973155162e-01 3.333333333333335e-01 C
 3.748274976339517e-01 3.200440231278295e-01 3.333333333333335e-01 C
 4.180098056503108e-01 2.967023930512321e-01 3.333333333333335e-01 C
 4.653034443725993e-01 2.835549538839240e-01 3.333333333333335e-01 C
 5.143369132742441e-01 2.812609731246792e-01 3.333333333333335e-01 C
 5.626514694785828e-01 2.899354805475949e-01 3.333333333333335e-01 C
 6.078244193935115e-01 3.091435001288986e-01 3.333333333333335e-01 C
 6.475906026844841e-01 3.379218615610777e-01 3.333333333333335e-01 C
 6.799559768721709e-01 3.748274976339517e-01 3.333333333333335e-01 C
 7.032976069487683e-01 4.180098056503108e-01 3.333333333333335e-01 C
 7.164450461160764e-01 4.653034443725991e-01 3.333333333333335e-01 C
 7.157584168024838e-01 5.387377663202398e-01 8.333333333333336e-01 C
 7.017289388879400e-01 5.857772940570031e-01 8.333333333333336e-01 C
 6.775839296308642e-01 6.285155900949609e-01 8.333333333333336e-01 C
 6.445341206161849e-01 6.648095778111877e-01 8.333333333333336e-01 C
 6.042367672718818e-01 6.928393251110969e-01 8.333333333333336e-01 C
 5.587125471617318e-01 7.111993034230397e-01 8.333333333333336e-01 C
 5.102442347746462e-01 7.189688667698623e-01 8.333333333333336e-01 C
 4.612622336797609e-01 7.157584168024838e-01 8.333333333333336e-01 C
 4.142227059429976e-01 7.017289388879400e-01 8.333333333333336e-01 C
 3.714844099050397e-01 6.775839296308643e-01 8.333333333333336e-01 C
 3.351904221888127e-01 6.445341206161849e-01 8.333333333333336e-01 C
 3.071606748889035e-01 6.042367672718818e-01 8.333333333333336e-01 C
 2.888006965769608e-01 5.587125471617320e-01 8.333333333333336e-01 C
 2.810311332301382e-01 5.102442347746462e-01 8.333333333333336e-01 C
 2.842415831975167e-01 4.612622336797608e-01 8.333333333333336e-01 C
 2.982710611120605e-01 4.142227059429976e-01 8.333333333333336e-01 C
 3.224160703691363e-01 3.714844099050397e-01 8.333333333333336e-01 C
 3.554658793838156e-01 3.351904221888127e-01 8.333333333333336e-01 C
 3.957632327281186e-01 3.071606748889035e-01 8.333333333333336e-01 C
 4.412874528382689e-01 2.888006965769608e-01 8.333333333333336e-01 C
 4.897557652253542e-01 2.810311332301382e-01 8.333333333333336e-01 C
 5.387377663202396e-01 2.842415831975166e-01 8.333333333333336e-01 C
 5.857772940570032e-01 2.982710611120605e-01 8.333333333333336e-01 C
 6.285155900949611e-01 3.224160703691363e-01 8.333333333333336e-01 C
 6.648095778111875e-01 3.554658793838156e-01 8.333333333333336e-01 C
 6.928393251110969e-01 3.957632327281186e-01 8.333333333333336e-01 C
 7.111993034230397e-01 4.412874528382689e-01 8.333333333333336e-01 C
 7.189688667698623e-01 4.897557652253542e-01 8.333333333333336e-01 C
 7.157584168024838e-01 5.387377663202398e-01 5.000000000000000e-01 C
 7.017289388879400e-01 5.857772940570031e-01 5.000000000000000e-01 C
 6.775839296308642e-01 6.285155900949609e-01 5.000000000000000e-01 C
 6.445341206161849e-01 6.648095778111877e-01 5.000000000000000e-01 C
 6.042367672718818e-01 6.928393251110969e-01 5.000000000000000e-01 C
 5.587125471617318e-01 7.111993034230397e-01 5.000000000000000e-01 C
 5.102442347746462e-01 7.189688667698623e-01 5.000000000000000e-01 C
 4.612622336797609e-01 7.157584168024838e-01 5.000000000000000e-01 C
 4.142227059429976e-01 7.017289388879400e-01 5.000000000000000e-01 C
 3.714844099050397e-01 6.775839296308643e-01 5.000000000000000e-01 C
 3.351904221888127e-01 6.445341206161849e-01 5.000000000000000e-01 C
 3.071606748889035e-01 6.042367672718818e-01 5.000000000000000e-01 C
 2.888006965769608e-01 5.587125471617320e-01 5.000000000000000e-01 C
 2.810311332301382e-01 5.102442347746462e-01 5.000000000000000e-01 C
 2.842415831975167e-01 4.612622336797608e-01 5.000000000000000e-01 C
 2.982710611120605e-01 4.142227059429976e-01 5.000000000000000e-01 C
 3.224160703691363e-01 3.714844099050397e-01 5.000000000000000e-01 C
 3.554658793838156e-01 3.351904221888127e-01 5.000000000000000e-01 C
 3.957632327281186e-01 3.071606748889035e-01 5.000000000000000e-01 C
 4.412874528382689e-01 2.888006965769608e-01 5.000000000000000e-01 C
 4.897557652253542e-01 2.810311332301382e-01 5.000000000000000e-01 C
 5.387377663202396e-01 2.842415831975166e-01 5.000000000000000e-01 C
 5.857772940570032e-01 2.982710611120605e-01 5.000000000000000e-01 C
 6.285155900949611e-01 3.224160703691363e-01 5.000000000000000e-01 C
 6.648095778111875e-01 3.554658793838156e-01 5.000000000000000e-01 C
 6.928393251110969e-01 3.957632327281186e-01 5.000000000000000e-01 C
 7.111993034230397e-01 4.412874528382689e-01 5.000000000000000e-01 C
 7.189688667698623e-01 4.897557652253542e-01 5.000000000000000e-01 C
 6.406179458484210e-01 5.092165871048715e-01 0.000000000000000e+00 C
 6.289853876212521e-01 5.567549288845163e-01 0.000000000000000e+00 C
 6.017952880253804e-01 5.974477886271465e-01 0.000000000000000e+00 C
 5.623271743552002e-01 6.263870068851527e-01 0.000000000000000e+00 C
 5.153414836066562e-01 6.400820868392453e-01 0.000000000000000e+00 C
 4.665053835189655e-01 6.368811997291064e-01 0.000000000000000e+00 C
 4.217092285067793e-01 6.171704197802818e-01 0.000000000000000e+00 C
 3.863560959854044e-01 5.833271579547293e-01 0.000000000000000e+00 C
 3.647100954935851e-01 5.394334111019604e-01 0.000000000000000e+00 C
 3.593820541515795e-01 4.907834128951292e-01 0.000000000000000e+00 C
 3.710146123787483e-01 4.432450711154843e-01 0.000000000000000e+00 C
 3.982047119746199e-01 4.025522113728542e-01 0.000000000000000e+00 C
 4.376728256448004e-01 3.736129931148476e-01 0.000000000000000e+00 C
 4.846585163933442e-01 3.599179131607553e-01 0.000000000000000e+00 C
 5.334946164810351e-01 3.631188002708939e-01 0.000000000000000e+00 C
 5.782907714932211e-01 3.828295802197190e-01 0.000000000000000e+00 C
 6.136439040145962e-01 4.166728420452713e-01 0.000000000000000e+00 C
 6.352899045064153e-01 4.605665888980404e-01 0.000000000000000e+00 C
 6.406179458484210e-01 5.092165871048715e-01 3.333333333333335e-01 C
 6.289853876212521e-01 5.567549288845163e-01 3.333333333333335e-01 C
 6.017952880253804e-01 5.974477886271465e-01 3.333333333333335e-01 C
 5.623271743552002e-01 6.263870068851527e-01 3.333333333333335e-01 C
 5.153414836066562e-01 6.400820868392453e-01 3.333333333333335e-01 C
 4.665053835189655e-01 6.368811997291064e-01 3.333333333333335e-01 C
 4.217092285067793e-01 6.171704197802818e-01 3.333333333333335e-01 C
 3.863560959854044e-01 5.833271579547293e-01 3.333333333333335e-01 C
 3.647100954935851e-01 5.394334111019604e-01 3.333333333333335e-01 C
 3.593820541515795e-01 4.907834128951292e-01 3.333333333333335e-01 C
 3.710146123787483e-01 4.432450711154843e-01 3.333333333333335e-01 C
 3.982047119746199e-01 4.025522113728542e-01 3.333333333333335e-01 C
 4.376728256448004e-01 3.736129931148476e-01 3.333333333333335e-01 C
 4.846585163933442e-01 3.599179131607553e-01 3.333333333333335e-01 C
 5.334946164810351e-01 3.631188002708939e-01 3.333333333333335e-01 C
 5.782907714932211e-01 3.828295802197190e-01 3.333333333333335e-01 C
 6.136439040145962e-01 4.166728420452713e-01 3.333333333333335e-01 C
 6.352899045064153e-01 4.605665888980404e-01 3.333333333333335e-01 C
 6.368811997291064e-01 5.334946164810351e-01 8.333333333333336e-01 C
 6.171704197802816e-01 5.782907714932212e-01 8.333333333333336e-01 C
 5.833271579547293e-01 6.136439040145962e-01 8.333333333333336e-01 C
 5.394334111019603e-01 6.352899045064152e-01 8.333333333333336e-01 C
 4.907834128951292e-01 6.406179458484210e-01 8.333333333333336e-01 C
 4.432450711154843e-01 6.289853876212521e-01 8.333333333333336e-01 C
 4.025522113728542e-01 6.017952880253805e-01 8.333333333333336e-01 C
 3.736129931148476e-01 5.623271743552002e-01 8.333333333333336e-01 C
 3.599179131607553e-01 5.153414836066562e-01 8.333333333333336e-01 C
 3.631188002708939e-01 4.665053835189656e-01 8.333333333333336e-01 C
 3.828295802197190e-01 4.217092285067793e-01 8.333333333333336e-01 C
 4.166728420452713e-01 3.863560959854044e-01 8.333333333333336e-01 C
 4.605665888980403e-01 3.647100954935851e-01 8.333333333333336e-01 C
 5.092165871048715e-01 3.593820541515795e-01 8.333333333333336e-01 C
 5.567549288845164e-01 3.710146123787483e-01 8.333333333333336e-01 C
 5.974477886271465e-01 3.982047119746200e-01 8.333333333333336e-01 C
 6.263870068851527e-01 4.376728256448004e-01 8.333333333333336e-01 C
 6.400820868392453e-01 4.846585163933442e-01 8.333333333333336e-01 C
 6.368811997291064e-01 5.334946164810351e-01 5.000000000000000e-01 C
 6.171704197802816e-01 5.782907714932212e-01 5.000000000000000e-01 C
 5.833271579547293e-01 6.136439040145962e-01 5.000000000000000e-01 C
 5.394334111019603e-01 6.352899045064152e-01 5.000000000000000e-01 C
 4.907834128951292e-01 6.406179458484210e-01 5.000000000000000e-01 C
 4.432450711154843e-01 6.289853876212521e-01 5.000000000000000e-01 C
 4.025522113728542e-01 6.017952880253805e-01 5.000000000000000e-01 C
 3.736129931148476e-01 5.623271743552002e-01 5.000000000000000e-01 C
 3.599179131607553e-01 5.153414836066562e-01 5.000000000000000e-01 C
 3.631188002708939e-01 4.665053835189656e-01 5.000000000000000e-01 C
 3.828295802197190e-01 4.217092285067793e-01 5.000000000000000e-01 C
 4.166728420452713e-01 3.863560959854044e-01 5.000000000000000e-01 C
 4.605665888980403e-01 3.647100954935851e-01 5.000000000000000e-01 C
 5.092165871048715e-01 3.593820541515795e-01 5.000000000000000e-01 C
 5.567549288845164e-01 3.710146123787483e-01 5.000000000000000e-01 C
 5.974477886271465e-01 3.982047119746200e-01 5.000000000000000e-01 C
 6.263870068851527e-01 4.376728256448004e-01 5.000000000000000e-01 C
 6.400820868392453e-01 4.846585163933442e-01 5.000000000000000e-01 C
 5.624968648215206e-01 5.040962609354985e-01 0.000000000000000e+00 C
 5.412954630331960e-01 5.470884508031967e-01 0.000000000000000e+00 C
 4.959037390645017e-01 5.624968648215206e-01 0.000000000000000e+00 C
 4.529115491968040e-01 5.412954630331960e-01 0.000000000000000e+00 C
 4.375031351784799e-01 4.959037390645017e-01 0.000000000000000e+00 C
 4.587045369668046e-01 4.529115491968040e-01 0.000000000000000e+00 C
 5.040962609354985e-01 4.375031351784799e-01 0.000000000000000e+00 C
 5.470884508031967e-01 4.587045369668046e-01 0.000000000000000e+00 C
 5.624968648215206e-01 5.040962609354985e-01 3.333333333333335e-01 C
 5.412954630331960e-01 5.470884508031967e-01 3.333333333333335e-01 C
 4.959037390645017e-01 5.624968648215206e-01 3.333333333333335e-01 C
 4.529115491968040e-01 5.412954630331960e-01 3.333333333333335e-01 C
 4.375031351784799e-01 4.959037390645017e-01 3.333333333333335e-01 C
 4.587045369668046e-01 4.529115491968040e-01 3.333333333333335e-01 C
 5.040962609354985e-01 4.375031351784799e-01 3.333333333333335e-01 C
 5.470884508031967e-01 4.587045369668046e-01 3.333333333333335e-01 C
 5.561720030600681e-01 5.277009663800892e-01 8.333333333333336e-01 C
 5.201320631038243e-01 5.593071454493871e-01 8.333333333333336e-01 C
 4.722990336199115e-01 5.561720030600681e-01 8.333333333333336e-01 C
 4.406928545506132e-01 5.201320631038243e-01 8.333333333333336e-01 C
 4.438279969399326e-01 4.722990336199115e-01 8.333333333333336e-01 C
 4.798679368961761e-01 4.406928545506132e-01 8.333333333333336e-01 C
 5.277009663800891e-01 4.438279969399326e-01 8.333333333333336e-01 C
 5.593071454493871e-01 4.798679368961761e-01 8.333333333333336e-01 C
 5.561720030600681e-01 5.277009663800892e-01 5.000000000000000e-01 C
 5.201320631038243e-01 5.593071454493871e-01 5.000000000000000e-01 C
 4.722990336199115e-01 5.561720030600681e-01 5.000000000000000e-01 C
 4.406928545506132e-01 5.201320631038243e-01 5.000000000000000e-01 C
 4.438279969399326e-01 4.722990336199115e-01 5.000000000000000e-01 C
 4.798679368961761e-01 4.406928545506132e-01 5.000000000000000e-01 C
 5.277009663800891e-01 4.438279969399326e-01 5.000000000000000e-01 C
 5.593071454493871e-01 4.798679368961761e-01 5.000000000000000e-01 C
