 C
 AIREBO 
 272
 1.024875e+01
 4.878643737041103e+00 0.000000000000000e+00 0.000000000000000e+00
 0.000000000000000e+00 4.878643737041103e+00 0.000000000000000e+00
 0.000000000000000e+00 0.000000000000000e+00 4.156604463959019e-01
 fra
 7.031148106699411e-01 5.133128480403696e-01 0.000000000000000e+00 C
 6.940266903456808e-01 5.615345567135517e-01 0.000000000000000e+00 C
 6.736624440368530e-01 6.061801006195552e-01 0.000000000000000e+00 C
 6.432055677179036e-01 6.446548430265123e-01 0.000000000000000e+00 C
 6.044261043342488e-01 6.747227717557290e-01 0.000000000000000e+00 C
 5.595777753401324e-01 6.946364480819374e-01 0.000000000000000e+00 C
 5.112670025996496e-01 7.032385615203264e-01 0.000000000000000e+00 C
 4.623014326219634e-01 7.000291885052669e-01 0.000000000000000e+00 C
 4.155267663515716e-01 6.851948461307981e-01 0.000000000000000e+00 C
 3.736613773731154e-01 6.595976524550835e-01 0.000000000000000e+00 C
 3.391383299195255e-01 6.247252233325420e-01 0.000000000000000e+00 C
 3.139639780226329e-01 5.826042175876540e-01 0.000000000000000e+00 C
 2.996013635096388e-01 5.356825549706855e-01 0.000000000000000e+00 C
 2.968851893300590e-01 4.866871519596307e-01 0.000000000000000e+00 C
 3.059733096543195e-01 4.384654432864484e-01 0.000000000000000e+00 C
 3.263375559631472e-01 3.938198993804450e-01 0.000000000000000e+00 C
 3.567944322820966e-01 3.553451569734878e-01 0.000000000000000e+00 C
 3.955738956657516e-01 3.252772282442711e-01 0.000000000000000e+00 C
 4.404222246598677e-01 3.053635519180627e-01 0.000000000000000e+00 C
 4.887329974003505e-01 2.967614384796738e-01 0.000000000000000e+00 C
 5.376985673780371e-01 2.999708114947334e-01 0.000000000000000e+00 C
 5.844732336484285e-01 3.148051538692020e-01 0.000000000000000e+00 C
 6.263386226268848e-01 3.404023475449168e-01 0.000000000000000e+00 C
 6.608616700804747e-01 3.752747766674581e-01 0.000000000000000e+00 C
 6.860360219773673e-01 4.173957824123460e-01 0.000000000000000e+00 C
 7.003986364903614e-01 4.643174450293147e-01 0.000000000000000e+00 C
 7.031148106699411e-01 5.133128480403696e-01 3.333333333333335e-01 C
 6.940266903456808e-01 5.615345567135517e-01 3.333333333333335e-01 C
 6.736624440368530e-01 6.061801006195552e-01 3.333333333333335e-01 C
 6.432055677179036e-01 6.446548430265123e-01 3.333333333333335e-01 C
 6.044261043342488e-01 6.747227717557290e-01 3.333333333333335e-01 C
 5.595777753401324e-01 6.946364480819374e-01 3.333333333333335e-01 C
 5.112670025996496e-01 7.032385615203264e-01 3.333333333333335e-01 C
 4.623014326219634e-01 7.000291885052669e-01 3.333333333333335e-01 C
 4.155267663515716e-01 6.851948461307981e-01 3.333333333333335e-01 C
 3.736613773731154e-01 6.595976524550835e-01 3.333333333333335e-01 C
 3.391383299195255e-01 6.247252233325420e-01 3.333333333333335e-01 C
 3.139639780226329e-01 5.826042175876540e-01 3.333333333333335e-01 C
 2.996013635096388e-01 5.356825549706855e-01 3.333333333333335e-01 C
 2.968851893300590e-01 4.866871519596307e-01 3.333333333333335e-01 C
 3.059733096543195e-01 4.384654432864484e-01 3.333333333333335e-01 C
 3.263375559631472e-01 3.938198993804450e-01 3.333333333333335e-01 C
 3.567944322820966e-01 3.553451569734878e-01 3.333333333333335e-01 C
 3.955738956657516e-01 3.252772282442711e-01 3.333333333333335e-01 C
 4.404222246598677e-01 3.053635519180627e-01 3.333333333333335e-01 C
 4.887329974003505e-01 2.967614384796738e-01 3.333333333333335e-01 C
 5.376985673780371e-01 2.999708114947334e-01 3.333333333333335e-01 C
 5.844732336484285e-01 3.148051538692020e-01 3.333333333333335e-01 C
 6.263386226268848e-01 3.404023475449168e-01 3.333333333333335e-01 C
 6.608616700804747e-01 3.752747766674581e-01 3.333333333333335e-01 C
 6.860360219773673e-01 4.173957824123460e-01 3.333333333333335e-01 C
 7.003986364903614e-01 4.643174450293147e-01 3.333333333333335e-01 C
 7.000291885052669e-01 5.376985673780369e-01 8.333333333333334e-01 C
 6.851948461307981e-01 5.844732336484286e-01 8.333333333333334e-01 C
 6.595976524550833e-01 6.263386226268848e-01 8.333333333333334e-01 C
 6.247252233325421e-01 6.608616700804747e-01 8.333333333333334e-01 C
 5.826042175876539e-01 6.860360219773673e-01 8.333333333333334e-01 C
 5.356825549706854e-01 7.003986364903614e-01 8.333333333333334e-01 C
 4.866871519596307e-01 7.031148106699411e-01 8.333333333333334e-01 C
 4.384654432864484e-01 6.940266903456808e-01 8.333333333333334e-01 C
 3.938198993804450e-01 6.736624440368532e-01 8.333333333333334e-01 C
 3.553451569734880e-01 6.432055677179036e-01 8.333333333333334e-01 C
 3.252772282442711e-01 6.044261043342488e-01 8.333333333333334e-01 C
 3.053635519180629e-01 5.595777753401325e-01 8.333333333333334e-01 C
 2.967614384796738e-01 5.112670025996497e-01 8.333333333333334e-01 C
 2.999708114947334e-01 4.623014326219633e-01 8.333333333333334e-01 C
 3.148051538692022e-01 4.155267663515715e-01 8.333333333333334e-01 C
 3.404023475449168e-01 3.736613773731153e-01 8.333333333333334e-01 C
 3.752747766674581e-01 3.391383299195255e-01 8.333333333333334e-01 C
 4.173957824123464e-01 3.139639780226329e-01 8.333333333333334e-01 C
 4.643174450293147e-01 2.996013635096388e-01 8.333333333333334e-01 C
 5.133128480403696e-01 2.968851893300590e-01 8.333333333333334e-01 C
 5.615345567135516e-01 3.059733096543193e-01 8.333333333333334e-01 C
 6.061801006195552e-01 3.263375559631472e-01 8.333333333333334e-01 C
 6.446548430265123e-01 3.567944322820967e-01 8.333333333333334e-01 C
 6.747227717557290e-01 3.955738956657515e-01 8.333333333333334e-01 C
 6.946364480819374e-01 4.404222246598677e-01 8.333333333333334e-01 C
 7.032385615203264e-01 4.887329974003504e-01 8.333333333333334e-01 C
 7.000291885052669e-01 5.376985673780369e-01 5.000000000000000e-01 C
 6.851948461307981e-01 5.844732336484286e-01 5.000000000000000e-01 C
 6.595976524550833e-01 6.263386226268848e-01 5.000000000000000e-01 C
 6.247252233325421e-01 6.608616700804747e-01 5.000000000000000e-01 C
 5.826042175876539e-01 6.860360219773673e-01 5.000000000000000e-01 C
 5.356825549706854e-01 7.003986364903614e-01 5.000000000000000e-01 C
 4.866871519596307e-01 7.031148106699411e-01 5.000000000000000e-01 C
 4.384654432864484e-01 6.940266903456808e-01 5.000000000000000e-01 C
 3.938198993804450e-01 6.736624440368532e-01 5.000000000000000e-01 C
 3.553451569734880e-01 6.432055677179036e-01 5.000000000000000e-01 C
 3.252772282442711e-01 6.044261043342488e-01 5.000000000000000e-01 C
 3.053635519180629e-01 5.595777753401325e-01 5.000000000000000e-01 C
 2.967614384796738e-01 5.112670025996497e-01 5.000000000000000e-01 C
 2.999708114947334e-01 4.623014326219633e-01 5.000000000000000e-01 C
 3.148051538692022e-01 4.155267663515715e-01 5.000000000000000e-01 C
 3.404023475449168e-01 3.736613773731153e-01 5.000000000000000e-01 C
 3.752747766674581e-01 3.391383299195255e-01 5.000000000000000e-01 C
 4.173957824123464e-01 3.139639780226329e-01 5.000000000000000e-01 C
 4.643174450293147e-01 2.996013635096388e-01 5.000000000000000e-01 C
 5.133128480403696e-01 2.968851893300590e-01 5.000000000000000e-01 C
 5.615345567135516e-01 3.059733096543193e-01 5.000000000000000e-01 C
 6.061801006195552e-01 3.263375559631472e-01 5.000000000000000e-01 C
 6.446548430265123e-01 3.567944322820967e-01 5.000000000000000e-01 C
 6.747227717557290e-01 3.955738956657515e-01 5.000000000000000e-01 C
 6.946364480819374e-01 4.404222246598677e-01 5.000000000000000e-01 C
 7.032385615203264e-01 4.887329974003504e-01 5.000000000000000e-01 C
 5.624968648215206e-01 5.040962609354985e-01 0.000000000000000e+00 C
 5.412954630331960e-01 5.470884508031967e-01 0.000000000000000e+00 C
 4.959037390645017e-01 5.624968648215206e-01 0.000000000000000e+00 C
 4.529115491968040e-01 5.412954630331960e-01 0.000000000000000e+00 C
 4.375031351784799e-01 4.959037390645017e-01 0.000000000000000e+00 C
 4.587045369668046e-01 4.529115491968040e-01 0.000000000000000e+00 C
 5.040962609354985e-01 4.375031351784799e-01 0.000000000000000e+00 C
 5.470884508031967e-01 4.587045369668046e-01 0.000000000000000e+00 C
 5.624968648215206e-01 5.040962609354985e-01 3.333333333333335e-01 C
 5.412954630331960e-01 5.470884508031967e-01 3.333333333333335e-01 C
 4.959037390645017e-01 5.624968648215206e-01 3.333333333333335e-01 C
 4.529115491968040e-01 5.412954630331960e-01 3.333333333333335e-01 C
 4.375031351784799e-01 4.959037390645017e-01 3.333333333333335e-01 C
 4.587045369668046e-01 4.529115491968040e-01 3.333333333333335e-01 C
 5.040962609354985e-01 4.375031351784799e-01 3.333333333333335e-01 C
 5.470884508031967e-01 4.587045369668046e-01 3.333333333333335e-01 C
 5.561720030600681e-01 5.277009663800892e-01 8.333333333333336e-01 C
 5.201320631038243e-01 5.593071454493871e-01 8.333333333333336e-01 C
 4.722990336199115e-01 5.561720030600681e-01 8.333333333333336e-01 C
 4.406928545506132e-01 5.201320631038243e-01 8.333333333333336e-01 C
 4.438279969399326e-01 4.722990336199115e-01 8.333333333333336e-01 C
 4.798679368961761e-01 4.406928545506132e-01 8.333333333333336e-01 C
 5.277009663800891e-01 4.438279969399326e-01 8.333333333333336e-01 C
 5.593071454493871e-01 4.798679368961761e-01 8.333333333333336e-01 C
 5.561720030600681e-01 5.277009663800892e-01 5.000000000000000e-01 C
 5.201320631038243e-01 5.593071454493871e-01 5.000000000000000e-01 C
 4.722990336199115e-01 5.561720030600681e-01 5.000000000000000e-01 C
 4.406928545506132e-01 5.201320631038243e-01 5.000000000000000e-01 C
 4.438279969399326e-01 4.722990336199115e-01 5.000000000000000e-01 C
 4.798679368961761e-01 4.406928545506132e-01 5.000000000000000e-01 C
 5.277009663800891e-01 4.438279969399326e-01 5.000000000000000e-01 C
 5.593071454493871e-01 4.798679368961761e-01 5.000000000000000e-01 C
 6.093695134376608e-01 5.071684566371223e-01 0.000000000000000e+00 C
 5.954282499355512e-01 5.539122096967559e-01 0.000000000000000e+00 C
 5.625862511830244e-01 5.899779884360856e-01 0.000000000000000e+00 C
 5.173482778137010e-01 6.082225230580384e-01 0.000000000000000e+00 C
 4.686742652607089e-01 6.050322597262029e-01 0.000000000000000e+00 C
 4.262046986577583e-01 5.810390692194614e-01 0.000000000000000e+00 C
 3.983511965256163e-01 5.409950971748451e-01 0.000000000000000e+00 C
 3.906304865623397e-01 4.928315433628783e-01 0.000000000000000e+00 C
 4.045717500644495e-01 4.460877903032446e-01 0.000000000000000e+00 C
 4.374137488169760e-01 4.100220115639150e-01 0.000000000000000e+00 C
 4.826517221862995e-01 3.917774769419621e-01 0.000000000000000e+00 C
 5.313257347392916e-01 3.949677402737978e-01 0.000000000000000e+00 C
 5.737953013422422e-01 4.189609307805390e-01 0.000000000000000e+00 C
 6.016488034743843e-01 4.590049028251554e-01 0.000000000000000e+00 C
 6.093695134376608e-01 5.071684566371223e-01 3.333333333333335e-01 C
 5.954282499355512e-01 5.539122096967559e-01 3.333333333333335e-01 C
 5.625862511830244e-01 5.899779884360856e-01 3.333333333333335e-01 C
 5.173482778137010e-01 6.082225230580384e-01 3.333333333333335e-01 C
 4.686742652607089e-01 6.050322597262029e-01 3.333333333333335e-01 C
 4.262046986577583e-01 5.810390692194614e-01 3.333333333333335e-01 C
 3.983511965256163e-01 5.409950971748451e-01 3.333333333333335e-01 C
 3.906304865623397e-01 4.928315433628783e-01 3.333333333333335e-01 C
 4.045717500644495e-01 4.460877903032446e-01 3.333333333333335e-01 C
 4.374137488169760e-01 4.100220115639150e-01 3.333333333333335e-01 C
 4.826517221862995e-01 3.917774769419621e-01 3.333333333333335e-01 C
 5.313257347392916e-01 3.949677402737978e-01 3.333333333333335e-01 C
 5.737953013422422e-01 4.189609307805390e-01 3.333333333333335e-01 C
 6.016488034743843e-01 4.590049028251554e-01 3.333333333333335e-01 C
 6.050322597262029e-01 5.313257347392916e-01 8.333333333333336e-01 C
 5.810390692194615e-01 5.737953013422423e-01 8.333333333333336e-01 C
 5.409950971748451e-01 6.016488034743843e-01 8.333333333333336e-01 C
 4.928315433628783e-01 6.093695134376608e-01 8.333333333333336e-01 C
 4.460877903032446e-01 5.954282499355512e-01 8.333333333333336e-01 C
 4.100220115639149e-01 5.625862511830245e-01 8.333333333333336e-01 C
 3.917774769419621e-01 5.173482778137010e-01 8.333333333333336e-01 C
 3.949677402737978e-01 4.686742652607089e-01 8.333333333333336e-01 C
 4.189609307805390e-01 4.262046986577583e-01 8.333333333333336e-01 C
 4.590049028251554e-01 3.983511965256163e-01 8.333333333333336e-01 C
 5.071684566371224e-01 3.906304865623397e-01 8.333333333333336e-01 C
 5.539122096967559e-01 4.045717500644495e-01 8.333333333333336e-01 C
 5.899779884360856e-01 4.374137488169760e-01 8.333333333333336e-01 C
 6.082225230580384e-01 4.826517221862995e-01 8.333333333333336e-01 C
 6.050322597262029e-01 5.313257347392916e-01 5.000000000000000e-01 C
 5.810390692194615e-01 5.737953013422423e-01 5.000000000000000e-01 C
 5.409950971748451e-01 6.016488034743843e-01 5.000000000000000e-01 C
 4.928315433628783e-01 6.093695134376608e-01 5.000000000000000e-01 C
 4.460877903032446e-01 5.954282499355512e-01 5.000000000000000e-01 C
 4.100220115639149e-01 5.625862511830245e-01 5.000000000000000e-01 C
 3.917774769419621e-01 5.173482778137010e-01 5.000000000000000e-01 C
 3.949677402737978e-01 4.686742652607089e-01 5.000000000000000e-01 C
 4.189609307805390e-01 4.262046986577583e-01 5.000000000000000e-01 C
 4.590049028251554e-01 3.983511965256163e-01 5.000000000000000e-01 C
 5.071684566371224e-01 3.906304865623397e-01 5.000000000000000e-01 C
 5.539122096967559e-01 4.045717500644495e-01 5.000000000000000e-01 C
 5.899779884360856e-01 4.374137488169760e-01 5.000000000000000e-01 C
 6.082225230580384e-01 4.826517221862995e-01 5.000000000000000e-01 C
 6.562421620538009e-01 5.102406523387459e-01 0.000000000000000e+00 C
 6.454305907351527e-01 5.580209224503865e-01 0.000000000000000e+00 C
 6.203832599208403e-01 6.001217004170458e-01 0.000000000000000e+00 C
 5.835519768659841e-01 6.324218687579787e-01 0.000000000000000e+00 C
 5.385420441746319e-01 6.517596619474687e-01 0.000000000000000e+00 C
 4.897593476612545e-01 6.562421620538009e-01 0.000000000000000e+00 C
 4.419790775496140e-01 6.454305907351527e-01 0.000000000000000e+00 C
 3.998782995829547e-01 6.203832599208405e-01 0.000000000000000e+00 C
 3.675781312420218e-01 5.835519768659843e-01 0.000000000000000e+00 C
 3.482403380525316e-01 5.385420441746319e-01 0.000000000000000e+00 C
 3.437578379461995e-01 4.897593476612545e-01 0.000000000000000e+00 C
 3.545694092648475e-01 4.419790775496140e-01 0.000000000000000e+00 C
 3.796167400791600e-01 3.998782995829547e-01 0.000000000000000e+00 C
 4.164480231340163e-01 3.675781312420217e-01 0.000000000000000e+00 C
 4.614579558253685e-01 3.482403380525316e-01 0.000000000000000e+00 C
 5.102406523387459e-01 3.437578379461995e-01 0.000000000000000e+00 C
 5.580209224503863e-01 3.545694092648475e-01 0.000000000000000e+00 C
 6.001217004170458e-01 3.796167400791600e-01 0.000000000000000e+00 C
 6.324218687579786e-01 4.164480231340161e-01 0.000000000000000e+00 C
 6.517596619474687e-01 4.614579558253685e-01 0.000000000000000e+00 C
 6.562421620538009e-01 5.102406523387459e-01 3.333333333333335e-01 C
 6.454305907351527e-01 5.580209224503865e-01 3.333333333333335e-01 C
 6.203832599208403e-01 6.001217004170458e-01 3.333333333333335e-01 C
 5.835519768659841e-01 6.324218687579787e-01 3.333333333333335e-01 C
 5.385420441746319e-01 6.517596619474687e-01 3.333333333333335e-01 C
 4.897593476612545e-01 6.562421620538009e-01 3.333333333333335e-01 C
 4.419790775496140e-01 6.454305907351527e-01 3.333333333333335e-01 C
 3.998782995829547e-01 6.203832599208405e-01 3.333333333333335e-01 C
 3.675781312420218e-01 5.835519768659843e-01 3.333333333333335e-01 C
 3.482403380525316e-01 5.385420441746319e-01 3.333333333333335e-01 C
 3.437578379461995e-01 4.897593476612545e-01 3.333333333333335e-01 C
 3.545694092648475e-01 4.419790775496140e-01 3.333333333333335e-01 C
 3.796167400791600e-01 3.998782995829547e-01 3.333333333333335e-01 C
 4.164480231340163e-01 3.675781312420217e-01 3.333333333333335e-01 C
 4.614579558253685e-01 3.482403380525316e-01 3.333333333333335e-01 C
 5.102406523387459e-01 3.437578379461995e-01 3.333333333333335e-01 C
 5.580209224503863e-01 3.545694092648475e-01 3.333333333333335e-01 C
 6.001217004170458e-01 3.796167400791600e-01 3.333333333333335e-01 C
 6.324218687579786e-01 4.164480231340161e-01 3.333333333333335e-01 C
 6.517596619474687e-01 4.614579558253685e-01 3.333333333333335e-01 C
 6.527165707996406e-01 5.345562319526830e-01 8.333333333333335e-01 C
 6.345636268703068e-01 5.800569452769597e-01 8.333333333333335e-01 C
 6.032386575829892e-01 6.177211270079912e-01 8.333333333333335e-01 C
 5.618079691854252e-01 6.438619446161591e-01 8.333333333333335e-01 C
 5.143270861225482e-01 6.559205527401899e-01 8.333333333333335e-01 C
 4.654437680473174e-01 6.527165707996406e-01 8.333333333333335e-01 C
 4.199430547230408e-01 6.345636268703069e-01 8.333333333333335e-01 C
 3.822788729920092e-01 6.032386575829892e-01 8.333333333333335e-01 C
 3.561380553838414e-01 5.618079691854252e-01 8.333333333333335e-01 C
 3.440794472598104e-01 5.143270861225482e-01 8.333333333333335e-01 C
 3.472834292003598e-01 4.654437680473174e-01 8.333333333333335e-01 C
 3.654363731296935e-01 4.199430547230408e-01 8.333333333333335e-01 C
 3.967613424170109e-01 3.822788729920092e-01 8.333333333333335e-01 C
 4.381920308145751e-01 3.561380553838412e-01 8.333333333333335e-01 C
 4.856729138774523e-01 3.440794472598104e-01 8.333333333333335e-01 C
 5.345562319526831e-01 3.472834292003598e-01 8.333333333333335e-01 C
 5.800569452769596e-01 3.654363731296936e-01 8.333333333333335e-01 C
 6.177211270079912e-01 3.967613424170112e-01 8.333333333333335e-01 C
 6.438619446161589e-01 4.381920308145749e-01 8.333333333333335e-01 C
 6.559205527401899e-01 4.856729138774521e-01 8.333333333333335e-01 C
 6.527165707996406e-01 5.345562319526830e-01 5.000000000000000e-01 C
 6.345636268703068e-01 5.800569452769597e-01 5.000000000000000e-01 C
 6.032386575829892e-01 6.177211270079912e-01 5.000000000000000e-01 C
 5.618079691854252e-01 6.438619446161591e-01 5.000000000000000e-01 C
 5.143270861225482e-01 6.559205527401899e-01 5.000000000000000e-01 C
 4.654437680473174e-01 6.527165707996406e-01 5.000000000000000e-01 C
 4.199430547230408e-01 6.345636268703069e-01 5.000000000000000e-01 C
 3.822788729920092e-01 6.032386575829892e-01 5.000000000000000e-01 C
 3.561380553838414e-01 5.618079691854252e-01 5.000000000000000e-01 C
 3.440794472598104e-01 5.143270861225482e-01 5.000000000000000e-01 C
 3.472834292003598e-01 4.654437680473174e-01 5.000000000000000e-01 C
 3.654363731296935e-01 4.199430547230408e-01 5.000000000000000e-01 C
 3.967613424170109e-01 3.822788729920092e-01 5.000000000000000e-01 C
 4.381920308145751e-01 3.561380553838412e-01 5.000000000000000e-01 C
 4.856729138774523e-01 3.440794472598104e-01 5.000000000000000e-01 C
 5.345562319526831e-01 3.472834292003598e-01 5.000000000000000e-01 C
 5.800569452769596e-01 3.654363731296936e-01 5.000000000000000e-01 C
 6.177211270079912e-01 3.967613424170112e-01 5.000000000000000e-01 C
 6.438619446161589e-01 4.381920308145749e-01 5.000000000000000e-01 C
 6.559205527401899e-01 4.856729138774521e-01 5.000000000000000e-01 C
