 C
 AIREBO 
 240
 1.024875e+01
 4.878643737041103e+00 0.000000000000000e+00 0.000000000000000e+00
 0.000000000000000e+00 4.878643737041103e+00 0.000000000000000e+00
 0.000000000000000e+00 0.000000000000000e+00 4.156604463959019e-01
 fra
 9.687264861614021e-01 5.307219570162371e-01 0.000000000000000e+00 C
 9.629474344710662e-01 5.795489182125091e-01 0.000000000000000e+00 C
 9.520962338106865e-01 6.275043248141636e-01 0.000000000000000e+00 C
 9.362917722054577e-01 6.740627673511589e-01 0.000000000000000e+00 C
 9.157072066440231e-01 7.187141417840789e-01 0.000000000000000e+00 C
 8.905680659342710e-01 7.609692383107360e-01 0.000000000000000e+00 C
 8.611497797625206e-01 8.003651012511366e-01 0.000000000000000e+00 C
 8.277746610282419e-01 8.364701012867916e-01 0.000000000000000e+00 C
 7.908083745164805e-01 8.688886644818530e-01 0.000000000000000e+00 C
 7.506559305979519e-01 8.972656062739353e-01 0.000000000000000e+00 C
 7.077572478506662e-01 9.212900229505079e-01 0.000000000000000e+00 C
 6.625823332199297e-01 9.406986979750296e-01 0.000000000000000e+00 C
 6.156261325238951e-01 9.552789858424054e-01 0.000000000000000e+00 C
 5.674031077236048e-01 9.648711418676391e-01 0.000000000000000e+00 C
 5.184416003700878e-01 9.693700723820307e-01 0.000000000000000e+00 C
 4.692780429837630e-01 9.687264861614021e-01 0.000000000000000e+00 C
 4.204510817874910e-01 9.629474344710662e-01 0.000000000000000e+00 C
 3.724956751858365e-01 9.520962338106865e-01 0.000000000000000e+00 C
 3.259372326488415e-01 9.362917722054579e-01 0.000000000000000e+00 C
 2.812858582159213e-01 9.157072066440233e-01 0.000000000000000e+00 C
 2.390307616892643e-01 8.905680659342710e-01 0.000000000000000e+00 C
 1.996348987488636e-01 8.611497797625207e-01 0.000000000000000e+00 C
 1.635298987132086e-01 8.277746610282420e-01 0.000000000000000e+00 C
 1.311113355181471e-01 7.908083745164805e-01 0.000000000000000e+00 C
 1.027343937260649e-01 7.506559305979521e-01 0.000000000000000e+00 C
 7.870997704949211e-02 7.077572478506663e-01 0.000000000000000e+00 C
 5.930130202497039e-02 6.625823332199298e-01 0.000000000000000e+00 C
 4.472101415759453e-02 6.156261325238953e-01 0.000000000000000e+00 C
 3.512885813236079e-02 5.674031077236050e-01 0.000000000000000e+00 C
 3.062992761796947e-02 5.184416003700878e-01 0.000000000000000e+00 C
 3.127351383859789e-02 4.692780429837630e-01 0.000000000000000e+00 C
 3.705256552893376e-02 4.204510817874910e-01 0.000000000000000e+00 C
 4.790376618931335e-02 3.724956751858369e-01 0.000000000000000e+00 C
 6.370822779454217e-02 3.259372326488414e-01 0.000000000000000e+00 C
 8.429279335597686e-02 2.812858582159213e-01 0.000000000000000e+00 C
 1.094319340657291e-01 2.390307616892641e-01 0.000000000000000e+00 C
 1.388502202374792e-01 1.996348987488637e-01 0.000000000000000e+00 C
 1.722253389717581e-01 1.635298987132085e-01 0.000000000000000e+00 C
 2.091916254835194e-01 1.311113355181471e-01 0.000000000000000e+00 C
 2.493440694020480e-01 1.027343937260648e-01 0.000000000000000e+00 C
 2.922427521493338e-01 7.870997704949211e-02 0.000000000000000e+00 C
 3.374176667800703e-01 5.930130202497039e-02 0.000000000000000e+00 C
 3.843738674761047e-01 4.472101415759453e-02 0.000000000000000e+00 C
 4.325968922763953e-01 3.512885813236079e-02 0.000000000000000e+00 C
 4.815583996299121e-01 3.062992761796947e-02 0.000000000000000e+00 C
 5.307219570162368e-01 3.127351383859781e-02 0.000000000000000e+00 C
 5.795489182125091e-01 3.705256552893376e-02 0.000000000000000e+00 C
 6.275043248141635e-01 4.790376618931351e-02 0.000000000000000e+00 C
 6.740627673511586e-01 6.370822779454217e-02 0.000000000000000e+00 C
 7.187141417840789e-01 8.429279335597695e-02 0.000000000000000e+00 C
 7.609692383107358e-01 1.094319340657291e-01 0.000000000000000e+00 C
 8.003651012511368e-01 1.388502202374796e-01 0.000000000000000e+00 C
 8.364701012867916e-01 1.722253389717581e-01 0.000000000000000e+00 C
 8.688886644818528e-01 2.091916254835194e-01 0.000000000000000e+00 C
 8.972656062739353e-01 2.493440694020480e-01 0.000000000000000e+00 C
 9.212900229505079e-01 2.922427521493338e-01 0.000000000000000e+00 C
 9.406986979750296e-01 3.374176667800702e-01 0.000000000000000e+00 C
 9.552789858424057e-01 3.843738674761051e-01 0.000000000000000e+00 C
 9.648711418676391e-01 4.325968922763952e-01 0.000000000000000e+00 C
 9.693700723820307e-01 4.815583996299118e-01 0.000000000000000e+00 C
 9.687264861614021e-01 5.307219570162371e-01 3.333333333333334e-01 C
 9.629474344710662e-01 5.795489182125091e-01 3.333333333333334e-01 C
 9.520962338106865e-01 6.275043248141636e-01 3.333333333333334e-01 C
 9.362917722054577e-01 6.740627673511589e-01 3.333333333333334e-01 C
 9.157072066440231e-01 7.187141417840789e-01 3.333333333333334e-01 C
 8.905680659342710e-01 7.609692383107360e-01 3.333333333333334e-01 C
 8.611497797625206e-01 8.003651012511366e-01 3.333333333333334e-01 C
 8.277746610282419e-01 8.364701012867916e-01 3.333333333333334e-01 C
 7.908083745164805e-01 8.688886644818530e-01 3.333333333333334e-01 C
 7.506559305979519e-01 8.972656062739353e-01 3.333333333333334e-01 C
 7.077572478506662e-01 9.212900229505079e-01 3.333333333333334e-01 C
 6.625823332199297e-01 9.406986979750296e-01 3.333333333333334e-01 C
 6.156261325238951e-01 9.552789858424054e-01 3.333333333333334e-01 C
 5.674031077236048e-01 9.648711418676391e-01 3.333333333333334e-01 C
 5.184416003700878e-01 9.693700723820307e-01 3.333333333333334e-01 C
 4.692780429837630e-01 9.687264861614021e-01 3.333333333333334e-01 C
 4.204510817874910e-01 9.629474344710662e-01 3.333333333333334e-01 C
 3.724956751858365e-01 9.520962338106865e-01 3.333333333333334e-01 C
 3.259372326488415e-01 9.362917722054579e-01 3.333333333333334e-01 C
 2.812858582159213e-01 9.157072066440233e-01 3.333333333333334e-01 C
 2.390307616892643e-01 8.905680659342710e-01 3.333333333333334e-01 C
 1.996348987488636e-01 8.611497797625207e-01 3.333333333333334e-01 C
 1.635298987132086e-01 8.277746610282420e-01 3.333333333333334e-01 C
 1.311113355181471e-01 7.908083745164805e-01 3.333333333333334e-01 C
 1.027343937260649e-01 7.506559305979521e-01 3.333333333333334e-01 C
 7.870997704949211e-02 7.077572478506663e-01 3.333333333333334e-01 C
 5.930130202497039e-02 6.625823332199298e-01 3.333333333333334e-01 C
 4.472101415759453e-02 6.156261325238953e-01 3.333333333333334e-01 C
 3.512885813236079e-02 5.674031077236050e-01 3.333333333333334e-01 C
 3.062992761796947e-02 5.184416003700878e-01 3.333333333333334e-01 C
 3.127351383859789e-02 4.692780429837630e-01 3.333333333333334e-01 C
 3.705256552893376e-02 4.204510817874910e-01 3.333333333333334e-01 C
 4.790376618931335e-02 3.724956751858369e-01 3.333333333333334e-01 C
 6.370822779454217e-02 3.259372326488414e-01 3.333333333333334e-01 C
 8.429279335597686e-02 2.812858582159213e-01 3.333333333333334e-01 C
 1.094319340657291e-01 2.390307616892641e-01 3.333333333333334e-01 C
 1.388502202374792e-01 1.996348987488637e-01 3.333333333333334e-01 C
 1.722253389717581e-01 1.635298987132085e-01 3.333333333333334e-01 C
 2.091916254835194e-01 1.311113355181471e-01 3.333333333333334e-01 C
 2.493440694020480e-01 1.027343937260648e-01 3.333333333333334e-01 C
 2.922427521493338e-01 7.870997704949211e-02 3.333333333333334e-01 C
 3.374176667800703e-01 5.930130202497039e-02 3.333333333333334e-01 C
 3.843738674761047e-01 4.472101415759453e-02 3.333333333333334e-01 C
 4.325968922763953e-01 3.512885813236079e-02 3.333333333333334e-01 C
 4.815583996299121e-01 3.062992761796947e-02 3.333333333333334e-01 C
 5.307219570162368e-01 3.127351383859781e-02 3.333333333333334e-01 C
 5.795489182125091e-01 3.705256552893376e-02 3.333333333333334e-01 C
 6.275043248141635e-01 4.790376618931351e-02 3.333333333333334e-01 C
 6.740627673511586e-01 6.370822779454217e-02 3.333333333333334e-01 C
 7.187141417840789e-01 8.429279335597695e-02 3.333333333333334e-01 C
 7.609692383107358e-01 1.094319340657291e-01 3.333333333333334e-01 C
 8.003651012511368e-01 1.388502202374796e-01 3.333333333333334e-01 C
 8.364701012867916e-01 1.722253389717581e-01 3.333333333333334e-01 C
 8.688886644818528e-01 2.091916254835194e-01 3.333333333333334e-01 C
 8.972656062739353e-01 2.493440694020480e-01 3.333333333333334e-01 C
 9.212900229505079e-01 2.922427521493338e-01 3.333333333333334e-01 C
 9.406986979750296e-01 3.374176667800702e-01 3.333333333333334e-01 C
 9.552789858424057e-01 3.843738674761051e-01 3.333333333333334e-01 C
 9.648711418676391e-01 4.325968922763952e-01 3.333333333333334e-01 C
 9.693700723820307e-01 4.815583996299118e-01 3.333333333333334e-01 C
 9.664762498044078e-01 5.552111025115268e-01 8.333333333333333e-01 C
 9.581497123989210e-01 6.036686958580485e-01 8.333333333333333e-01 C
 9.448035908704008e-01 6.509904732786801e-01 8.333333333333333e-01 C
 9.265841081191689e-01 6.966579674772826e-01 8.333333333333333e-01 C
 9.036908806109196e-01 7.401708358308786e-01 8.333333333333333e-01 C
 8.763747313369495e-01 7.810523422481329e-01 8.333333333333333e-01 C
 8.449349417449760e-01 8.188545803897331e-01 8.333333333333333e-01 C
 8.097159727489669e-01 8.531633810239727e-01 8.333333333333333e-01 C
 7.711036907432866e-01 8.836028497515250e-01 8.333333333333333e-01 C
 7.295211399697281e-01 9.098394853831425e-01 8.333333333333333e-01 C
 6.854239075562748e-01 9.315858338484765e-01 8.333333333333333e-01 C
 6.392951320091881e-01 9.486036376030242e-01 8.333333333333333e-01 C
 5.916402098464281e-01 9.607064460276471e-01 8.333333333333333e-01 C
 5.429812583676439e-01 9.677616582205690e-01 8.333333333333333e-01 C
 4.938513952277772e-01 9.696919758006067e-01 8.333333333333333e-01 C
 4.447888974884734e-01 9.664762498044078e-01 8.333333333333333e-01 C
 3.963313041419517e-01 9.581497123989210e-01 8.333333333333333e-01 C
 3.490095267213200e-01 9.448035908704008e-01 8.333333333333333e-01 C
 3.033420325227177e-01 9.265841081191689e-01 8.333333333333333e-01 C
 2.598291641691216e-01 9.036908806109200e-01 8.333333333333333e-01 C
 2.189476577518671e-01 8.763747313369498e-01 8.333333333333333e-01 C
 1.811454196102673e-01 8.449349417449761e-01 8.333333333333333e-01 C
 1.468366189760274e-01 8.097159727489672e-01 8.333333333333333e-01 C
 1.163971502484750e-01 7.711036907432867e-01 8.333333333333333e-01 C
 9.016051461685766e-02 7.295211399697284e-01 8.333333333333333e-01 C
 6.841416615152369e-02 6.854239075562751e-01 8.333333333333333e-01 C
 5.139636239697574e-02 6.392951320091881e-01 8.333333333333333e-01 C
 3.929355397235290e-02 5.916402098464281e-01 8.333333333333333e-01 C
 3.223834177943095e-02 5.429812583676440e-01 8.333333333333333e-01 C
 3.030802419939341e-02 4.938513952277775e-01 8.333333333333333e-01 C
 3.352375019559213e-02 4.447888974884733e-01 8.333333333333333e-01 C
 4.185028760107893e-02 3.963313041419516e-01 8.333333333333333e-01 C
 5.519640912959927e-02 3.490095267213199e-01 8.333333333333333e-01 C
 7.341589188083099e-02 3.033420325227179e-01 8.333333333333333e-01 C
 9.630911938908032e-02 2.598291641691214e-01 8.333333333333333e-01 C
 1.236252686630503e-01 2.189476577518672e-01 8.333333333333333e-01 C
 1.550650582550238e-01 1.811454196102673e-01 8.333333333333333e-01 C
 1.902840272510330e-01 1.468366189760273e-01 8.333333333333333e-01 C
 2.288963092567135e-01 1.163971502484749e-01 8.333333333333333e-01 C
 2.704788600302718e-01 9.016051461685749e-02 8.333333333333333e-01 C
 3.145760924437253e-01 6.841416615152353e-02 8.333333333333333e-01 C
 3.607048679908121e-01 5.139636239697574e-02 8.333333333333333e-01 C
 4.083597901535719e-01 3.929355397235298e-02 8.333333333333333e-01 C
 4.570187416323564e-01 3.223834177943086e-02 8.333333333333333e-01 C
 5.061486047722229e-01 3.030802419939341e-02 8.333333333333333e-01 C
 5.552111025115267e-01 3.352375019559213e-02 8.333333333333333e-01 C
 6.036686958580486e-01 4.185028760107901e-02 8.333333333333333e-01 C
 6.509904732786800e-01 5.519640912959927e-02 8.333333333333333e-01 C
 6.966579674772825e-01 7.341589188083116e-02 8.333333333333333e-01 C
 7.401708358308784e-01 9.630911938908016e-02 8.333333333333333e-01 C
 7.810523422481329e-01 1.236252686630505e-01 8.333333333333333e-01 C
 8.188545803897330e-01 1.550650582550241e-01 8.333333333333333e-01 C
 8.531633810239729e-01 1.902840272510331e-01 8.333333333333333e-01 C
 8.836028497515250e-01 2.288963092567135e-01 8.333333333333333e-01 C
 9.098394853831425e-01 2.704788600302718e-01 8.333333333333333e-01 C
 9.315858338484765e-01 3.145760924437253e-01 8.333333333333333e-01 C
 9.486036376030242e-01 3.607048679908121e-01 8.333333333333333e-01 C
 9.607064460276471e-01 4.083597901535719e-01 8.333333333333333e-01 C
 9.677616582205690e-01 4.570187416323560e-01 8.333333333333333e-01 C
 9.696919758006067e-01 5.061486047722229e-01 8.333333333333333e-01 C
 9.664762498044078e-01 5.552111025115268e-01 5.000000000000000e-01 C
 9.581497123989210e-01 6.036686958580485e-01 5.000000000000000e-01 C
 9.448035908704008e-01 6.509904732786801e-01 5.000000000000000e-01 C
 9.265841081191689e-01 6.966579674772826e-01 5.000000000000000e-01 C
 9.036908806109196e-01 7.401708358308786e-01 5.000000000000000e-01 C
 8.763747313369495e-01 7.810523422481329e-01 5.000000000000000e-01 C
 8.449349417449760e-01 8.188545803897331e-01 5.000000000000000e-01 C
 8.097159727489669e-01 8.531633810239727e-01 5.000000000000000e-01 C
 7.711036907432866e-01 8.836028497515250e-01 5.000000000000000e-01 C
 7.295211399697281e-01 9.098394853831425e-01 5.000000000000000e-01 C
 6.854239075562748e-01 9.315858338484765e-01 5.000000000000000e-01 C
 6.392951320091881e-01 9.486036376030242e-01 5.000000000000000e-01 C
 5.916402098464281e-01 9.607064460276471e-01 5.000000000000000e-01 C
 5.429812583676439e-01 9.677616582205690e-01 5.000000000000000e-01 C
 4.938513952277772e-01 9.696919758006067e-01 5.000000000000000e-01 C
 4.447888974884734e-01 9.664762498044078e-01 5.000000000000000e-01 C
 3.963313041419517e-01 9.581497123989210e-01 5.000000000000000e-01 C
 3.490095267213200e-01 9.448035908704008e-01 5.000000000000000e-01 C
 3.033420325227177e-01 9.265841081191689e-01 5.000000000000000e-01 C
 2.598291641691216e-01 9.036908806109200e-01 5.000000000000000e-01 C
 2.189476577518671e-01 8.763747313369498e-01 5.000000000000000e-01 C
 1.811454196102673e-01 8.449349417449761e-01 5.000000000000000e-01 C
 1.468366189760274e-01 8.097159727489672e-01 5.000000000000000e-01 C
 1.163971502484750e-01 7.711036907432867e-01 5.000000000000000e-01 C
 9.016051461685766e-02 7.295211399697284e-01 5.000000000000000e-01 C
 6.841416615152369e-02 6.854239075562751e-01 5.000000000000000e-01 C
 5.139636239697574e-02 6.392951320091881e-01 5.000000000000000e-01 C
 3.929355397235290e-02 5.916402098464281e-01 5.000000000000000e-01 C
 3.223834177943095e-02 5.429812583676440e-01 5.000000000000000e-01 C
 3.030802419939341e-02 4.938513952277775e-01 5.000000000000000e-01 C
 3.352375019559213e-02 4.447888974884733e-01 5.000000000000000e-01 C
 4.185028760107893e-02 3.963313041419516e-01 5.000000000000000e-01 C
 5.519640912959927e-02 3.490095267213199e-01 5.000000000000000e-01 C
 7.341589188083099e-02 3.033420325227179e-01 5.000000000000000e-01 C
 9.630911938908032e-02 2.598291641691214e-01 5.000000000000000e-01 C
 1.236252686630503e-01 2.189476577518672e-01 5.000000000000000e-01 C
 1.550650582550238e-01 1.811454196102673e-01 5.000000000000000e-01 C
 1.902840272510330e-01 1.468366189760273e-01 5.000000000000000e-01 C
 2.288963092567135e-01 1.163971502484749e-01 5.000000000000000e-01 C
 2.704788600302718e-01 9.016051461685749e-02 5.000000000000000e-01 C
 3.145760924437253e-01 6.841416615152353e-02 5.000000000000000e-01 C
 3.607048679908121e-01 5.139636239697574e-02 5.000000000000000e-01 C
 4.083597901535719e-01 3.929355397235298e-02 5.000000000000000e-01 C
 4.570187416323564e-01 3.223834177943086e-02 5.000000000000000e-01 C
 5.061486047722229e-01 3.030802419939341e-02 5.000000000000000e-01 C
 5.552111025115267e-01 3.352375019559213e-02 5.000000000000000e-01 C
 6.036686958580486e-01 4.185028760107901e-02 5.000000000000000e-01 C
 6.509904732786800e-01 5.519640912959927e-02 5.000000000000000e-01 C
 6.966579674772825e-01 7.341589188083116e-02 5.000000000000000e-01 C
 7.401708358308784e-01 9.630911938908016e-02 5.000000000000000e-01 C
 7.810523422481329e-01 1.236252686630505e-01 5.000000000000000e-01 C
 8.188545803897330e-01 1.550650582550241e-01 5.000000000000000e-01 C
 8.531633810239729e-01 1.902840272510331e-01 5.000000000000000e-01 C
 8.836028497515250e-01 2.288963092567135e-01 5.000000000000000e-01 C
 9.098394853831425e-01 2.704788600302718e-01 5.000000000000000e-01 C
 9.315858338484765e-01 3.145760924437253e-01 5.000000000000000e-01 C
 9.486036376030242e-01 3.607048679908121e-01 5.000000000000000e-01 C
 9.607064460276471e-01 4.083597901535719e-01 5.000000000000000e-01 C
 9.677616582205690e-01 4.570187416323560e-01 5.000000000000000e-01 C
 9.696919758006067e-01 5.061486047722229e-01 5.000000000000000e-01 C
