 C
 AIREBO 
 560
 1.024875e+01
 4.878643737041103e+00 0.000000000000000e+00 0.000000000000000e+00
 0.000000000000000e+00 4.878643737041103e+00 0.000000000000000e+00
 0.000000000000000e+00 0.000000000000000e+00 4.156604463959019e-01
 fra
 8.527951179171512e-01 5.989450016809307e-01 5.031606558543968e-04 C
 8.882799892961326e-01 6.325032738437640e-01 4.978920038664395e-04 C
 9.233845664504737e-01 6.664856274463027e-01 4.654906626357007e-04 C
 9.521311395370058e-01 7.059336682829617e-01 2.145393746748107e-04 C
 9.571200839143665e-01 7.542855063243908e-01 -6.453396878727888e-04 C
 9.252377265499361e-01 7.908333067480628e-01 -2.812120943903565e-04 C
 8.769399046289610e-01 7.972552823582698e-01 4.236934363296772e-04 C
 8.292878975510490e-01 7.865114395929066e-01 4.631896266214574e-04 C
 7.825947992394046e-01 7.721777985095586e-01 5.744314156101766e-04 C
 7.360486090670247e-01 7.573435319851430e-01 5.057293061501580e-04 C
 6.893027129755233e-01 7.433841579913462e-01 6.084344587257392e-04 C
 6.423008867621874e-01 7.303535773599814e-01 6.129620131217036e-04 C
 5.954859948677497e-01 7.166036217006986e-01 5.973004750580748e-04 C
 5.485434997485588e-01 7.034301525510792e-01 6.526628873187291e-04 C
 5.015517394118213e-01 6.903605875335975e-01 6.056744626839057e-04 C
 4.545370786630157e-01 6.774003344765969e-01 6.597221116486045e-04 C
 4.074205237185677e-01 6.650551197757435e-01 7.217916646983725e-04 C
 3.602762510094851e-01 6.527211678910533e-01 6.591340373412862e-04 C
 3.130188772054759e-01 6.409195267531201e-01 7.168359996439580e-04 C
 2.657024849652642e-01 6.292799768077573e-01 6.885349925414838e-04 C
 2.178089950570879e-01 6.203477188298485e-01 6.332429107646191e-04 C
 1.696451824541775e-01 6.129609578049673e-01 6.004591115000329e-04 C
 1.253191372538944e-01 5.929717207960702e-01 5.852609794503421e-05 C
 1.015619583944680e-01 5.507538211097669e-01 -1.661931767050295e-04 C
 1.109719406377298e-01 5.031202131098859e-01 4.830960076626780e-04 C
 1.385439834785738e-01 4.629628751172705e-01 6.480732090032020e-04 C
 1.687565842398663e-01 4.247506611043098e-01 6.531816745572347e-04 C
 1.975006345544231e-01 3.854281093831088e-01 7.546752987379906e-04 C
 2.272621049121338e-01 3.468684317927517e-01 7.132192398983149e-04 C
 2.570539993006009e-01 3.083433373126216e-01 7.819298959281424e-04 C
 2.859370669702220e-01 2.691247955200700e-01 6.653558626848406e-04 C
 3.110608332925754e-01 2.273789813185227e-01 6.629785498311381e-04 C
 3.327103624830619e-01 1.837016019326594e-01 5.822768205875465e-04 C
 3.567111267986715e-01 1.412521768756045e-01 4.120371896094254e-04 C
 3.961903888196040e-01 1.129572935503104e-01 -4.084768994254967e-04 C
 4.441060995809532e-01 1.200482797142252e-01 -1.250739535961684e-04 C
 4.767829067112676e-01 1.561005447010560e-01 5.480957416491094e-04 C
 4.980026328694186e-01 2.000086887658736e-01 6.001064872613259e-04 C
 5.208661611751656e-01 2.430484200781987e-01 7.519003593140796e-04 C
 5.481822927985058e-01 2.833986437605061e-01 6.263924532560818e-04 C
 5.802754941637210e-01 3.200658359946880e-01 6.961527178508152e-04 C
 6.136362421101642e-01 3.555593345863056e-01 7.385800826320343e-04 C
 6.472098010914061e-01 3.908519825958279e-01 5.865055953541515e-04 C
 6.809694391407501e-01 4.260487081887708e-01 6.469657164939239e-04 C
 7.147353557199795e-01 4.612070348903805e-01 6.833854888167205e-04 C
 7.488232458489751e-01 4.960452885850669e-01 6.086650128232044e-04 C
 7.831103116281710e-01 5.307055021739183e-01 6.682514034747201e-04 C
 8.173827789159276e-01 5.653662831105778e-01 6.203006164049405e-04 C
 8.527950897308068e-01 5.989449351570112e-01 3.328751134422254e-01 C
 8.882799524575372e-01 6.325032769645634e-01 3.328800479624194e-01 C
 9.233845463407758e-01 6.664855972424560e-01 3.329133307959591e-01 C
 9.521311452004892e-01 7.059336330444612e-01 3.331645574210627e-01 C
 9.571200771663629e-01 7.542855200022218e-01 3.340248624734607e-01 C
 9.252377345564217e-01 7.908333131421716e-01 3.336609265520701e-01 C
 8.769398561810303e-01 7.972552930771977e-01 3.329573775987333e-01 C
 8.292879241541460e-01 7.865114234943447e-01 3.329175192111812e-01 C
 7.825947877959046e-01 7.721776456810809e-01 3.328068090464912e-01 C
 7.360483505173808e-01 7.573439320731256e-01 3.328765068150044e-01 C
 6.893026581000233e-01 7.433840985330225e-01 3.327765949080278e-01 C
 6.423007900298342e-01 7.303535546911618e-01 3.327735559991861e-01 C
 5.954857452417285e-01 7.166038430305091e-01 3.327927826911363e-01 C
 5.485434280788285e-01 7.034300677846391e-01 3.327370060804212e-01 C
 5.015516060155353e-01 6.903608884314920e-01 3.327821266831227e-01 C
 4.545367468581420e-01 6.774007521678402e-01 3.327296622501016e-01 C
 4.074204485891034e-01 6.650551443045875e-01 3.326649706973321e-01 C
 3.602760967469416e-01 6.527215004065221e-01 3.327280468776579e-01 C
 3.130187961090418e-01 6.409195417855962e-01 3.326704461674890e-01 C
 2.657023810040428e-01 6.292800684811118e-01 3.326993309292861e-01 C
 2.178090045010378e-01 6.203477522704716e-01 3.327545487132547e-01 C
 1.696451270823167e-01 6.129609734325135e-01 3.327860223746413e-01 C
 1.253191331007301e-01 5.929717703420271e-01 3.333281121378813e-01 C
 1.015619807587184e-01 5.507538044357868e-01 3.335526113665111e-01 C
 1.109719144006136e-01 5.031202067243017e-01 3.329028765786780e-01 C
 1.385439719474670e-01 4.629628704228563e-01 3.327376292937082e-01 C
 1.687566278541404e-01 4.247507013531893e-01 3.327319865314490e-01 C
 1.975006227821552e-01 3.854281659053504e-01 3.326296931999373e-01 C
 2.272620347750751e-01 3.468683756360670e-01 3.326713944219015e-01 C
 2.570539712300016e-01 3.083433234964711e-01 3.326016453156638e-01 C
 2.859370925273117e-01 2.691248365671196e-01 3.327178902394506e-01 C
 3.110608365805768e-01 2.273789204122697e-01 3.327207915655893e-01 C
 3.327103218628094e-01 1.837016157542443e-01 3.328021082352642e-01 C
 3.567111291444557e-01 1.412521434687061e-01 3.329722786811841e-01 C
 3.961903614774058e-01 1.129572637496962e-01 3.337929386395255e-01 C
 4.441061072451729e-01 1.200483029420684e-01 3.335103321022588e-01 C
 4.767828654081632e-01 1.561005846599935e-01 3.328363207950332e-01 C
 4.980026878016981e-01 2.000086448368805e-01 3.327835770036328e-01 C
 5.208661840622134e-01 2.430484253259469e-01 3.326317484875857e-01 C
 5.481822482578138e-01 2.833986566418197e-01 3.327575433441605e-01 C
 5.802754878515374e-01 3.200656861999698e-01 3.326859931620246e-01 C
 6.136361860011122e-01 3.555593100814172e-01 3.326432857637068e-01 C
 6.472109867301984e-01 3.908504687348628e-01 3.327926978678918e-01 C
 6.809694231426966e-01 4.260485032143535e-01 3.327316679434326e-01 C
 7.147351608467423e-01 4.612070630894373e-01 3.326941871337847e-01 C
 7.488235123009604e-01 4.960446264518681e-01 3.327712843368457e-01 C
 7.831101641459963e-01 5.307054765753098e-01 3.327078625033698e-01 C
 8.173826293266343e-01 5.653662937000501e-01 3.327562886719396e-01 C
 8.705811949623700e-01 6.156813307878329e-01 8.328094587475858e-01 C
 9.060269172687492e-01 6.492874670414992e-01 8.329200669605933e-01 C
 9.393638781906812e-01 6.850027939351139e-01 8.329486843152734e-01 C
 9.590513861799732e-01 7.295820149742478e-01 8.336144406321728e-01 C
 9.451351946167525e-01 7.760480019756301e-01 8.340463816169220e-01 C
 9.014663892557401e-01 7.973710568354000e-01 8.332010921787906e-01 C
 8.528639306614542e-01 7.929338241522672e-01 8.329089253577152e-01 C
 8.059335730960845e-01 7.793578009086950e-01 8.328903404522944e-01 C
 7.593199602732670e-01 7.647748902036440e-01 8.328647175447668e-01 C
 7.127657572792316e-01 7.500489543736493e-01 8.327975637823077e-01 C
 6.657543057965667e-01 7.370514774568063e-01 8.327080899652951e-01 C
 6.189021964176439e-01 7.234386492268722e-01 8.328139982417696e-01 C
 5.720299793023247e-01 7.099665383643601e-01 8.327245035940408e-01 C
 5.250521881296851e-01 6.968891407604835e-01 8.327541225289528e-01 C
 4.780282339184353e-01 6.838852191885065e-01 8.328116038649341e-01 C
 4.309991601841009e-01 6.711532261429328e-01 8.326730792480141e-01 C
 3.838569256177863e-01 6.588615078153673e-01 8.327222957423642e-01 C
 3.366731117764675e-01 6.467199428302629e-01 8.326845346318285e-01 C
 2.893692333620380e-01 6.350523344772371e-01 8.327174220480202e-01 C
 2.418786275171144e-01 6.241563932790229e-01 8.327814273337748e-01 C
 1.936519677101058e-01 6.171800000624302e-01 8.327401024976627e-01 C
 1.463420830961272e-01 6.056196440409710e-01 8.329735979772752e-01 C
 1.094087737750816e-01 5.741527974797298e-01 8.336140701932642e-01 C
 1.026626722700903e-01 5.261655387862355e-01 8.332048213312533e-01 C
 1.237423352421682e-01 4.823174222327165e-01 8.327628192963992e-01 C
 1.538625830425091e-01 4.440269011970912e-01 8.327369090140436e-01 C
 1.830654182718025e-01 4.050411607974052e-01 8.326391950759557e-01 C
 2.123531919047168e-01 3.661264202400085e-01 8.326968400820846e-01 C
 2.421692388889105e-01 3.276118840143308e-01 8.326608904956310e-01 C
 2.719062778659508e-01 2.890434345132540e-01 8.327115877658157e-01 C
 2.988694887397494e-01 2.484765386477631e-01 8.326376238998402e-01 C
 3.222501486987294e-01 2.057245873444445e-01 8.327765702205533e-01 C
 3.435799983865865e-01 1.618646525430774e-01 8.328191127090551e-01 C
 3.740665379606839e-01 1.239000334548121e-01 8.333541857606356e-01 C
 4.209107143878888e-01 1.115038250497264e-01 8.338710705950420e-01 C
 4.627827751564503e-01 1.360383349247649e-01 8.330641463311850e-01 C
 4.878492107238941e-01 1.778452500515860e-01 8.327877042520149e-01 C
 5.087996917533427e-01 2.218696014267082e-01 8.327764615945797e-01 C
 5.338301895183686e-01 2.636900659168311e-01 8.327306907869579e-01 C
 5.638984235560756e-01 3.020305749122144e-01 8.326681560607484e-01 C
 5.969406987565835e-01 3.378333596889956e-01 8.326603264608005e-01 C
 6.303668620874618e-01 3.732461074384708e-01 8.327103782074903e-01 C
 6.640838601035609e-01 4.084618254830168e-01 8.327482900619048e-01 C
 6.978642733481376e-01 4.436206281689259e-01 8.327097411748743e-01 C
 7.316646981873178e-01 4.787330900416057e-01 8.327413316599198e-01 C
 7.660571589402364e-01 5.132926938233205e-01 8.327005242000581e-01 C
 8.001335500922997e-01 5.481467277352660e-01 8.327166498179815e-01 C
 8.350603513841877e-01 5.821601731462897e-01 8.328373785356062e-01 C
 8.705811219096847e-01 6.156813389530579e-01 5.005684440845938e-01 C
 9.060268978757258e-01 6.492874260549242e-01 5.004582689725428e-01 C
 9.393638697185986e-01 6.850027654541414e-01 5.004298814863568e-01 C
 9.590513839591369e-01 7.295819732059368e-01 4.997652978125739e-01 C
 9.451351791354162e-01 7.760480212011283e-01 4.993328938740571e-01 C
 9.014664209998478e-01 7.973710820417541e-01 5.001791628764640e-01 C
 8.528639102664275e-01 7.929338119905821e-01 5.004722626318393e-01 C
 8.059335648881081e-01 7.793577290943000e-01 5.004909953174862e-01 C
 7.593199394148133e-01 7.647748418766025e-01 5.005160806193041e-01 C
 7.127656849339215e-01 7.500490566148131e-01 5.005868043463417e-01 C
 6.657543042897424e-01 7.370514410152897e-01 5.006774005482127e-01 C
 6.189021204345386e-01 7.234386896884508e-01 5.005735487751332e-01 C
 5.720298720252579e-01 7.099665180646354e-01 5.006651750331220e-01 C
 5.250520526059491e-01 6.968891527927382e-01 5.006342925816487e-01 C
 4.780280023915238e-01 6.838856497839352e-01 5.005771781242407e-01 C
 4.309990216472183e-01 6.711532144990042e-01 5.007157392041796e-01 C
 3.838568874194302e-01 6.588615210120293e-01 5.006648543017671e-01 C
 3.366730424189599e-01 6.467201399481232e-01 5.007023870736916e-01 C
 2.893691807828035e-01 6.350523119836579e-01 5.006689302531349e-01 C
 2.418785802685580e-01 6.241564651008770e-01 5.006055404545954e-01 C
 1.936519613826927e-01 6.171800118896849e-01 5.006473438060624e-01 C
 1.463420161250250e-01 6.056196726939648e-01 5.004133094329736e-01 C
 1.094088000444091e-01 5.741527908399220e-01 4.997720691476083e-01 C
 1.026626447276637e-01 5.261655371029244e-01 5.001816163992699e-01 C
 1.237423256923792e-01 4.823173896788737e-01 5.006231109669943e-01 C
 1.538626056275998e-01 4.440269165485791e-01 5.006483899826366e-01 C
 1.830654326223614e-01 4.050411980023416e-01 5.007453950466770e-01 C
 2.123531293537778e-01 3.661264058871109e-01 5.006884748150355e-01 C
 2.421691534712854e-01 3.276118276116747e-01 5.007237834243463e-01 C
 2.719063023539082e-01 2.890433820768568e-01 5.006716456802636e-01 C
 2.988695163682368e-01 2.484766013013710e-01 5.007460267204702e-01 C
 3.222501414742471e-01 2.057245670117787e-01 5.006072830743032e-01 C
 3.435800148401087e-01 1.618646567417239e-01 5.005653333902337e-01 C
 3.740664903370745e-01 1.238999869842688e-01 5.000299137104642e-01 C
 4.209107274434981e-01 1.115038351259707e-01 4.995138579928093e-01 C
 4.627827810060077e-01 1.360383280877696e-01 5.003205779442594e-01 C
 4.878492142567494e-01 1.778452643207208e-01 5.005965570105155e-01 C
 5.087996639098111e-01 2.218696184938834e-01 5.006075695529852e-01 C
 5.338302079592302e-01 2.636900742845562e-01 5.006528360618502e-01 C
 5.638984216030459e-01 3.020305587566902e-01 5.007148290652925e-01 C
 5.969406396692148e-01 3.378333045697057e-01 5.007228489823540e-01 C
 6.303669528627944e-01 3.732458508546135e-01 5.006709734144772e-01 C
 6.640845000270815e-01 4.084610530561964e-01 5.006307753032901e-01 C
 6.978639323078720e-01 4.436208072785370e-01 5.006669859946069e-01 C
 7.316645364819138e-01 4.787328920122326e-01 5.006369063985190e-01 C
 7.660571882273270e-01 5.132924093548468e-01 5.006763633306911e-01 C
 8.001332867930604e-01 5.481469006855300e-01 5.006588120344527e-01 C
 8.350604120537463e-01 5.821600422529166e-01 5.005401879393305e-01 C
 8.039806750668786e-01 6.030538218007583e-01 6.853804814407964e-05 C
 8.397217697378896e-01 6.367468184940469e-01 3.330172375561245e-04 C
 8.672007005010084e-01 6.772898437871796e-01 -7.829002692989320e-04 C
 8.564817204254279e-01 7.245542434049389e-01 -1.767297295891499e-03 C
 8.102695025015989e-01 7.397715671293476e-01 -7.211301542594276e-05 C
 7.627454002400706e-01 7.275640913524928e-01 2.762623871168804e-04 C
 7.159006898670559e-01 7.128101495764081e-01 1.811032265740215e-04 C
 6.685613458558334e-01 6.998020384527860e-01 4.529508289511546e-04 C
 6.214246809290194e-01 6.861573269396866e-01 3.097120023032575e-04 C
 5.743126168663457e-01 6.726794239626297e-01 4.697404815746370e-04 C
 5.271139502126070e-01 6.595874630685957e-01 4.432267893596948e-04 C
 4.799319448811177e-01 6.464992024560934e-01 4.141929405602201e-04 C
 4.326679165977147e-01 6.338366778070047e-01 5.193471924017357e-04 C
 3.853185727134641e-01 6.215336790517684e-01 4.962446001060517e-04 C
 3.378547264582820e-01 6.093805240555188e-01 4.130488654426327e-04 C
 2.902467899276172e-01 5.976975991672970e-01 2.334118906705747e-04 C
 2.428048511659749e-01 5.851585390941387e-01 2.644073233965911e-04 C
 2.003069098171819e-01 5.608824818357737e-01 -5.641668642222591e-05 C
 1.781985600108919e-01 5.174560000036345e-01 -2.101995024814494e-04 C
 1.867165750318764e-01 4.693449319652621e-01 2.290785539192443e-04 C
 2.126953235618954e-01 4.277880410137639e-01 4.200822683404117e-04 C
 2.421738218123510e-01 3.886353075899744e-01 3.188653021380974e-04 C
 2.721515851926158e-01 3.498911779738673e-01 4.964717664246247e-04 C
 3.020456195088514e-01 3.111232179589641e-01 3.616703724135980e-04 C
 3.291446091253279e-01 2.703512294467264e-01 4.956600578037638e-04 C
 3.549440726518613e-01 2.287453163503633e-01 3.332665900933884e-04 C
 3.940375506503508e-01 1.996502869016203e-01 -4.919633122658189e-04 C
 4.422269709643626e-01 2.055589050858670e-01 -2.509216600132888e-04 C
 4.760574636065661e-01 2.407706382089112e-01 4.070694556662561e-04 C
 5.015716334271331e-01 2.825330808910479e-01 4.337402896245035e-04 C
 5.317445373177533e-01 3.210272663587609e-01 6.924272351527444e-04 C
 5.648735838068488e-01 3.569808831421774e-01 6.223206516117086e-04 C
 5.983946476712038e-01 3.925718123151669e-01 4.539511131296558e-04 C
 6.321941568429721e-01 4.279211728925643e-01 4.579507909747228e-04 C
 6.660992325565008e-01 4.632795680848719e-01 4.603851282877916e-04 C
 7.000302455218161e-01 4.986163132224155e-01 3.127651405817290e-04 C
 7.345806552565070e-01 5.334215780551123e-01 2.437565462762175e-04 C
 7.688842617279266e-01 5.686308582305385e-01 2.308176405540613e-04 C
 8.039806722380093e-01 6.030539275064057e-01 3.333088188709200e-01 C
 8.397217867026617e-01 6.367469560370641e-01 3.330447517554752e-01 C
 8.672007365073480e-01 6.772898434144430e-01 3.341640093744244e-01 C
 8.564816759101380e-01 7.245542563289620e-01 3.351506798073966e-01 C
 8.102695200595462e-01 7.397716010882134e-01 3.334568088599765e-01 C
 7.627455741394515e-01 7.275638601259905e-01 3.331104655330703e-01 C
 7.159007253264835e-01 7.128101582212706e-01 3.332063699759696e-01 C
 6.685613729174771e-01 6.998019210043557e-01 3.329351340053237e-01 C
 6.214247136357108e-01 6.861573734043269e-01 3.330778477820640e-01 C
 5.743125897156114e-01 6.726794063727101e-01 3.329198821611464e-01 C
 5.271139037665913e-01 6.595874575082568e-01 3.329457745604467e-01 C
 4.799319469197700e-01 6.464994310579238e-01 3.329713076914033e-01 C
 4.326678365945217e-01 6.338367526145184e-01 3.328668340879491e-01 C
 3.853186490372977e-01 6.215337431630455e-01 3.328894309598451e-01 C
 3.378547230488685e-01 6.093807250983218e-01 3.329738424145931e-01 C
 2.902468648690665e-01 5.976975645574498e-01 3.331531984999833e-01 C
 2.428048446435792e-01 5.851585381072357e-01 3.331203665198549e-01 C
 2.003069459813095e-01 5.608824978936875e-01 3.334418948262350e-01 C
 1.781985486102777e-01 5.174560435800327e-01 3.335946347288054e-01 C
 1.867166203675956e-01 4.693449473689054e-01 3.331553802657800e-01 C
 2.126953386196720e-01 4.277880158767746e-01 3.329633249651134e-01 C
 2.421737893904308e-01 3.886351621680173e-01 3.330649744547686e-01 C
 2.721516326205891e-01 3.498909052194603e-01 3.328870004459445e-01 C
 3.020456845814277e-01 3.111231400859877e-01 3.330220135771859e-01 C
 3.291446351789633e-01 2.703512871772992e-01 3.328878945402547e-01 C
 3.549441273905919e-01 2.287453755971717e-01 3.330503125386430e-01 C
 3.940375926306516e-01 1.996502639225075e-01 3.338761054844647e-01 C
 4.422269953667927e-01 2.055589143088516e-01 3.336347694852599e-01 C
 4.760574322569278e-01 2.407705788399036e-01 3.329771822852626e-01 C
 5.015716527393416e-01 2.825330910523595e-01 3.329497789862604e-01 C
 5.317445084891053e-01 3.210272330178645e-01 3.326910574697686e-01 C
 5.648735378175400e-01 3.569808308310699e-01 3.327609120121017e-01 C
 5.983947799861006e-01 3.925716581448405e-01 3.329278534634745e-01 C
 6.321947269376897e-01 4.279200615716989e-01 3.329179030129332e-01 C
 6.660989726729515e-01 4.632798019721444e-01 3.329147394499509e-01 C
 7.000303925285916e-01 4.986162185728984e-01 3.330590055334161e-01 C
 7.345809365178614e-01 5.334211860437078e-01 3.331251792415242e-01 C
 7.688839900082493e-01 5.686310871190664e-01 3.331454764462528e-01 C
 8.218614716468966e-01 6.199167299487318e-01 8.331903923461439e-01 C
 8.560319767137348e-01 6.551603080962993e-01 8.333650769383102e-01 C
 8.682716575061423e-01 7.023138756083634e-01 8.350432355673809e-01 C
 8.349961536413437e-01 7.375089683284232e-01 8.343603835540907e-01 C
 7.861265846140245e-01 7.349826358785682e-01 8.330310892926220e-01 C
 7.393651909601564e-01 7.200578578391142e-01 8.332481894481411e-01 C
 6.922706028495678e-01 7.061353983173864e-01 8.331353043674341e-01 C
 6.449493660932065e-01 6.930825940810945e-01 8.331245506903059e-01 C
 5.978907123515405e-01 6.793150250812586e-01 8.330664205337537e-01 C
 5.507138913775138e-01 6.661368063890388e-01 8.329054543629419e-01 C
 5.035046688143046e-01 6.530510541606013e-01 8.329706310057102e-01 C
 4.563218125638331e-01 6.400822326576491e-01 8.329604249084545e-01 C
 4.089841441462505e-01 6.277392423349204e-01 8.327578073946925e-01 C
 3.616086326845209e-01 6.153827598588859e-01 8.330243396696163e-01 C
 3.140583046217715e-01 6.035826051350964e-01 8.328397601257775e-01 C
 2.663951896532348e-01 5.919241615682349e-01 8.330944471170956e-01 C
 2.202450308915761e-01 5.753805931026963e-01 8.332275856880591e-01 C
 1.854438292116798e-01 5.411213029690363e-01 8.336323703199123e-01 C
 1.791183630082713e-01 4.927659568724584e-01 8.333596289549813e-01 C
 1.986398389557630e-01 4.478789307553937e-01 8.330754955906479e-01 C
 2.272152321894410e-01 4.080555652618869e-01 8.328359620088984e-01 C
 2.571701418829250e-01 3.692533181224450e-01 8.329734293158660e-01 C
 2.871038191199029e-01 3.305171262853671e-01 8.327560919252179e-01 C
 3.161522097647817e-01 2.910997012605369e-01 8.330030568811867e-01 C
 3.414074256871936e-01 2.491680205409655e-01 8.329496776761293e-01 C
 3.721405028562855e-01 2.111675390257727e-01 8.334126360762347e-01 C
 4.187683043498165e-01 1.975270235915913e-01 8.339746680450170e-01 C
 4.613241801685816e-01 2.211551635153440e-01 8.331741056944014e-01 C
 4.885690021659732e-01 2.618040398186772e-01 8.328317407339682e-01 C
 5.159726231686812e-01 3.023308131842736e-01 8.329773167524159e-01 C
 5.481565570685908e-01 3.391336030537346e-01 8.328268440716123e-01 C
 5.816175860089321e-01 3.747895778801070e-01 8.327830444276800e-01 C
 6.152590382486327e-01 4.102819027066021e-01 8.329401192077157e-01 C
 6.491351273589633e-01 4.456015628237369e-01 8.329838475960351e-01 C
 6.830373262986194e-01 4.809718878220586e-01 8.328971309996620e-01 C
 7.172641457143192e-01 5.160505563249559e-01 8.330818248408397e-01 C
 7.517470320769063e-01 5.510137100346193e-01 8.331538873020750e-01 C
 7.862433809382304e-01 5.860303300610488e-01 8.332765320795577e-01 C
 8.218614401495119e-01 6.199167581151818e-01 5.001862926482896e-01 C
 8.560319563631819e-01 6.551602991241107e-01 5.000143990707475e-01 C
 8.682716454445615e-01 7.023138846148398e-01 4.983391186670820e-01 C
 8.349962032256250e-01 7.375089726579983e-01 4.990236711851114e-01 C
 7.861266151450848e-01 7.349826343999568e-01 5.003547654769589e-01 C
 7.393652934081509e-01 7.200577749453284e-01 5.001387452488142e-01 C
 6.922706634224300e-01 7.061354068897784e-01 5.002516468562037e-01 C
 6.449493418028012e-01 6.930826206022819e-01 5.002633283327721e-01 C
 5.978907802844027e-01 6.793151753214501e-01 5.003212622724793e-01 C
 5.507139160216586e-01 6.661366714016724e-01 5.004825573581871e-01 C
 5.035044991149542e-01 6.530513376918315e-01 5.004167491309418e-01 C
 4.563217711071655e-01 6.400824780957913e-01 5.004233913175781e-01 C
 4.089841599793232e-01 6.277392680516473e-01 5.006288044334716e-01 C
 3.616086114399874e-01 6.153831106207009e-01 5.003632493526512e-01 C
 3.140583895980306e-01 6.035825858347856e-01 5.005464964705181e-01 C
 2.663951846611726e-01 5.919241843104360e-01 5.002913345810945e-01 C
 2.202450236015041e-01 5.753805813641124e-01 5.001579305759606e-01 C
 1.854438792299626e-01 5.411212960025906e-01 4.997523300402341e-01 C
 1.791183435087958e-01 4.927659738448094e-01 5.000249910826110e-01 C
 1.986398624290251e-01 4.478788882667965e-01 5.003084931937516e-01 C
 2.272153175406080e-01 4.080555879758593e-01 5.005475473526397e-01 C
 2.571701441086960e-01 3.692531775511261e-01 5.004101068212857e-01 C
 2.871039026986695e-01 3.305170020973385e-01 5.006282044450628e-01 C
 3.161522587510738e-01 2.910996287896778e-01 5.003816680511711e-01 C
 3.414074380585182e-01 2.491679879217089e-01 5.004333643816035e-01 C
 3.721405267054548e-01 2.111675516117422e-01 4.999709901514870e-01 C
 4.187682932862382e-01 1.975271126657445e-01 4.994096766364802e-01 C
 4.613242037384934e-01 2.211550966698753e-01 5.002094794572457e-01 C
 4.885690109806251e-01 2.618040145751077e-01 5.005519839225953e-01 C
 5.159725779061083e-01 3.023308510018137e-01 5.004062384191424e-01 C
 5.481566781447254e-01 3.391335257335568e-01 5.005571897874341e-01 C
 5.816175146448972e-01 3.747894737155629e-01 5.005994787416176e-01 C
 6.152592383436232e-01 4.102817660862919e-01 5.004402865031360e-01 C
 6.491350497236852e-01 4.456016301773033e-01 5.003889828061067e-01 C
 6.830370802274702e-01 4.809720800201917e-01 5.004763577695844e-01 C
 7.172643947426750e-01 5.160505446384784e-01 5.002870682540119e-01 C
 7.517467282404293e-01 5.510137833691071e-01 5.002164868754017e-01 C
 7.862432569465366e-01 5.860303957517004e-01 5.000999492012640e-01 C
 7.199383554488652e-01 5.706326411664521e-01 4.032631419558390e-04 C
 7.502175819172369e-01 6.091918871059939e-01 -9.586350908409754e-04 C
 7.415159045766962e-01 6.567075895229570e-01 -2.417668562177262e-03 C
 6.944765654491156e-01 6.688121364940254e-01 -2.432192330858074e-05 C
 6.472163896049357e-01 6.555890593484196e-01 1.995819322518645e-04 C
 6.000158833783881e-01 6.419654291136566e-01 1.342403094664963e-04 C
 5.526923636829152e-01 6.288222365794796e-01 3.085471491976732e-04 C
 5.054274598859982e-01 6.156815492245626e-01 2.899189868398656e-04 C
 4.581326538771237e-01 6.027548855557818e-01 3.263532714164522e-04 C
 4.107125014920459e-01 5.904290651645480e-01 6.070191159330032e-04 C
 3.633277533989322e-01 5.780533487742575e-01 4.288482414963355e-04 C
 3.158622998095883e-01 5.662764839775148e-01 6.577871292883776e-04 C
 2.696300609899351e-01 5.505276730135017e-01 2.092620061501968e-04 C
 2.368920785199672e-01 5.145393446027932e-01 -3.435914274285972e-04 C
 2.360995264934022e-01 4.659206304617547e-01 1.406137461578330e-04 C
 2.610401233805797e-01 4.239036961140090e-01 5.826835664716346e-04 C
 2.909779612798686e-01 3.851818581494366e-01 3.063534195270632e-04 C
 3.209174303104523e-01 3.463908896594876e-01 4.846043792058288e-04 C
 3.526936677194220e-01 3.091224698581069e-01 2.481342738942147e-04 C
 3.958505026746865e-01 2.862586026304288e-01 -1.035705696497665e-04 C
 4.442947769106097e-01 2.920051997224202e-01 2.270482406549242e-05 C
 4.833240434909141e-01 3.215365415716659e-01 2.990184032256943e-04 C
 5.159760739330009e-01 3.581275889892216e-01 2.300354765710149e-04 C
 5.495295842558755e-01 3.939199988354688e-01 4.590237356534559e-04 C
 5.832119981554973e-01 4.295778248734251e-01 2.311537439377325e-04 C
 6.171804594708068e-01 4.649846032575131e-01 2.537684245213563e-04 C
 6.511518604567644e-01 5.004544490271545e-01 3.097995319708426e-04 C
 6.853024192621385e-01 5.358050144155727e-01 9.772303307723259e-05 C
 7.199378492660300e-01 5.706335566824521e-01 3.329856256319818e-01 C
 7.502176950348335e-01 6.091919519619511e-01 3.343456511372297e-01 C
 7.415159232615012e-01 6.567076684024908e-01 3.358046992418412e-01 C
 6.944766735506874e-01 6.688121588323601e-01 3.334108530129228e-01 C
 6.472166164594322e-01 6.555884969660020e-01 3.331864780679964e-01 C
 6.000158250681092e-01 6.419654781464362e-01 3.332513933032404e-01 C
 5.526923270475436e-01 6.288220521640902e-01 3.330809076744203e-01 C
 5.054275111996032e-01 6.156813173416771e-01 3.330993067116547e-01 C
 4.581326375374886e-01 6.027550539588725e-01 3.330603610170819e-01 C
 4.107124293548099e-01 5.904291331353538e-01 3.327782120162983e-01 C
 3.633273803736979e-01 5.780538261756761e-01 3.329549185194038e-01 C
 3.158622231032166e-01 5.662765010014547e-01 3.327271292231801e-01 C
 2.696300875813670e-01 5.505277082099581e-01 3.331755175814468e-01 C
 2.368920372101507e-01 5.145393288676537e-01 3.337280413136662e-01 C
 2.360995309629174e-01 4.659206522146903e-01 3.332446398141257e-01 C
 2.610401342930413e-01 4.239038908139578e-01 3.328005551853426e-01 C
 2.909777329433110e-01 3.851820558569219e-01 3.330758977463018e-01 C
 3.209173536942583e-01 3.463909632464897e-01 3.328970698933676e-01 C
 3.526934705572947e-01 3.091224356944413e-01 3.331342083833008e-01 C
 3.958504712317744e-01 2.862586595816235e-01 3.334853681120224e-01 C
 4.442947766497087e-01 2.920052182338424e-01 3.333590390535614e-01 C
 4.833241114142009e-01 3.215365370646216e-01 3.330833292175855e-01 C
 5.159761895877920e-01 3.581275387891061e-01 3.331546408012795e-01 C
 5.495294264394995e-01 3.939200002960946e-01 3.329270338897011e-01 C
 5.832120136298146e-01 4.295777055807759e-01 3.331481467906980e-01 C
 6.171802583701956e-01 4.649846117455712e-01 3.331211801092430e-01 C
 6.511513920391642e-01 5.004548443385177e-01 3.330724982713136e-01 C
 6.853024638883737e-01 5.358050370122960e-01 3.332870982333670e-01 C
 7.370460180939825e-01 5.882141689178282e-01 8.331802008701168e-01 C
 7.530607204264536e-01 6.341656603674790e-01 8.356323641787494e-01 C
 7.193294635423624e-01 6.686711842213933e-01 8.346679356074995e-01 C
 6.707352512786402e-01 6.625078665538998e-01 8.328639734474060e-01 C
 6.236397430092308e-01 6.487053631015112e-01 8.332606808913525e-01 C
 5.763583808813438e-01 6.353681795116087e-01 8.330624013020876e-01 C
 5.290394259348283e-01 6.222684707879996e-01 8.330731933097847e-01 C
 4.817920895313969e-01 6.091647689940536e-01 8.331047310091020e-01 C
 4.344350386083157e-01 5.965149299097539e-01 8.329749418013123e-01 C
 3.870153737702330e-01 5.842104012685969e-01 8.329555505525725e-01 C
 3.396164835212153e-01 5.720565928536003e-01 8.329186739295678e-01 C
 2.922143911334146e-01 5.600932955529545e-01 8.329493913842694e-01 C
 2.501919906767765e-01 5.353891145132317e-01 8.335169330500177e-01 C
 2.321104882653562e-01 4.902590447470858e-01 8.336031002352893e-01 C
 2.467660928048192e-01 4.437953264075526e-01 8.330482413674173e-01 C
 2.759903423560967e-01 4.045471664013434e-01 8.329993491521174e-01 C
 3.059620840217500e-01 3.657905977979961e-01 8.329192402311000e-01 C
 3.358877003211112e-01 3.270038384924506e-01 8.330545257283455e-01 C
 3.726818402876165e-01 2.947647128885432e-01 8.333208687217668e-01 C
 4.205349029754464e-01 2.852984189836546e-01 8.334674499193012e-01 C
 4.653136316647447e-01 3.048341532825796e-01 8.331865390806747e-01 C
 4.995286553186806e-01 3.399325448612499e-01 8.329519619111309e-01 C
 5.327517694165875e-01 3.760469991462584e-01 8.328741902993952e-01 C
 5.663340648266644e-01 4.117759584376957e-01 8.331124856439033e-01 C
 6.001580596045357e-01 4.473202291319681e-01 8.331429624357505e-01 C
 6.341704249612725e-01 4.826954982685558e-01 8.331197708125464e-01 C
 6.681614291670447e-01 5.181884045963788e-01 8.332864583259206e-01 C
 7.025973381233998e-01 5.532631451687424e-01 8.332626920279558e-01 C
 7.370461563181407e-01 5.882144123015519e-01 5.002074285034961e-01 C
 7.530608173754180e-01 6.341657032361925e-01 4.977547539056732e-01 C
 7.193294730555070e-01 6.686711714630814e-01 4.987184645208297e-01 C
 6.707353129238692e-01 6.625076809004040e-01 5.005220213402843e-01 C
 6.236397228345331e-01 6.487053948451104e-01 5.001242959478436e-01 C
 5.763584368574159e-01 6.353680558706312e-01 5.003240764043932e-01 C
 5.290394255914315e-01 6.222684922264392e-01 5.003169351605530e-01 C
 4.817921510456293e-01 6.091646107440121e-01 5.002825170559024e-01 C
 4.344349533493693e-01 5.965149727462109e-01 5.004105473059968e-01 C
 3.870151767036465e-01 5.842104100566348e-01 5.004285796278392e-01 C
 3.396163205747733e-01 5.720567337283350e-01 5.004664978932536e-01 C
 2.922143499867444e-01 5.600932956925666e-01 5.004354703340376e-01 C
 2.501919915145436e-01 5.353891149479798e-01 4.998680215543908e-01 C
 2.321104840396540e-01 4.902590662601412e-01 4.997817063471129e-01 C
 2.467661420395230e-01 4.437953558883556e-01 5.003361558572805e-01 C
 2.759902251873001e-01 4.045472018637091e-01 5.003838153504303e-01 C
 3.059620027037506e-01 3.657906683326595e-01 5.004615863311008e-01 C
 3.358875148649990e-01 3.270037200157604e-01 5.003274961535339e-01 C
 3.726817438086758e-01 2.947646790811163e-01 5.000610434443034e-01 C
 4.205349373714509e-01 2.852983703973129e-01 4.999145801334879e-01 C
 4.653137083553706e-01 3.048340558202320e-01 5.001955644797994e-01 C
 4.995286399256784e-01 3.399325184535850e-01 5.004317248023511e-01 C
 5.327517712618239e-01 3.760469649733713e-01 5.005103912951991e-01 C
 5.663342777681205e-01 4.117758535363352e-01 5.002706620472334e-01 C
 6.001580730228502e-01 4.473201604801316e-01 5.002346768558412e-01 C
 6.341699395862739e-01 4.826954980659887e-01 5.002535790100395e-01 C
 6.681612415001993e-01 5.181885370783772e-01 5.000976354474961e-01 C
 7.025973752768629e-01 5.532631557745274e-01 5.001227949054600e-01 C
 6.332675750049991e-01 5.400853087749620e-01 -1.014412868235033e-03 C
 6.256356493558056e-01 5.876491175626333e-01 -2.813058681638199e-03 C
 5.782297893965640e-01 5.980374301427045e-01 1.510748026024701e-04 C
 5.309219668669393e-01 5.848622993199256e-01 3.839718746707334e-05 C
 4.834957106533905e-01 5.718015473065187e-01 6.047836379006864e-05 C
 4.359637855287027e-01 5.591703308763656e-01 1.543507034535627e-04 C
 3.883555441518673e-01 5.468552793092311e-01 7.853802921410122e-05 C
 3.441524693122598e-01 5.255117313752981e-01 4.664887672747850e-05 C
 3.134086876867684e-01 4.873771060553105e-01 -1.277246263318991e-04 C
 3.086388728341897e-01 4.386592213106817e-01 -7.587345047729183e-05 C
 3.298726567055812e-01 3.945077327494447e-01 2.520537212921560e-04 C
 3.672883512275772e-01 3.628775810589144e-01 4.301934388241560e-05 C
 4.150447823553761e-01 3.520078418514866e-01 5.350213494651275e-05 C
 4.624431647061262e-01 3.642583405873655e-01 1.494575271928413e-04 C
 5.005825999104899e-01 3.950441729658942e-01 3.804896752185137e-04 C
 5.342177021289312e-01 4.309122161522532e-01 4.678986358747518e-05 C
 5.680935193435713e-01 4.666100542243666e-01 2.917953478081920e-05 C
 6.021981895437004e-01 5.020578149267857e-01 2.718098210098732e-04 C
 6.332678399923138e-01 5.400854897657263e-01 3.344123802263398e-01 C
 6.256357733689405e-01 5.876491396808826e-01 3.362059038099900e-01 C
 5.782301285389104e-01 5.980372704757240e-01 3.332366497910237e-01 C
 5.309222641050393e-01 5.848618702878364e-01 3.333450838634680e-01 C
 4.834957745851407e-01 5.718016478146507e-01 3.333226385665663e-01 C
 4.359637546178860e-01 5.591704660259549e-01 3.332282525501304e-01 C
 3.883553946527689e-01 5.468553638344154e-01 3.333030520444656e-01 C
 3.441524756535569e-01 5.255117616931563e-01 3.333361726122863e-01 C
 3.134086625337569e-01 4.873771312991199e-01 3.335110052684971e-01 C
 3.086389200013107e-01 4.386591568644881e-01 3.334615275607742e-01 C
 3.298729404097337e-01 3.945077927194157e-01 3.331363328405347e-01 C
 3.672883690944705e-01 3.628775212777838e-01 3.333467402540085e-01 C
 4.150448032228032e-01 3.520077945169122e-01 3.333367303532905e-01 C
 4.624432077249220e-01 3.642582439678217e-01 3.332422743067474e-01 C
 5.005824314532730e-01 3.950443800066508e-01 3.330125493256254e-01 C
 5.342176782043355e-01 4.309122851520057e-01 3.333455996250924e-01 C
 5.680937282816543e-01 4.666100994043472e-01 3.333672938944078e-01 C
 6.021974801505044e-01 5.020594689322384e-01 3.331325224931331e-01 C
 6.371047004105135e-01 5.649705601234202e-01 8.360124860264456e-01 C
 6.030501681078163e-01 5.989775568454140e-01 8.348061919664723e-01 C
 5.545850679156236e-01 5.914981539717610e-01 8.330214873683175e-01 C
 5.072183399321609e-01 5.782859249618566e-01 8.333395706685606e-01 C
 4.597490040022534e-01 5.654071361301924e-01 8.333140646212552e-01 C
 4.121530503394891e-01 5.530995230587572e-01 8.330121512764861e-01 C
 3.653589311541220e-01 5.380771689819390e-01 8.332560850918612e-01 C
 3.262490195059506e-01 5.085073170114520e-01 8.334495966551985e-01 C
 3.074165201943648e-01 4.633677608145879e-01 8.335270847195326e-01 C
 3.165959436628812e-01 4.152695707997983e-01 8.333533952764707e-01 C
 3.467596997634999e-01 3.765640073890740e-01 8.333158877362298e-01 C
 3.905161046965890e-01 3.545621413388211e-01 8.333312111325117e-01 C
 4.394876396400248e-01 3.552888268928935e-01 8.333217680479819e-01 C
 4.829347036595663e-01 3.779036419856330e-01 8.332829715818785e-01 C
 5.173847190430666e-01 4.129772019477213e-01 8.331602452439973e-01 C
 5.511222238592056e-01 4.487912908746964e-01 8.333748934181334e-01 C
 5.851089252302546e-01 4.843801414211534e-01 8.333697318979781e-01 C
 6.191590366247194e-01 5.197682335157694e-01 8.330621917407632e-01 C
 6.371048800239678e-01 5.649707063398635e-01 4.973820135508926e-01 C
 6.030502646837336e-01 5.989775664362297e-01 4.985841697346360e-01 C
 5.545853420185243e-01 5.914977934731747e-01 5.003623577195115e-01 C
 5.072184585845774e-01 5.782857868175973e-01 5.000431355362489e-01 C
 4.597490112634121e-01 5.654071978448456e-01 5.000694924710066e-01 C
 4.121530089766784e-01 5.530994489310737e-01 5.003687867008896e-01 C
 3.653589101275526e-01 5.380772016678792e-01 5.001255480388209e-01 C
 3.262490502820867e-01 5.085073476440084e-01 4.999327899262674e-01 C
 3.074165450922942e-01 4.633677706521996e-01 4.998580853944498e-01 C
 3.165960495894172e-01 4.152696333275619e-01 5.000329767743881e-01 C
 3.467597489261387e-01 3.765640746217150e-01 5.000734374721134e-01 C
 3.905161134792040e-01 3.545621463404352e-01 5.000583763821518e-01 C
 4.394876076289268e-01 3.552888159808448e-01 5.000694432303272e-01 C
 4.829347892224281e-01 3.779034602326456e-01 5.001091303457211e-01 C
 5.173847926090914e-01 4.129771884179333e-01 5.002319201854879e-01 C
 5.511222025048697e-01 4.487912719108064e-01 5.000188925396059e-01 C
 5.851090738209284e-01 4.843802082640868e-01 5.000291296964172e-01 C
 6.191593301829935e-01 5.197687730498805e-01 5.003389096513106e-01 C
 4.952779924352649e-01 4.815841891408457e-01 -1.223899117114815e-03 C
 4.623714511349497e-01 5.175288498439324e-01 -9.785353445583079e-04 C
 4.134868042239656e-01 5.157466258887716e-01 6.590263791615230e-05 C
 3.745344721436175e-01 4.860874303080803e-01 -5.717962079974202e-04 C
 3.667073414731540e-01 4.378339644448198e-01 -1.061665949246874e-03 C
 3.993139951608896e-01 4.015264078270009e-01 -9.174615819108258e-04 C
 4.482186402919063e-01 4.024591253627095e-01 -3.279154121898213e-04 C
 4.861993182927646e-01 4.336190235858505e-01 -3.061020592380935e-04 C
 4.952780517106530e-01 4.815842236743323e-01 3.346250519595270e-01 C
 4.623715596447187e-01 5.175288273879970e-01 3.343817228069460e-01 C
 4.134873086473343e-01 5.157457940682427e-01 3.333389779042540e-01 C
 3.745344826104478e-01 4.860873532908550e-01 3.339749020394544e-01 C
 3.667072963234136e-01 4.378339403278112e-01 3.344637535389396e-01 C
 3.993139721093670e-01 4.015263542170901e-01 3.343178845055620e-01 C
 4.482186081382714e-01 4.024592301951729e-01 3.337266117039188e-01 C
 4.861992075034868e-01 4.336191222438935e-01 3.337047989175079e-01 C
 4.832166197788960e-01 5.035944274471611e-01 8.346795368085071e-01 C
 4.376832275032318e-01 5.211457761136098e-01 8.338339144103923e-01 C
 3.915718650862753e-01 5.042071044813438e-01 8.336714567306414e-01 C
 3.654748640386015e-01 4.628327360068264e-01 8.342497435645666e-01 C
 3.787770189238718e-01 4.158640837471445e-01 8.344951165679655e-01 C
 4.239031402290825e-01 3.971241781654538e-01 8.340329160787852e-01 C
 4.692983324892294e-01 4.155024164325340e-01 8.333872217210920e-01 C
 4.959525526984025e-01 4.565452741589634e-01 8.342562735090231e-01 C
 4.832167610255290e-01 5.035944793414912e-01 4.987230400730316e-01 C
 4.376834191762062e-01 5.211455151109549e-01 4.995701944173288e-01 C
 3.915720621610036e-01 5.042067910931702e-01 4.997325574598740e-01 C
 3.654747975956593e-01 4.628326796707669e-01 4.991530520838164e-01 C
 3.787770026064955e-01 4.158640306556416e-01 4.989057443053928e-01 C
 4.239031401852166e-01 3.971241832834649e-01 4.993669354564321e-01 C
 4.692982899141008e-01 4.155025581898183e-01 5.000110428655932e-01 C
 4.959525777829150e-01 4.565452501221892e-01 4.991433839750815e-01 C
