 C
 AIREBO 
 176
 1.024875e+01
 4.878643737041103e+00 0.000000000000000e+00 0.000000000000000e+00
 0.000000000000000e+00 4.878643737041103e+00 0.000000000000000e+00
 0.000000000000000e+00 0.000000000000000e+00 4.156604463959019e-01
 fra
 8.437327565183615e-01 5.225294351452406e-01 0.000000000000000e+00 C
 8.370277797596288e-01 5.712183896333661e-01 0.000000000000000e+00 C
 8.234618893128490e-01 6.184575430854324e-01 0.000000000000000e+00 C
 8.033112475867209e-01 6.632852425636248e-01 0.000000000000000e+00 C
 7.769860635371363e-01 7.047889253789775e-01 0.000000000000000e+00 C
 7.450222419957827e-01 7.421236962361077e-01 0.000000000000000e+00 C
 7.080704741931928e-01 7.745295268649526e-01 0.000000000000000e+00 C
 6.668829915617283e-01 8.013467280046076e-01 0.000000000000000e+00 C
 6.222982524728742e-01 8.220293787742913e-01 0.000000000000000e+00 C
 5.752238736427089e-01 8.361564400481726e-01 0.000000000000000e+00 C
 5.266181536729161e-01 8.434403255977957e-01 0.000000000000000e+00 C
 4.774705648547596e-01 8.437327565183615e-01 0.000000000000000e+00 C
 4.287816103666340e-01 8.370277797596288e-01 0.000000000000000e+00 C
 3.815424569145676e-01 8.234618893128490e-01 0.000000000000000e+00 C
 3.367147574363752e-01 8.033112475867209e-01 0.000000000000000e+00 C
 2.952110746210225e-01 7.769860635371363e-01 0.000000000000000e+00 C
 2.578763037638925e-01 7.450222419957828e-01 0.000000000000000e+00 C
 2.254704731350474e-01 7.080704741931928e-01 0.000000000000000e+00 C
 1.986532719953924e-01 6.668829915617284e-01 0.000000000000000e+00 C
 1.779706212257087e-01 6.222982524728742e-01 0.000000000000000e+00 C
 1.638435599518274e-01 5.752238736427087e-01 0.000000000000000e+00 C
 1.565596744022044e-01 5.266181536729163e-01 0.000000000000000e+00 C
 1.562672434816384e-01 4.774705648547595e-01 0.000000000000000e+00 C
 1.629722202403711e-01 4.287816103666340e-01 0.000000000000000e+00 C
 1.765381106871510e-01 3.815424569145676e-01 0.000000000000000e+00 C
 1.966887524132790e-01 3.367147574363755e-01 0.000000000000000e+00 C
 2.230139364628638e-01 2.952110746210226e-01 0.000000000000000e+00 C
 2.549777580042172e-01 2.578763037638924e-01 0.000000000000000e+00 C
 2.919295258068071e-01 2.254704731350474e-01 0.000000000000000e+00 C
 3.331170084382719e-01 1.986532719953923e-01 0.000000000000000e+00 C
 3.777017475271262e-01 1.779706212257086e-01 0.000000000000000e+00 C
 4.247761263572913e-01 1.638435599518274e-01 0.000000000000000e+00 C
 4.733818463270840e-01 1.565596744022044e-01 0.000000000000000e+00 C
 5.225294351452406e-01 1.562672434816384e-01 0.000000000000000e+00 C
 5.712183896333665e-01 1.629722202403712e-01 0.000000000000000e+00 C
 6.184575430854328e-01 1.765381106871511e-01 0.000000000000000e+00 C
 6.632852425636248e-01 1.966887524132792e-01 0.000000000000000e+00 C
 7.047889253789774e-01 2.230139364628638e-01 0.000000000000000e+00 C
 7.421236962361076e-01 2.549777580042172e-01 0.000000000000000e+00 C
 7.745295268649525e-01 2.919295258068071e-01 0.000000000000000e+00 C
 8.013467280046078e-01 3.331170084382721e-01 0.000000000000000e+00 C
 8.220293787742913e-01 3.777017475271258e-01 0.000000000000000e+00 C
 8.361564400481726e-01 4.247761263572911e-01 0.000000000000000e+00 C
 8.434403255977957e-01 4.733818463270843e-01 0.000000000000000e+00 C
 8.437327565183615e-01 5.225294351452406e-01 3.333333333333334e-01 C
 8.370277797596288e-01 5.712183896333661e-01 3.333333333333334e-01 C
 8.234618893128490e-01 6.184575430854324e-01 3.333333333333334e-01 C
 8.033112475867209e-01 6.632852425636248e-01 3.333333333333334e-01 C
 7.769860635371363e-01 7.047889253789775e-01 3.333333333333334e-01 C
 7.450222419957827e-01 7.421236962361077e-01 3.333333333333334e-01 C
 7.080704741931928e-01 7.745295268649526e-01 3.333333333333334e-01 C
 6.668829915617283e-01 8.013467280046076e-01 3.333333333333334e-01 C
 6.222982524728742e-01 8.220293787742913e-01 3.333333333333334e-01 C
 5.752238736427089e-01 8.361564400481726e-01 3.333333333333334e-01 C
 5.266181536729161e-01 8.434403255977957e-01 3.333333333333334e-01 C
 4.774705648547596e-01 8.437327565183615e-01 3.333333333333334e-01 C
 4.287816103666340e-01 8.370277797596288e-01 3.333333333333334e-01 C
 3.815424569145676e-01 8.234618893128490e-01 3.333333333333334e-01 C
 3.367147574363752e-01 8.033112475867209e-01 3.333333333333334e-01 C
 2.952110746210225e-01 7.769860635371363e-01 3.333333333333334e-01 C
 2.578763037638925e-01 7.450222419957828e-01 3.333333333333334e-01 C
 2.254704731350474e-01 7.080704741931928e-01 3.333333333333334e-01 C
 1.986532719953924e-01 6.668829915617284e-01 3.333333333333334e-01 C
 1.779706212257087e-01 6.222982524728742e-01 3.333333333333334e-01 C
 1.638435599518274e-01 5.752238736427087e-01 3.333333333333334e-01 C
 1.565596744022044e-01 5.266181536729163e-01 3.333333333333334e-01 C
 1.562672434816384e-01 4.774705648547595e-01 3.333333333333334e-01 C
 1.629722202403711e-01 4.287816103666340e-01 3.333333333333334e-01 C
 1.765381106871510e-01 3.815424569145676e-01 3.333333333333334e-01 C
 1.966887524132790e-01 3.367147574363755e-01 3.333333333333334e-01 C
 2.230139364628638e-01 2.952110746210226e-01 3.333333333333334e-01 C
 2.549777580042172e-01 2.578763037638924e-01 3.333333333333334e-01 C
 2.919295258068071e-01 2.254704731350474e-01 3.333333333333334e-01 C
 3.331170084382719e-01 1.986532719953923e-01 3.333333333333334e-01 C
 3.777017475271262e-01 1.779706212257086e-01 3.333333333333334e-01 C
 4.247761263572913e-01 1.638435599518274e-01 3.333333333333334e-01 C
 4.733818463270840e-01 1.565596744022044e-01 3.333333333333334e-01 C
 5.225294351452406e-01 1.562672434816384e-01 3.333333333333334e-01 C
 5.712183896333665e-01 1.629722202403712e-01 3.333333333333334e-01 C
 6.184575430854328e-01 1.765381106871511e-01 3.333333333333334e-01 C
 6.632852425636248e-01 1.966887524132792e-01 3.333333333333334e-01 C
 7.047889253789774e-01 2.230139364628638e-01 3.333333333333334e-01 C
 7.421236962361076e-01 2.549777580042172e-01 3.333333333333334e-01 C
 7.745295268649525e-01 2.919295258068071e-01 3.333333333333334e-01 C
 8.013467280046078e-01 3.331170084382721e-01 3.333333333333334e-01 C
 8.220293787742913e-01 3.777017475271258e-01 3.333333333333334e-01 C
 8.361564400481726e-01 4.247761263572911e-01 3.333333333333334e-01 C
 8.434403255977957e-01 4.733818463270843e-01 3.333333333333334e-01 C
 8.412497333488498e-01 5.469936468154353e-01 8.333333333333333e-01 C
 8.310884098584316e-01 5.950802198624406e-01 8.333333333333333e-01 C
 8.141870811234264e-01 6.412312338217590e-01 8.333333333333333e-01 C
 7.908898094574713e-01 6.845071871377125e-01 8.333333333333333e-01 C
 7.616708601279017e-01 7.240271061983325e-01 8.333333333333333e-01 C
 7.271250466825758e-01 7.589864794175800e-01 8.333333333333333e-01 C
 6.879556222613409e-01 7.886736347712188e-01 8.333333333333333e-01 C
 6.449599633901211e-01 8.124842273869347e-01 8.333333333333333e-01 C
 5.990133376942928e-01 8.299335422631515e-01 8.333333333333333e-01 C
 5.510510859738962e-01 8.406663616686578e-01 8.333333333333333e-01 C
 5.020495813622458e-01 8.444641963512528e-01 8.333333333333333e-01 C
 4.530063531845648e-01 8.412497333488498e-01 8.333333333333333e-01 C
 4.049197801375595e-01 8.310884098584317e-01 8.333333333333333e-01 C
 3.587687661782411e-01 8.141870811234264e-01 8.333333333333333e-01 C
 3.154928128622875e-01 7.908898094574713e-01 8.333333333333333e-01 C
 2.759728938016676e-01 7.616708601279017e-01 8.333333333333333e-01 C
 2.410135205824200e-01 7.271250466825758e-01 8.333333333333333e-01 C
 2.113263652287813e-01 6.879556222613409e-01 8.333333333333333e-01 C
 1.875157726130652e-01 6.449599633901211e-01 8.333333333333333e-01 C
 1.700664577368485e-01 5.990133376942929e-01 8.333333333333333e-01 C
 1.593336383313423e-01 5.510510859738963e-01 8.333333333333333e-01 C
 1.555358036487473e-01 5.020495813622460e-01 8.333333333333333e-01 C
 1.587502666511504e-01 4.530063531845650e-01 8.333333333333333e-01 C
 1.689115901415684e-01 4.049197801375595e-01 8.333333333333333e-01 C
 1.858129188765736e-01 3.587687661782412e-01 8.333333333333333e-01 C
 2.091101905425287e-01 3.154928128622875e-01 8.333333333333333e-01 C
 2.383291398720983e-01 2.759728938016676e-01 8.333333333333333e-01 C
 2.728749533174242e-01 2.410135205824200e-01 8.333333333333333e-01 C
 3.120443777386591e-01 2.113263652287813e-01 8.333333333333333e-01 C
 3.550400366098790e-01 1.875157726130652e-01 8.333333333333333e-01 C
 4.009866623057075e-01 1.700664577368484e-01 8.333333333333333e-01 C
 4.489489140261039e-01 1.593336383313423e-01 8.333333333333333e-01 C
 4.979504186377545e-01 1.555358036487473e-01 8.333333333333333e-01 C
 5.469936468154352e-01 1.587502666511504e-01 8.333333333333333e-01 C
 5.950802198624412e-01 1.689115901415686e-01 8.333333333333333e-01 C
 6.412312338217591e-01 1.858129188765737e-01 8.333333333333333e-01 C
 6.845071871377124e-01 2.091101905425286e-01 8.333333333333333e-01 C
 7.240271061983328e-01 2.383291398720985e-01 8.333333333333333e-01 C
 7.589864794175804e-01 2.728749533174245e-01 8.333333333333333e-01 C
 7.886736347712188e-01 3.120443777386594e-01 8.333333333333333e-01 C
 8.124842273869349e-01 3.550400366098790e-01 8.333333333333333e-01 C
 8.299335422631515e-01 4.009866623057072e-01 8.333333333333333e-01 C
 8.406663616686576e-01 4.489489140261036e-01 8.333333333333333e-01 C
 8.444641963512528e-01 4.979504186377547e-01 8.333333333333333e-01 C
 8.412497333488498e-01 5.469936468154353e-01 5.000000000000000e-01 C
 8.310884098584316e-01 5.950802198624406e-01 5.000000000000000e-01 C
 8.141870811234264e-01 6.412312338217590e-01 5.000000000000000e-01 C
 7.908898094574713e-01 6.845071871377125e-01 5.000000000000000e-01 C
 7.616708601279017e-01 7.240271061983325e-01 5.000000000000000e-01 C
 7.271250466825758e-01 7.589864794175800e-01 5.000000000000000e-01 C
 6.879556222613409e-01 7.886736347712188e-01 5.000000000000000e-01 C
 6.449599633901211e-01 8.124842273869347e-01 5.000000000000000e-01 C
 5.990133376942928e-01 8.299335422631515e-01 5.000000000000000e-01 C
 5.510510859738962e-01 8.406663616686578e-01 5.000000000000000e-01 C
 5.020495813622458e-01 8.444641963512528e-01 5.000000000000000e-01 C
 4.530063531845648e-01 8.412497333488498e-01 5.000000000000000e-01 C
 4.049197801375595e-01 8.310884098584317e-01 5.000000000000000e-01 C
 3.587687661782411e-01 8.141870811234264e-01 5.000000000000000e-01 C
 3.154928128622875e-01 7.908898094574713e-01 5.000000000000000e-01 C
 2.759728938016676e-01 7.616708601279017e-01 5.000000000000000e-01 C
 2.410135205824200e-01 7.271250466825758e-01 5.000000000000000e-01 C
 2.113263652287813e-01 6.879556222613409e-01 5.000000000000000e-01 C
 1.875157726130652e-01 6.449599633901211e-01 5.000000000000000e-01 C
 1.700664577368485e-01 5.990133376942929e-01 5.000000000000000e-01 C
 1.593336383313423e-01 5.510510859738963e-01 5.000000000000000e-01 C
 1.555358036487473e-01 5.020495813622460e-01 5.000000000000000e-01 C
 1.587502666511504e-01 4.530063531845650e-01 5.000000000000000e-01 C
 1.689115901415684e-01 4.049197801375595e-01 5.000000000000000e-01 C
 1.858129188765736e-01 3.587687661782412e-01 5.000000000000000e-01 C
 2.091101905425287e-01 3.154928128622875e-01 5.000000000000000e-01 C
 2.383291398720983e-01 2.759728938016676e-01 5.000000000000000e-01 C
 2.728749533174242e-01 2.410135205824200e-01 5.000000000000000e-01 C
 3.120443777386591e-01 2.113263652287813e-01 5.000000000000000e-01 C
 3.550400366098790e-01 1.875157726130652e-01 5.000000000000000e-01 C
 4.009866623057075e-01 1.700664577368484e-01 5.000000000000000e-01 C
 4.489489140261039e-01 1.593336383313423e-01 5.000000000000000e-01 C
 4.979504186377545e-01 1.555358036487473e-01 5.000000000000000e-01 C
 5.469936468154352e-01 1.587502666511504e-01 5.000000000000000e-01 C
 5.950802198624412e-01 1.689115901415686e-01 5.000000000000000e-01 C
 6.412312338217591e-01 1.858129188765737e-01 5.000000000000000e-01 C
 6.845071871377124e-01 2.091101905425286e-01 5.000000000000000e-01 C
 7.240271061983328e-01 2.383291398720985e-01 5.000000000000000e-01 C
 7.589864794175804e-01 2.728749533174245e-01 5.000000000000000e-01 C
 7.886736347712188e-01 3.120443777386594e-01 5.000000000000000e-01 C
 8.124842273869349e-01 3.550400366098790e-01 5.000000000000000e-01 C
 8.299335422631515e-01 4.009866623057072e-01 5.000000000000000e-01 C
 8.406663616686576e-01 4.489489140261036e-01 5.000000000000000e-01 C
 8.444641963512528e-01 4.979504186377547e-01 5.000000000000000e-01 C
