 C
 AIREBO 
 100
 1.024875e+01
 4.878643737041103e+00 0.000000000000000e+00 0.000000000000000e+00
 0.000000000000000e+00 4.878643737041103e+00 0.000000000000000e+00
 0.000000000000000e+00 0.000000000000000e+00 2.399816706181540e-01
 fra
 8.382742037019912e-01 5.221716626916958e-01 1.000000000000000e-02 C
 8.328279643895465e-01 5.643938322903778e-01 5.100000000000000e-01 C
 7.857506644279052e-01 6.823940166116785e-01 9.999999999999792e-03 C
 7.606374032045816e-01 7.167698400781413e-01 5.099999999999999e-01 C
 6.625362284283004e-01 7.974945276219950e-01 9.999999999999580e-03 C
 6.239686306053750e-01 8.155198854946524e-01 5.099999999999997e-01 C
 4.991125010138047e-01 8.389988670516172e-01 9.999999999999161e-03 C
 4.566316750261791e-01 8.362145266131367e-01 5.099999999999997e-01 C
 3.359083289914295e-01 7.966394158272727e-01 9.999999999999161e-03 C
 3.000234636408800e-01 7.737341857031016e-01 5.099999999999997e-01 C
 2.132982440974544e-01 6.808953362558795e-01 1.000000000000000e-02 C
 1.928867756467582e-01 6.435356643628543e-01 5.099999999999997e-01 C
 1.616143432531590e-01 5.204001672723438e-01 9.999999999998319e-03 C
 1.617257962980088e-01 4.778283373083046e-01 5.099999999999989e-01 C
 1.936425330259721e-01 3.548582694536545e-01 9.999999999998319e-03 C
 2.142493355720948e-01 3.176059833883215e-01 5.099999999999989e-01 C
 3.014594671655252e-01 2.252224966658780e-01 9.999999999998319e-03 C
 3.374637715716997e-01 2.025054723780050e-01 5.099999999999989e-01 C
 4.583926766093915e-01 1.635630071514135e-01 1.000000000000000e-02 C
 5.008874989861953e-01 1.610011329483828e-01 5.099999999999989e-01 C
 6.256189819826036e-01 1.851335348399502e-01 1.000000000000000e-02 C
 6.640916710085706e-01 2.033605841727273e-01 5.100000000000006e-01 C
 7.617688294939389e-01 2.845978193654862e-01 9.999999999996638e-03 C
 7.867017559025457e-01 3.191046637441206e-01 5.099999999999989e-01 C
 8.331605658430000e-01 4.373497255879705e-01 9.999999999996638e-03 C
 8.383856567468411e-01 4.795998327276561e-01 5.099999999999989e-01 C
 8.121666442750237e-01 6.321854973845518e-01 9.999999999999792e-03 C
 7.931378812277463e-01 6.702680301936869e-01 5.099999999999999e-01 C
 7.098728666371094e-01 7.662224621744992e-01 1.000000000000000e-02 C
 6.748514343659084e-01 7.904272635564970e-01 5.099999999999997e-01 C
 5.556593457130841e-01 8.343995465779253e-01 9.999999999999161e-03 C
 5.133090786724471e-01 8.387386720491494e-01 5.099999999999989e-01 C
 3.876764462733833e-01 8.198506507652507e-01 9.999999999999161e-03 C
 3.484742347258810e-01 8.032506586552174e-01 5.099999999999989e-01 C
 2.474808933731158e-01 7.261749771860071e-01 9.999999999999161e-03 C
 2.211248407106149e-01 6.927424837653875e-01 5.099999999999997e-01 C
 1.697551937749221e-01 5.765466359684821e-01 1.000000000000000e-02 C
 1.627654353069498e-01 5.345523934484929e-01 5.099999999999989e-01 C
 1.737276471372301e-01 4.079816796821268e-01 1.000000000000000e-02 C
 1.878333557249761e-01 3.678145026154486e-01 5.099999999999989e-01 C
 2.584155215705301e-01 2.621808264695810e-01 1.000000000000000e-02 C
 2.901271333628903e-01 2.337775378255011e-01 5.099999999999989e-01 C
 4.028681683774557e-01 1.752132595034393e-01 1.000000000000000e-02 C
 4.443406542869159e-01 1.656004534220748e-01 5.100000000000006e-01 C
 5.713499326380074e-01 1.685935929568012e-01 1.000000000000000e-02 C
 6.123235537266166e-01 1.801493492347492e-01 5.100000000000006e-01 C
 7.221806768052749e-01 2.439594438939789e-01 9.999999999996638e-03 C
 7.525191066268839e-01 2.738250228139925e-01 5.099999999999955e-01 C
 8.180468898842511e-01 3.826663076874952e-01 9.999999999996638e-03 C
 8.302448062250778e-01 4.234533640315176e-01 5.099999999999955e-01 C
 8.352325515402138e-01 5.503999593707025e-01 1.000000000000000e-02 C
 8.262723528627698e-01 5.920183203178736e-01 5.100000000000000e-01 C
 7.694861586814251e-01 7.056653344534766e-01 9.999999999999792e-03 C
 7.415844784294697e-01 7.378191735304193e-01 5.099999999999999e-01 C
 6.370724905235731e-01 8.100518534993711e-01 9.999999999999580e-03 C
 5.971318316225442e-01 8.247867404965608e-01 5.099999999999997e-01 C
 4.707489195106875e-01 8.377356863094844e-01 9.999999999999161e-03 C
 4.286500673619927e-01 8.314064070431989e-01 5.099999999999997e-01 C
 3.116616750138564e-01 7.818682225050286e-01 9.999999999999161e-03 C
 2.778193231947249e-01 7.560405561060209e-01 5.099999999999997e-01 C
 1.991668159020529e-01 6.562703262370090e-01 1.000000000000000e-02 C
 1.819531101157488e-01 6.173336923125048e-01 5.099999999999997e-01 C
 1.610940673783508e-01 4.920132390432214e-01 9.999999999998319e-03 C
 1.647674484597862e-01 4.496000406292979e-01 5.099999999999989e-01 C
 2.068621187722536e-01 3.297319698063134e-01 9.999999999998319e-03 C
 2.305138413185747e-01 2.943346655465238e-01 5.099999999999989e-01 C
 3.251485656340917e-01 2.095727364435030e-01 9.999999999998319e-03 C
 3.629275094764270e-01 1.899481465006288e-01 5.099999999999989e-01 C
 4.866909213275529e-01 1.612613279508507e-01 1.000000000000000e-02 C
 5.292510804893122e-01 1.622643136905158e-01 5.099999999999989e-01 C
 6.515257652741189e-01 1.967493413447826e-01 1.000000000000000e-02 C
 6.883383249861438e-01 2.181317774949715e-01 5.100000000000006e-01 C
 7.788751592893851e-01 3.072575162346126e-01 9.999999999996638e-03 C
 8.008331840979471e-01 3.437296737629909e-01 5.099999999999989e-01 C
 8.372345646930504e-01 4.654476065515075e-01 9.999999999996638e-03 C
 8.389059326216493e-01 5.079867609567787e-01 5.099999999999989e-01 C
 8.221328292568900e-01 6.056004726868297e-01 9.999999999999792e-03 C
 8.063574669740278e-01 6.451417305463457e-01 5.099999999999999e-01 C
 7.314137344354841e-01 7.477270736745457e-01 9.999999999999580e-03 C
 6.985405328344747e-01 7.747775033341221e-01 5.100000000000001e-01 C
 5.834459734225326e-01 8.285693062906160e-01 9.999999999999161e-03 C
 5.416073233906087e-01 8.364369928485865e-01 5.099999999999997e-01 C
 4.148347934303721e-01 8.281278822451441e-01 1.000000000000000e-02 C
 3.743810180173968e-01 8.148664651600499e-01 5.099999999999997e-01 C
 2.672923477289063e-01 7.465120039495162e-01 1.000000000000000e-02 C
 2.382311705060612e-01 7.154021806345138e-01 5.099999999999997e-01 C
 1.773186662046601e-01 6.039123492987767e-01 9.999999999998319e-03 C
 1.668394341569999e-01 5.626502744120290e-01 5.099999999999989e-01 C
 1.671720356104534e-01 4.356061677096225e-01 9.999999999998319e-03 C
 1.778671707431098e-01 3.943995273131709e-01 5.099999999999989e-01 C
 2.393625967954184e-01 2.832301599218589e-01 9.999999999998319e-03 C
 2.685862655645160e-01 2.522729263254543e-01 5.099999999999989e-01 C
 3.760313693946251e-01 1.844801145053475e-01 9.999999999998319e-03 C
 4.165540265774675e-01 1.714306937093842e-01 5.099999999999989e-01 C
 5.433683249738214e-01 1.637854733868633e-01 9.999999999998319e-03 C
 5.851652065696280e-01 1.718721177548559e-01 5.100000000000006e-01 C
 6.999765363591199e-01 2.262658142968984e-01 1.000000000000000e-02 C
 7.327076522710935e-01 2.534879960504836e-01 5.099999999999989e-01 C
 8.071132243532418e-01 3.564643356371459e-01 1.000000000000000e-02 C
 8.226813337953399e-01 3.960876507012233e-01 5.099999999999989e-01 C
