#F A 1 1 1 3 3 1
#C number type mass x y z fx fy fz Epot
#X 	8.7550000000000008e+00 0.0000000000000000e+00 0.0000000000000000e+00
#Y 	0.0000000000000000e+00 8.7550000000000008e+00 0.0000000000000000e+00
#Z 	0.0000000000000000e+00 0.0000000000000000e+00 1.2093999999999999e+01
## Epot=  -7.075848e+00
## Generated on Fri Aug 30 17:58:54 2013
## by imd_nve_stress_writef_hpo_eam_adp_nbl (version of 2009/02/13)
#E
0 1    55.845000     1.216950     7.538050     0.000000 7.242375e-01 -7.241293e-01 -3.673092e-02    -6.106816
1 1    55.845000     2.363270     2.312800     0.217310 2.923510e-01 2.891602e-01 9.351083e-01    -6.394436
2 1    55.845000     5.609590     5.657770     6.133600 6.012190e-01 8.584572e-01 2.336107e-01    -6.405845
3 1    55.845000     6.730070     2.049660     6.036220 3.748042e-01 -3.646177e-01 -2.580593e-01    -6.424761
4 1    55.845000     7.480770     1.204950    12.015680 -8.391691e-01 8.377088e-01 -3.686024e-01    -6.134227
5 1    55.845000     6.413700     6.405930     0.039740 -3.161941e-01 -7.236787e-01 4.154541e-01    -6.305375
6 1    55.845000     3.132930     3.233080     6.334580 -7.924396e-01 -4.291779e-01 9.927167e-01    -6.315362
7 1    55.845000     2.061570     6.629420     6.179970 1.472371e-02 2.256705e-01 3.550529e-01    -6.424008
8 1    55.845000     0.124610     4.430710     0.217870 3.296222e-01 1.283695e-02 -1.140779e+00    -6.839601
9 1    55.845000     0.411180     3.190420     2.145450 -1.377771e-01 -1.036594e+00 3.768496e-02    -7.486636
10 1    55.845000     0.879550     0.644620     2.646620 -5.752645e-01 1.846211e+00 -2.833577e+00    -7.357962
11 1    55.845000     2.086190     4.979840     1.720570 -1.087671e+00 -2.756274e-01 -3.350138e-01    -7.562668
12 1    55.845000     2.716310     2.975280     3.091540 5.787379e-01 -9.218671e-01 -5.829602e-01    -7.157378
13 1    55.845000     4.382590     4.375910     1.360720 -6.425298e-01 2.450751e-01 1.692419e+00    -7.434546
14 1    55.845000     0.028550     8.735930     7.369670 -1.148137e+00 -2.946612e+00 2.004781e+00    -6.970621
15 1    55.845000     0.040310     4.376950     5.904950 2.072858e-01 -9.704353e-02 7.936098e-01    -6.908707
16 1    55.845000     0.900130     2.274260     7.550470 -2.017657e+00 1.746183e+01 1.799818e+01    -4.174656
17 1    55.845000     3.065960     0.613910     2.067470 4.487776e-01 -2.248954e-01 -3.008430e-01    -7.357948
18 1    55.845000     4.360400     0.002470     0.049540 -4.896941e-03 -2.497688e-01 1.583631e-02    -6.836757
19 1    55.845000     4.327590     0.012520     5.944800 2.306027e-01 5.224432e-01 1.392665e+00    -6.897115
20 1    55.845000     4.755170     1.135030     8.114940 1.519673e-01 1.232454e+00 -9.082430e-01    -7.678015
21 1    55.845000     4.912650     2.031650     1.541800 -6.926924e-01 -1.749507e+00 8.758562e-01    -7.426823
22 1    55.845000     5.284790     3.509190     8.798750 -7.271371e-02 -7.638771e-02 -1.272141e+00    -7.397683
23 1    55.845000     6.452950     8.108730     7.542350 -3.136589e+00 1.676581e+00 1.989192e+00    -7.330156
24 1    55.845000     7.011630     1.715020     8.844350 5.385764e-01 -4.815762e-01 2.768872e-01    -7.144837
25 1    55.845000     7.513670     4.066420     8.186350 4.178314e-02 -2.438096e-01 -1.262382e-01    -7.460157
26 1    55.845000     8.368830     5.567370     2.090960 -3.120843e-01 8.348347e-01 4.768220e-01    -7.554208
27 1    55.845000     8.202610     6.291060     7.600510 1.254108e+00 -1.704758e+00 1.568917e+00    -7.481695
28 1    55.845000     7.994940     7.923510     2.722490 -6.997196e-01 -1.197304e+00 -2.076148e+00    -7.450367
29 1    55.845000     6.701260     3.788860     1.751790 2.978993e+00 6.780600e-01 7.464186e-01    -7.423097
30 1    55.845000     6.000000     5.894870     2.904630 -2.729106e-01 8.729713e-01 -4.060439e-01    -7.214116
31 1    55.845000     5.856940     8.483190     2.273640 -8.159982e-01 -1.896744e-01 -1.280612e+00    -7.156384
32 1    55.845000     4.002220     7.486370     8.181250 -1.365272e-01 -1.825705e-01 -8.541985e-01    -7.685919
33 1    55.845000     3.709850     6.660810     1.589120 9.262321e-01 2.493670e+00 1.616796e+00    -7.087480
34 1    55.845000     3.533150     5.264550     8.563050 -1.930137e-01 -4.373849e-01 -1.212569e+00    -7.546939
35 1    55.845000     2.503600     0.536680     7.553970 2.460342e+00 -2.099266e+00 7.197202e-01    -7.373825
36 1    55.845000     1.614150     7.335400     9.030140 1.051190e-01 -2.980427e-01 -1.308176e-01    -7.148511
37 1    55.845000     1.174160     4.664670     8.310280 2.087257e-01 2.988554e-01 -6.743519e-01    -7.621945
38 1    55.845000     0.300470     3.135850     9.991850 4.396482e-01 4.338930e-01 1.390329e-01    -7.452481
39 1    55.845000     0.896300     1.052910     9.596640 1.352382e-01 -1.255884e+00 3.451448e-01    -7.409289
40 1    55.845000     2.112520     4.973200    10.537750 -4.976135e+00 -2.123528e+00 -2.739836e+00    -6.912112
41 1    55.845000     2.640550     2.767370     8.916110 1.169474e+00 2.786000e-02 2.588084e-01    -7.263826
42 1    55.845000     4.401400     4.439920    10.590260 2.316084e+00 -1.850025e+00 -8.401573e-01    -7.097782
43 1    55.845000     8.717300     8.751230     4.597360 -1.616255e-01 6.513946e-01 1.763595e+00    -7.506830
44 1    55.845000     0.627180     2.326350     4.562060 -8.845742e-01 1.554892e+00 -1.362192e+00    -7.435037
45 1    55.845000     3.291640     0.484900     9.814870 -1.465562e+00 -1.146611e-01 8.345617e-01    -7.545200
46 1    55.845000     4.800980     1.024760     3.857100 -4.535692e-01 1.191844e+00 -1.647325e-01    -7.415289
47 1    55.845000     5.027840     1.958530    10.609600 -8.043328e-03 -7.071673e-01 -2.929446e-01    -7.310143
48 1    55.845000     5.279170     3.654410     3.431440 -1.612002e+00 -1.116930e+00 1.604923e+00    -7.448274
49 1    55.845000     6.354590     8.177320     4.537880 -1.649541e+00 4.401219e-01 -8.446528e-01    -7.379710
50 1    55.845000     7.147840     1.724240     3.216780 1.758066e-01 -1.758132e-01 3.933478e-01    -7.159278
51 1    55.845000     7.384620     4.132480     3.964370 1.168207e+00 -2.882794e-01 7.103606e-01    -7.554314
52 1    55.845000     8.420490     5.610990     9.975060 -7.613332e-02 4.930542e-01 3.981026e-01    -7.467060
53 1    55.845000     8.124140     6.330560     4.523710 1.235875e+00 -2.150390e+00 -2.434509e+00    -7.255204
54 1    55.845000     7.983130     8.029860     9.368060 -3.808617e-01 4.792248e-02 1.371526e+00    -7.367952
55 1    55.845000     7.025550     3.750010    10.745500 1.154492e+00 6.126634e-01 -1.993014e+00    -7.111610
56 1    55.845000     6.002920     6.148470     8.906480 1.680906e-01 -5.498805e-01 2.211848e-01    -7.118730
57 1    55.845000     5.409460     8.470450     9.778980 1.644411e+00 -8.522598e-01 9.457677e-01    -7.527174
58 1    55.845000     3.829900     7.469990     4.334070 -3.662044e-01 -5.471129e-01 -8.818511e-01    -7.246175
59 1    55.845000     3.657840     6.664600    10.534710 1.585019e+00 5.784898e+00 -3.521417e+00    -6.809867
60 1    55.845000     3.597380     5.314480     3.704090 -1.682438e-02 -3.371357e-01 1.636893e-01    -7.480674
61 1    55.845000     2.174490     0.611390     4.356410 2.495172e+00 -1.754648e-01 1.280621e+00    -7.393625
62 1    55.845000     1.575520     7.209730     3.163020 5.053414e-01 -1.058814e+00 2.334615e-01    -7.197985
63 1    55.845000     1.233640     4.674710     3.769610 -7.073398e-01 6.305984e-01 1.326762e+00    -7.605754
64 1    55.845000     3.286290     5.517590    11.962060 -4.930503e-01 -4.168638e-01 5.494680e+00    -6.478856
65 1    55.845000     7.538250     7.427130     6.060590 8.588324e-02 -1.240923e-01 -8.252529e-01    -6.810473
66 1    55.845000     5.717740     3.345260     0.066020 -8.264148e-01 -6.162308e-01 -1.426580e+00    -6.916244
67 1    55.845000     0.956550     1.428440     6.475000 1.224918e+00 -1.114114e+01 -2.049823e+01    -3.803122
