#F A 1 1 1 3 3 1
#C number type mass x y z fx fy fz Epot
#X 	8.7550000000000008e+00 0.0000000000000000e+00 0.0000000000000000e+00
#Y 	0.0000000000000000e+00 8.7550000000000008e+00 0.0000000000000000e+00
#Z 	0.0000000000000000e+00 0.0000000000000000e+00 1.2093999999999999e+01
## 0:Nd, 1:Fe, 2:B
## Epot = -7.435896e+00 [eV/atom]
## Generated on Fri Aug 30 17:08:49 2013
## by imd_nve_stress_writef_hpo_eam_adp_nbl (version of 2009/02/13)
#E
0 0   144.242000     1.216950     7.538050     0.000000 4.778393e-01 -4.083369e-01 1.113681e-02   -11.003916
1 0   144.242000     2.363270     2.312800     0.217310 -1.363357e-01 1.165418e+00 -1.683661e+00   -10.733440
2 0   144.242000     5.609590     5.657770     6.133600 -5.487026e-02 -3.532628e-01 -6.721578e-01   -10.683587
3 0   144.242000     6.730070     2.049660     6.036220 1.149885e-01 -2.451836e-01 -2.268667e-01   -10.784910
4 0   144.242000     7.480770     1.204950    12.015680 -6.089347e-02 5.524281e-02 4.599238e-01   -11.046746
5 0   144.242000     6.413700     6.405930     0.039740 -6.437946e-01 -1.224150e-01 -6.311687e-01   -10.963453
6 0   144.242000     3.132930     3.233080     6.334580 8.185860e-01 -5.160584e-01 -2.095125e+00   -10.696724
7 0   144.242000     2.061570     6.629420     6.179970 -1.235401e+00 5.859557e-01 -2.688088e-01   -10.544825
8 1    55.845000     0.124610     4.430710     0.217870 1.066547e-01 -6.121035e-02 -1.241453e+00    -6.572102
9 1    55.845000     0.411180     3.190420     2.145450 -1.018320e+00 -6.173165e-01 1.254296e+00    -7.143458
10 1    55.845000     0.879550     0.644620     2.646620 -6.117830e-01 1.993022e+00 -1.911452e+00    -7.088136
11 1    55.845000     2.086190     4.979840     1.720570 1.699315e-02 3.279059e-01 -6.965874e-01    -6.960427
12 1    55.845000     2.716310     2.975280     3.091540 5.572736e-01 -6.971121e-01 -1.078799e-01    -6.973808
13 1    55.845000     4.382590     4.375910     1.360720 -2.203515e-01 2.820854e-01 8.238635e-02    -6.621443
14 1    55.845000     0.028550     8.735930     7.369670 -1.508388e-01 -7.572748e-01 4.091637e-01    -6.518585
15 1    55.845000     0.040310     4.376950     5.904950 -5.634809e-02 -1.988079e-01 8.041464e-01    -6.600922
16 1    55.845000     0.900130     2.274260     7.550470 -3.003711e+00 1.424747e+01 1.711514e+01    -3.686356
17 1    55.845000     3.065960     0.613910     2.067470 1.329562e+00 -1.586524e+00 1.519285e+00    -6.715995
18 1    55.845000     4.360400     0.002470     0.049540 -9.368497e-03 -3.012066e-01 -4.651032e-02    -6.624721
19 1    55.845000     4.327590     0.012520     5.944800 1.711135e-01 5.387470e-01 1.557100e+00    -6.682830
20 1    55.845000     4.755170     1.135030     8.114940 -1.080524e-01 6.297847e-01 -3.852238e-02    -7.341169
21 1    55.845000     4.912650     2.031650     1.541800 5.230336e-01 -4.188194e-01 5.329235e-01    -6.751916
22 1    55.845000     5.284790     3.509190     8.798750 2.280907e-01 -1.359957e-01 -3.386684e-01    -7.202883
23 1    55.845000     6.452950     8.108730     7.542350 -1.132533e+00 7.882732e-01 7.148802e-01    -6.794704
24 1    55.845000     7.011630     1.715020     8.844350 4.470639e-01 -5.328806e-01 1.126805e+00    -6.880424
25 1    55.845000     7.513670     4.066420     8.186350 4.693878e-01 1.896757e-01 7.103042e-01    -7.181266
26 1    55.845000     8.368830     5.567370     2.090960 2.682006e-01 3.290231e-01 1.557865e+00    -7.298606
27 1    55.845000     8.202610     6.291060     7.600510 1.400923e-01 -1.465205e-01 5.212186e-01    -6.953588
28 1    55.845000     7.994940     7.923510     2.722490 -8.654571e-01 -1.341818e+00 -1.416609e+00    -7.215345
29 1    55.845000     6.701260     3.788860     1.751790 1.295536e+00 -1.724418e-01 -9.764487e-01    -6.788364
30 1    55.845000     6.000000     5.894870     2.904630 -3.108805e-01 7.329690e-01 2.845870e-01    -7.027202
31 1    55.845000     5.856940     8.483190     2.273640 -1.290162e+00 -1.478625e-02 -3.548230e-01    -6.880741
32 1    55.845000     4.002220     7.486370     8.181250 3.924880e-01 3.495752e-01 3.701590e-01    -7.296704
33 1    55.845000     3.709850     6.660810     1.589120 4.605740e-01 1.092218e+00 8.704283e-01    -6.488643
34 1    55.845000     3.533150     5.264550     8.563050 -1.920598e-01 -1.714074e-01 3.394057e-01    -7.145387
35 1    55.845000     2.503600     0.536680     7.553970 -3.233097e-02 -4.271806e-01 2.804042e-01    -6.928523
36 1    55.845000     1.614150     7.335400     9.030140 1.003196e-01 -2.480478e-01 1.348112e-01    -6.968476
37 1    55.845000     1.174160     4.664670     8.310280 -3.341398e-01 -1.318818e-02 4.265885e-01    -7.312455
38 1    55.845000     0.300470     3.135850     9.991850 1.698138e-01 8.632418e-01 -5.318592e-01    -7.309870
39 1    55.845000     0.896300     1.052910     9.596640 2.049563e-01 -1.180671e+00 -4.602264e-01    -7.073254
40 1    55.845000     2.112520     4.973200    10.537750 -2.072485e+00 -8.429467e-01 -1.127231e+00    -6.682291
41 1    55.845000     2.640550     2.767370     8.916110 1.044785e+00 5.882806e-02 2.231746e+00    -6.876934
42 1    55.845000     4.401400     4.439920    10.590260 8.127669e-01 -6.591085e-01 9.019464e-01    -6.510783
43 1    55.845000     8.717300     8.751230     4.597360 -5.657771e-01 -1.043683e-01 2.434933e+00    -6.679807
44 1    55.845000     0.627180     2.326350     4.562060 -3.073842e-01 1.182013e+00 -7.564739e-01    -6.808462
45 1    55.845000     3.291640     0.484900     9.814870 -1.079882e+00 -3.981898e-01 4.015009e-01    -7.342293
46 1    55.845000     4.800980     1.024760     3.857100 -8.227095e-01 8.731595e-01 -7.821142e-01    -7.283200
47 1    55.845000     5.027840     1.958530    10.609600 1.283188e-02 3.019383e-01 -1.699188e-01    -6.698296
48 1    55.845000     5.279170     3.654410     3.431440 -1.678343e+00 -1.178578e+00 9.156462e-01    -7.238892
49 1    55.845000     6.354590     8.177320     4.537880 -6.547532e-02 -5.083521e-01 5.969607e-02    -6.699149
50 1    55.845000     7.147840     1.724240     3.216780 3.649721e-01 -2.116723e-01 -4.482889e-01    -6.958193
51 1    55.845000     7.384620     4.132480     3.964370 1.725531e+00 2.051807e-01 -3.562385e-01    -7.300887
52 1    55.845000     8.420490     5.610990     9.975060 4.060041e-01 5.021314e-02 -5.756577e-01    -7.179714
53 1    55.845000     8.124140     6.330560     4.523710 4.656005e-01 -5.403085e-01 -9.975724e-01    -6.728521
54 1    55.845000     7.983130     8.029860     9.368060 -5.169504e-01 -2.992382e-01 6.206065e-01    -7.186304
55 1    55.845000     7.025550     3.750010    10.745500 -4.039279e-01 3.555261e-01 -1.057745e+00    -6.480649
56 1    55.845000     6.002920     6.148470     8.906480 1.907318e-01 -3.296658e-01 1.204488e+00    -6.861255
57 1    55.845000     5.409460     8.470450     9.778980 1.326793e+00 -6.401823e-01 3.853364e-01    -7.327411
58 1    55.845000     3.829900     7.469990     4.334070 6.052874e-01 4.387423e-01 -2.778486e+00    -6.725062
59 1    55.845000     3.657840     6.664600    10.534710 7.616378e-01 2.473545e+00 -1.535499e+00    -6.594755
60 1    55.845000     3.597380     5.314480     3.704090 -9.394643e-02 -3.304832e-01 -1.047953e+00    -7.192086
61 1    55.845000     2.174490     0.611390     4.356410 2.238858e+00 1.023989e-01 1.135832e+00    -6.819939
62 1    55.845000     1.575520     7.209730     3.163020 4.183908e-01 -9.923402e-01 6.991364e-02    -7.017861
63 1    55.845000     1.233640     4.674710     3.769610 -8.916547e-01 3.008740e-01 7.513398e-01    -7.413204
64 2    10.811000     3.286290     5.517590    11.962060 7.046941e-02 -8.562192e-01 2.543904e+00    -8.788044
65 2    10.811000     7.538250     7.427130     6.060590 1.112486e+00 1.144529e+00 -2.530185e-01    -8.837968
66 2    10.811000     5.717740     3.345260     0.066020 -9.392799e-01 2.145338e-01 -3.509292e-01    -8.807066
67 2    10.811000     0.956550     1.428440     6.475000 1.055734e+00 -1.331197e+01 -1.880390e+01    -7.116005
