13 -9.857173e-03 5.106367e+00 2.888870e+00
13 -5.244427e-03 4.270549e+00 2.985230e+00
13 -1.053365e-02 5.963926e+00 -5.945590e+00
13 -1.053336e-02 5.962750e+00 5.944410e+00
13 1.525176e-01 2.792787e+00 2.644720e+00
13 -6.268621e-03 4.361763e+00 2.806430e+00
13 -6.523137e-03 4.387755e+00 2.764340e+00
14 -8.761801e-03 4.727692e+00 3.343210e+00
14 4.672505e-03 3.818463e+00 1.396700e-01
14 -9.562243e-03 4.968099e+00 -3.191300e-01
14 -4.400344e-03 4.207563e+00 2.718690e+00
14 6.039955e-02 3.153244e+00 1.128600e-01
14 -1.044728e-02 5.710226e+00 1.695500e-01
14 -8.636886e-03 4.699810e+00 3.370000e+00
14 -9.800546e-03 5.076174e+00 -3.073440e+00
14 1.898356e-03 3.905100e+00 -2.975810e+00
14 -5.915176e-03 4.328073e+00 -2.727990e+00
14 1.334138e-01 2.846772e+00 -2.711100e+00
14 -1.051029e-02 5.879455e+00 5.879210e+00
14 1.108860e-03 3.933290e+00 -2.400940e+00
14 -8.208335e-03 4.615847e+00 -3.015030e+00
14 -6.543813e-03 4.389937e+00 -2.823840e+00
15 5.083472e-03 3.806983e+00 -3.693900e-01
15 -9.500973e-03 4.944177e+00 -3.444600e+00
15 -9.925960e-03 5.146119e+00 9.090000e-03
15 2.760763e-02 3.421650e+00 -3.757100e-01
15 -7.552894e-03 4.512469e+00 -3.173660e+00
15 -1.045296e-02 5.723053e+00 2.679000e-02
15 3.506205e-02 3.344460e+00 3.238710e+00
15 -5.569196e-03 4.297450e+00 2.838550e+00
15 -9.342941e-03 4.887956e+00 2.779380e+00
15 9.084801e-03 3.708706e+00 2.876510e+00
15 -4.780585e-03 4.234810e+00 2.536000e+00
15 -1.046455e-02 5.750436e+00 -5.744150e+00
15 -5.931855e-03 4.329605e+00 2.550910e+00
15 -6.101531e-03 4.345510e+00 2.848830e+00
16 -7.029568e-03 4.444628e+00 2.834150e+00
16 1.034214e-01 2.947976e+00 -2.410600e-01
16 4.243906e-03 3.830769e+00 2.972900e+00
16 4.644992e-02 3.248012e+00 8.763000e-02
16 -9.383130e-03 4.901577e+00 7.150000e-03
16 -9.282060e-03 4.868104e+00 2.579020e+00
16 3.821569e-02 3.315534e+00 -2.681000e-02
16 -5.739884e-03 4.312288e+00 2.827830e+00
16 -3.204374e-03 4.131566e+00 2.988000e-02
16 3.848942e-02 3.313112e+00 3.230330e+00
16 -8.704622e-03 4.714706e+00 -3.213110e+00
16 -4.052062e-03 4.184024e+00 -2.850770e+00
16 -1.054009e-02 5.990444e+00 -5.988750e+00
16 -1.051726e-02 5.902970e+00 5.901250e+00
16 -8.522073e-03 4.675674e+00 -2.951490e+00
16 5.170723e-03 3.804584e+00 -2.919940e+00
16 -9.793012e-03 5.072310e+00 -3.154700e+00
16 -6.580927e-03 4.393881e+00 -2.965830e+00
16 6.770929e-02 3.110786e+00 -2.963510e+00
17 5.530613e-02 3.185496e+00 -3.075210e+00
17 1.145605e-01 2.907581e+00 1.387500e-01
17 -8.269854e-03 4.626946e+00 -2.746520e+00
17 2.962285e-02 3.399391e+00 5.154200e-01
17 9.544876e-03 3.698712e+00 -2.827000e+00
17 -9.601891e-03 4.984313e+00 -1.820000e-01
17 4.450790e-02 3.263016e+00 -6.320000e-03
17 -9.379336e-03 4.900272e+00 -2.804270e+00
17 1.255949e-03 3.927897e+00 3.961800e-01
17 -9.454849e-03 4.927001e+00 3.608100e+00
17 -8.707204e-03 4.715284e+00 3.148770e+00
17 -8.505104e-03 4.672218e+00 3.067100e+00
17 -1.048011e-02 5.790167e+00 -5.785640e+00
17 8.462236e-02 3.026053e+00 2.920300e+00
17 -7.708511e-03 4.534875e+00 3.264800e+00
17 -2.366680e-03 4.085300e+00 3.338820e+00
17 -9.894826e-03 5.127674e+00 3.218220e+00
18 -6.928733e-03 4.432694e+00 3.213960e+00
18 -4.845871e-04 3.996462e+00 3.286900e-01
18 -1.032738e-02 5.502445e+00 3.590630e+00
18 5.369579e-02 3.196213e+00 2.482100e-01
18 -9.230430e-03 4.851953e+00 2.142500e-01
18 1.310122e-03 3.925927e+00 3.068890e+00
18 4.583422e-02 3.252713e+00 2.709400e-01
18 -9.040564e-03 4.797252e+00 3.471390e+00
18 -8.650888e-03 4.702848e+00 -2.992890e+00
18 -6.883439e-03 4.427438e+00 -2.299550e+00
18 1.148901e-01 2.906442e+00 -2.710430e+00
18 -1.051491e-02 5.894903e+00 -5.894490e+00
18 -1.054138e-02 5.995916e+00 5.995510e+00
18 -3.904905e-03 4.174450e+00 -2.678880e+00
18 -9.594440e-03 4.981220e+00 -2.881190e+00
18 1.050205e-02 3.678629e+00 -2.724770e+00
18 -4.497418e-03 4.214358e+00 -2.722450e+00
19 7.897342e-02 3.052553e+00 -2.885270e+00
19 6.605559e-03 3.766931e+00 3.766700e-01
19 -5.144973e-03 4.262634e+00 -2.965750e+00
19 5.426289e-02 3.192409e+00 -3.207500e-01
19 -1.010333e-02 5.269464e+00 -3.431700e+00
19 -9.070519e-03 4.805437e+00 -1.450700e-01
19 5.905286e-02 3.161541e+00 2.574300e-01
19 -9.283294e-03 4.868497e+00 3.069190e+00
19 -6.885885e-03 4.427720e+00 2.763070e+00
19 2.433674e-03 3.886979e+00 2.928350e+00
19 -3.698504e-03 4.161368e+00 2.781550e+00
19 -1.051492e-02 5.894945e+00 -5.892840e+00
19 -1.054214e-02 5.999228e+00 5.997160e+00
19 4.587284e-02 3.252417e+00 3.126050e+00
19 -7.408522e-03 4.492669e+00 3.200070e+00
19 -8.085397e-03 4.594485e+00 2.416260e+00
20 -9.518089e-03 4.950728e+00 3.261940e+00
20 4.360926e-02 3.270138e+00 -8.048000e-02
20 2.200714e-02 3.490282e+00 2.564520e+00
20 5.373538e-02 3.195947e+00 -5.464300e-01
20 -9.637602e-03 4.999456e+00 -2.173500e-01
20 -9.765515e-03 5.058496e+00 3.142700e+00
20 -8.546692e-03 4.680738e+00 -3.300740e+00
20 -7.531772e-03 4.509515e+00 -3.371040e+00
20 -9.174200e-03 4.835022e+00 -3.039120e+00
20 6.321086e-02 3.136419e+00 -3.007570e+00
20 -1.052200e-02 5.919731e+00 -5.878680e+00
20 -8.947790e-03 4.772842e+00 -3.209880e+00
20 1.130888e-03 3.932478e+00 -3.230190e+00
20 -9.987633e-03 5.185152e+00 -3.051140e+00
21 2.239398e-02 3.485176e+00 -3.342420e+00
21 7.015488e-02 3.097461e+00 -6.974200e-01
21 -9.958589e-03 5.166331e+00 -3.808370e+00
21 6.609903e-02 3.119788e+00 -1.369400e-01
21 -3.294355e-03 4.136843e+00 -3.479290e+00
21 -9.943341e-03 5.156769e+00 -7.705500e-01
21 -6.343605e-03 4.369260e+00 2.633350e+00
21 -4.925911e-03 4.245694e+00 2.867200e+00
21 -9.013023e-03 4.789861e+00 2.404880e+00
21 -3.326518e-03 4.138745e+00 2.749380e+00
21 -1.026284e-02 5.421604e+00 5.418180e+00
21 9.116015e-02 2.997278e+00 2.823400e+00
21 -5.589074e-03 4.299152e+00 2.039590e+00
21 1.754072e-02 3.554057e+00 2.764220e+00
22 -4.211047e-03 4.194611e+00 2.645000e+00
22 1.291783e-03 3.926593e+00 -4.659500e-01
22 -9.990120e-03 5.186802e+00 3.205480e+00
22 5.164593e-02 3.210251e+00 -1.368700e-01
22 -9.077815e-03 4.807454e+00 -3.241100e+00
22 -4.689801e-03 4.228148e+00 -2.626240e+00
22 9.878700e-03 3.691601e+00 -2.958640e+00
22 -5.836806e-03 4.320944e+00 -2.927090e+00
22 4.615039e-02 3.250293e+00 -3.129400e+00
22 -1.045403e-02 5.725513e+00 -5.724180e+00
22 -8.310781e-03 4.634490e+00 -3.149710e+00
22 -9.816246e-03 5.084336e+00 -2.828810e+00
23 4.999587e-02 3.221890e+00 -3.110950e+00
23 1.737625e-02 3.556595e+00 5.604800e-01
23 -4.347073e-03 4.203879e+00 -2.781870e+00
23 5.648919e-02 3.177788e+00 -7.313000e-02
23 -9.002359e-03 4.787033e+00 -2.678960e+00
23 -7.415577e-03 4.493616e+00 3.083820e+00
23 -9.434063e-03 4.919478e+00 3.331540e+00
23 -3.487272e-03 4.148377e+00 3.446800e+00
23 -9.307459e-03 4.876276e+00 3.520820e+00
23 -1.048363e-02 5.799682e+00 -5.794710e+00
23 1.230563e-01 2.879119e+00 2.737010e+00
23 -9.043116e-03 4.797944e+00 3.461640e+00
23 -1.011826e-02 5.281643e+00 3.207010e+00
24 -9.288384e-03 4.870124e+00 3.671430e+00
24 7.537568e-02 3.070317e+00 3.290800e-01
24 3.951211e-03 3.839377e+00 3.037820e+00
24 5.542316e-02 3.184728e+00 4.319900e-01
24 -9.907622e-03 5.135160e+00 4.886800e-01
24 -5.725421e-03 4.311011e+00 -2.824610e+00
24 -4.052954e-03 4.184083e+00 -2.656680e+00
24 -1.053049e-02 5.951476e+00 -2.391970e+00
24 -8.419138e-03 4.655121e+00 -2.461140e+00
24 -5.711954e-03 4.309825e+00 -2.663450e+00
24 1.379975e-01 2.833193e+00 -2.683760e+00
24 -1.050491e-02 5.862132e+00 5.847960e+00
24 -7.537146e-03 4.510265e+00 -2.362860e+00
24 1.017602e-02 3.685365e+00 -2.695900e+00
24 -1.053314e-02 5.961876e+00 -2.507030e+00
25 2.458135e-02 3.457382e+00 -3.342350e+00
25 6.354938e-02 3.134436e+00 -6.336100e-01
25 -7.438872e-03 4.496757e+00 -3.239440e+00
25 5.767308e-02 3.170209e+00 -3.848000e-01
25 -5.530381e-04 3.999393e+00 -3.182750e+00
25 -9.868331e-03 5.112572e+00 1.770000e-02
25 -8.178846e-03 4.610626e+00 3.004140e+00
25 -9.001326e-03 4.786760e+00 2.867420e+00
25 -1.053258e-02 5.959661e+00 2.886320e+00
25 -9.787016e-03 5.069260e+00 2.960340e+00
25 -4.421397e-03 4.209027e+00 2.176530e+00
25 -1.051464e-02 5.893984e+00 5.855710e+00
25 7.953879e-02 3.049827e+00 2.901160e+00
25 -4.773639e-03 4.234297e+00 2.646530e+00
25 7.876221e-03 3.736115e+00 2.839740e+00
26 -7.215349e-03 4.467515e+00 2.708740e+00
26 6.346761e-03 3.773485e+00 1.029100e-01
26 -9.616077e-03 4.990265e+00 2.957550e+00
26 4.500829e-02 3.259100e+00 1.596000e-01
26 -4.065834e-03 4.184931e+00 -2.489370e+00
26 -6.895608e-03 4.428844e+00 -2.737940e+00
26 5.630568e-03 3.792157e+00 -2.992530e+00
26 -7.716417e-03 4.536045e+00 -3.012840e+00
26 1.143222e-01 2.908407e+00 -2.691940e+00
26 -1.041809e-02 5.649746e+00 -5.646490e+00
26 -7.181446e-03 4.463248e+00 -3.024980e+00
26 -9.388440e-03 4.903409e+00 -2.836110e+00
27 1.717428e-01 2.744497e+00 -2.605830e+00
27 6.994344e-03 3.757267e+00 2.488100e-01
27 -7.912931e-03 4.566187e+00 -2.549140e+00
27 2.399868e-02 3.464614e+00 6.513100e-01
27 -9.081873e-03 4.808580e+00 3.404670e+00
27 -7.237992e-03 4.470389e+00 3.160520e+00
27 -1.000040e-02 5.193690e+00 3.322230e+00
27 7.114165e-03 3.754332e+00 2.810140e+00
27 -9.905079e-03 5.133662e+00 3.534770e+00
27 -1.046458e-02 5.750512e+00 -5.733720e+00
27 2.542643e-02 3.447104e+00 3.280140e+00
27 -9.811512e-03 5.081858e+00 3.473350e+00
28 -3.917775e-03 4.175279e+00 2.854640e+00
28 4.682559e-02 3.245169e+00 5.669000e-02
28 -3.831881e-03 4.169777e+00 3.257140e+00
28 -8.188111e-03 4.612260e+00 -3.088670e+00
28 -4.760886e-03 4.233356e+00 -2.823960e+00
28 -9.881940e-03 5.120263e+00 -3.115750e+00
28 -8.094200e-03 4.595980e+00 -2.794850e+00
28 5.353469e-02 3.197300e+00 -3.127890e+00
28 -1.051371e-02 5.890858e+00 5.885970e+00
28 -4.390909e-03 4.206908e+00 -2.939020e+00
28 6.303553e-03 3.774589e+00 -2.936700e+00
29 1.030289e-01 2.949471e+00 -2.797950e+00
29 7.228712e-02 3.086169e+00 4.025000e-01
29 -9.998748e-03 5.192575e+00 3.614420e+00
29 -9.649208e-03 5.004493e+00 3.252220e+00
29 -7.105995e-03 4.453898e+00 3.073420e+00
29 4.167959e-03 3.832986e+00 2.926620e+00
29 -1.001360e-02 5.202698e+00 3.285960e+00
29 -5.239184e-03 4.270128e+00 3.031330e+00
29 -1.048145e-02 5.793779e+00 -5.793660e+00
29 3.579807e-02 3.337534e+00 3.224540e+00
30 -9.663916e-03 5.010962e+00 3.200450e+00
30 -4.880144e-03 4.242237e+00 -2.897540e+00
30 -5.607052e-03 4.300698e+00 -2.570490e+00
30 -9.934241e-03 5.151160e+00 -2.981370e+00
30 1.256720e-02 3.638229e+00 -2.851540e+00
30 -8.244002e-03 4.622247e+00 -3.184580e+00
30 6.298367e-02 3.137755e+00 -2.995710e+00
30 -1.050687e-02 5.868379e+00 -5.867510e+00
30 -8.390818e-03 4.649634e+00 -2.993390e+00
31 -5.944412e-03 4.330762e+00 2.811760e+00
31 -1.054199e-02 5.998550e+00 2.505640e+00
31 -3.060022e-03 4.123233e+00 2.509210e+00
31 1.751809e-01 2.736400e+00 2.670920e+00
31 -4.560431e-03 4.218826e+00 2.524120e+00
31 -9.545829e-03 4.961560e+00 2.868620e+00
31 1.848000e-02 3.539844e+00 2.628830e+00
31 -8.636363e-03 4.699697e+00 2.822040e+00
31 -1.044478e-02 5.704711e+00 5.696160e+00
32 1.933876e-03 3.903874e+00 2.234640e+00
32 1.191522e-01 2.891967e+00 -4.001600e-01
32 5.674302e-02 3.176152e+00 2.213800e+00
32 5.034311e-02 3.219414e+00 -4.593300e-01
32 -1.007615e-02 5.248135e+00 -7.062800e-01
32 -8.724589e-03 4.719197e+00 2.580090e+00
32 5.450461e-02 3.190797e+00 -3.622000e-01
32 -7.241757e-03 4.470869e+00 2.596980e+00
32 2.009845e-03 3.901263e+00 -7.027100e-01
32 8.372937e-02 3.030136e+00 2.907140e+00
32 -1.048755e-02 5.810540e+00 -5.410000e-01
32 -3.710537e-03 4.162120e+00 2.496260e+00
32 3.953827e-02 3.303954e+00 -6.878000e-01
32 -9.347656e-03 4.889532e+00 -2.692800e-01
32 -1.054032e-02 5.991417e+00 2.626090e+00
32 -7.530082e-03 4.509280e+00 2.481920e+00
32 5.191860e-03 3.804005e+00 -3.898800e-01
33 1.660385e-01 2.758272e+00 -2.634800e+00
33 1.691156e-01 2.750787e+00 -2.084000e-02
33 -2.176583e-03 4.075454e+00 -2.693970e+00
33 5.555436e-02 3.183868e+00 -7.030000e-02
33 2.266965e-03 3.892541e+00 -2.940920e+00
33 -9.278173e-03 4.866867e+00 5.940200e-01
33 4.017877e-02 3.298456e+00 3.623400e-01
33 -9.707714e-03 5.030817e+00 -2.937350e+00
33 1.624024e-02 3.574538e+00 6.725000e-01
33 -7.050839e-03 4.447188e+00 -2.775640e+00
33 -1.039617e-02 5.609300e+00 2.616200e-01
33 3.268201e-02 3.367645e+00 2.931700e-01
33 -8.715086e-03 4.717054e+00 -2.577940e+00
33 -9.566279e-03 4.969722e+00 7.055000e-02
33 -1.493014e-03 4.041790e+00 2.496000e-01
34 -7.732604e-04 4.008961e+00 2.613960e+00
34 1.866902e-02 3.537040e+00 -5.917000e-02
34 -8.852963e-03 4.749235e+00 2.564500e+00
34 3.203150e-02 3.374203e+00 -3.061200e-01
34 -8.749319e-03 4.724824e+00 3.796000e-02
34 2.385642e-03 3.888574e+00 2.997140e+00
34 4.190090e-02 3.284009e+00 -3.025500e-01
34 -7.150451e-03 4.459382e+00 3.307300e+00
34 5.799457e-02 3.168174e+00 -1.408400e-01
34 -1.051439e-02 5.893154e+00 -2.876400e-01
34 -8.576719e-03 4.686994e+00 2.927970e+00
34 -6.388501e-03 4.373812e+00 5.686000e-02
34 -9.533077e-03 4.956547e+00 -1.829300e-01
34 -8.157602e-03 4.606904e+00 2.884400e+00
35 1.413741e-01 2.823455e+00 -2.673130e+00
35 2.654567e-03 3.879716e+00 -4.946000e-02
35 -8.233936e-03 4.620431e+00 -2.920080e+00
35 4.198454e-02 3.283319e+00 6.148600e-01
35 -9.006316e-03 4.788080e+00 -2.439280e+00
35 -9.720872e-03 5.036965e+00 3.831800e-01
35 5.664943e-02 3.176755e+00 6.933400e-01
35 9.219837e-02 2.992879e+00 2.824600e-01
35 -8.066485e-03 4.591290e+00 -2.901600e+00
35 -1.053934e-02 5.987241e+00 3.140100e-01
35 -1.052397e-02 5.926923e+00 3.140100e-01
35 -1.625276e-03 4.048103e+00 1.117000e-01
35 -4.783591e-03 4.235033e+00 -2.483080e+00
35 -1.011108e-02 5.275742e+00 2.681200e-01
36 -4.785855e-03 4.235200e+00 2.623670e+00
36 5.750564e-02 3.171273e+00 -2.469500e-01
36 -1.168109e-03 4.026662e+00 3.287990e+00
36 4.945984e-02 3.225739e+00 2.338500e-01
36 -8.534173e-03 4.678155e+00 7.700000e-04
36 -1.005560e-02 5.232671e+00 3.366470e+00
36 -6.949436e-03 4.435117e+00 2.955590e+00
36 -2.015689e-03 4.067292e+00 -2.284700e-01
36 -1.044207e-02 5.698804e+00 1.160300e-01
36 -7.749443e-03 4.540967e+00 2.784830e+00
36 6.062457e-02 3.151873e+00 1.900500e-01
36 -9.565188e-03 4.969282e+00 1.308700e-01
37 1.042013e-01 2.945022e+00 -2.870620e+00
37 3.855280e-02 3.312553e+00 6.643200e-01
37 -5.440215e-03 4.286566e+00 -2.389820e+00
37 6.656062e-02 3.117189e+00 1.679300e-01
37 2.260066e-02 3.482472e+00 -2.622900e+00
37 -9.945741e-03 5.158260e+00 4.157500e-01
37 6.248121e-03 3.776009e+00 3.634700e-01
37 -6.509772e-03 4.386351e+00 -2.507640e+00
37 -1.047881e-02 5.786714e+00 1.611600e-01
37 1.176641e-01 2.896966e+00 1.408500e-01
37 -5.628271e-03 4.302528e+00 -3.217430e+00
37 -9.917937e-03 5.141290e+00 1.287100e-01
38 -9.644640e-03 5.002503e+00 3.534940e+00
38 -7.355645e-04 4.007308e+00 4.808000e-01
38 -9.185577e-03 4.838394e+00 3.038550e+00
38 1.005982e-01 2.958841e+00 2.477200e-01
38 -9.616387e-03 4.990396e+00 1.652800e-01
38 -8.266038e-03 4.626249e+00 3.234090e+00
38 3.931960e-02 3.305848e+00 3.629800e-01
38 -1.049660e-02 5.836663e+00 4.370000e-01
38 -5.251776e-03 4.271140e+00 3.011470e+00
38 5.512571e-02 3.186684e+00 -3.468100e-01
39 5.571078e-02 3.182844e+00 -3.054140e+00
39 2.733082e-04 3.965266e+00 -4.963900e-01
39 -8.335349e-03 4.639082e+00 -3.287220e+00
39 2.834372e-02 3.413386e+00 -2.485700e-01
39 -1.011263e-02 5.277009e+00 -3.190860e+00
39 -8.378449e-03 4.647258e+00 -3.324000e-01
39 7.810952e-02 3.056753e+00 -5.031600e-01
39 -7.239376e-03 4.470566e+00 -3.097940e+00
39 -1.052861e-02 5.944250e+00 -5.234700e-01
39 -1.054045e-02 5.991965e+00 -5.234700e-01
39 1.419518e-02 3.608840e+00 -2.025700e-01
39 -7.423206e-03 4.494642e+00 -3.157120e+00
40 -5.710214e-03 4.309672e+00 2.557750e+00
40 9.762435e-02 2.970589e+00 -2.330800e-01
40 6.727844e-03 3.763868e+00 2.805570e+00
40 3.830660e-02 3.314728e+00 -1.367200e-01
40 -9.819958e-03 5.086289e+00 -4.772300e-01
40 -4.140967e-03 4.189912e+00 2.550980e+00
40 7.763594e-03 3.738759e+00 -4.380000e-02
40 -1.043074e-02 5.674940e+00 -8.276100e-01
40 -3.334474e-03 4.139216e+00 2.851570e+00
40 1.378013e-01 2.833766e+00 -1.029800e-01
40 -9.261433e-03 4.861579e+00 -1.644000e-01
41 1.098410e-01 2.924239e+00 -2.790830e+00
41 5.254567e-02 3.204033e+00 2.478200e-01
41 -5.073744e-03 4.257053e+00 -2.694470e+00
41 3.459847e-02 3.348880e+00 2.647100e-01
41 1.397482e-03 3.922770e+00 -3.034980e+00
41 -9.578707e-03 4.974758e+00 5.748700e-01
41 8.424444e-03 3.723467e+00 -2.708000e-02
41 -7.492808e-03 4.504118e+00 -3.385360e+00
41 -1.037589e-02 5.574978e+00 2.938200e-01
41 4.320668e-02 3.273367e+00 -3.922000e-02
41 -7.723416e-03 4.537084e+00 -2.915360e+00
41 -9.665384e-03 5.011613e+00 1.519700e-01
42 -7.607199e-03 4.520157e+00 3.038650e+00
42 1.202769e-02 3.648425e+00 9.636000e-02
42 -1.000034e-02 5.193649e+00 3.055540e+00
42 3.531236e-02 3.342092e+00 -2.441500e-01
42 -9.980755e-03 5.180620e+00 1.152600e-01
42 -6.891805e-03 4.428404e+00 2.763750e+00
42 1.169622e-01 2.899344e+00 -5.945300e-01
42 -1.039969e-02 5.615553e+00 1.301000e-01
42 -8.711512e-03 4.716250e+00 2.751610e+00
42 -3.933451e-03 4.176291e+00 -1.245300e-01
43 7.811440e-02 3.056729e+00 -2.942290e+00
43 -2.043821e-03 4.068708e+00 1.689000e-02
43 -8.657558e-03 4.704302e+00 -3.282800e+00
43 5.889670e-02 3.162513e+00 3.270500e-01
43 -9.809143e-03 5.080624e+00 -2.545900e-01
43 2.214583e-01 2.639996e+00 4.600000e-02
43 -6.737029e-03 4.410872e+00 -2.908550e+00
43 -1.046556e-02 5.752919e+00 -2.870400e-01
43 2.207075e-04 3.967360e+00 -9.817000e-02
43 -6.280723e-03 4.362965e+00 -2.969970e+00
44 -7.723340e-03 4.537072e+00 2.959180e+00
44 1.263883e-01 2.868448e+00 -3.405100e-01
44 -1.088887e-03 4.023052e+00 3.269340e+00
44 -9.955825e-03 5.164583e+00 -3.256000e-01
44 -6.364788e-03 4.371402e+00 2.988290e+00
44 -3.177461e-04 3.989399e+00 3.374000e-02
44 -1.043739e-02 5.688786e+00 -2.208900e-01
44 -8.917948e-03 4.765273e+00 2.844120e+00
44 5.885180e-02 3.162793e+00 -2.768000e-02
45 2.782199e-02 3.419227e+00 -3.299690e+00
45 6.252663e-02 3.140454e+00 3.101600e-01
45 -5.698422e-03 4.308637e+00 -3.137980e+00
45 -9.469145e-03 4.932252e+00 -6.917000e-02
45 1.226198e-02 3.643968e+00 -3.039300e-01
45 -6.180570e-03 4.353122e+00 -3.180070e+00
45 -1.011866e-02 5.281973e+00 -1.150600e-01
45 1.686665e-01 2.751871e+00 -1.127400e-01
46 -9.054279e-03 4.800981e+00 3.609850e+00
46 9.440780e-03 3.700953e+00 1.617100e-01
46 -9.123222e-03 4.820223e+00 -3.503800e-01
46 -7.920394e-03 4.567374e+00 2.995760e+00
46 9.443699e-02 2.983543e+00 1.196200e-01
46 -1.049983e-02 5.846382e+00 3.128300e-01
46 -8.261530e-03 4.625427e+00 3.186950e+00
47 -1.112772e-03 4.024138e+00 -4.108800e-01
47 -9.983952e-03 5.182721e+00 -3.594940e+00
47 -9.149425e-03 4.827766e+00 -2.810500e-01
47 8.431354e-03 3.723310e+00 -4.252200e-01
47 -9.142679e-03 4.825812e+00 -3.297020e+00
47 -1.043822e-02 5.690553e+00 -4.229000e-01
48 -9.087725e-03 4.810209e+00 3.037260e+00
48 7.172403e-02 3.089123e+00 -1.468000e-01
48 -7.394986e-04 4.007480e+00 3.068810e+00
48 2.446345e-02 3.458836e+00 1.977000e-01
48 -9.833331e-03 5.093397e+00 2.717200e-01
48 -8.947155e-03 4.772679e+00 2.834050e+00
48 1.021562e-01 2.952811e+00 -4.209000e-02
48 -6.712301e-03 4.408136e+00 3.022920e+00
48 -4.825693e-04 3.996376e+00 1.511200e-01
48 6.368405e-02 3.133650e+00 3.025240e+00
49 3.560003e-02 3.339387e+00 -3.184060e+00
49 6.285345e-02 3.138522e+00 3.155000e-02
49 -4.958213e-03 4.248151e+00 -2.839560e+00
49 7.179653e-02 3.088741e+00 -1.707600e-01
49 2.019765e-02 3.515000e+00 -2.765540e+00
49 -9.585322e-03 4.977463e+00 -1.910700e-01
49 2.207063e-02 3.489440e+00 -1.434000e-02
49 -9.803044e-03 5.077462e+00 -2.886140e+00
49 -2.306635e-03 4.082166e+00 -1.202000e-02
50 -7.925856e-03 4.568245e+00 3.215610e+00
50 1.788662e-02 3.548769e+00 3.445000e-01
50 -9.725429e-03 5.039115e+00 3.013300e+00
50 5.856852e-02 3.164564e+00 4.185200e-01
50 -8.924806e-03 4.767001e+00 1.047100e-01
50 -1.376848e-03 4.036321e+00 3.169720e+00
50 4.778603e-02 3.237984e+00 2.979200e-01
50 -7.916944e-03 4.566825e+00 3.172040e+00
51 8.833119e-02 3.009495e+00 -2.871110e+00
51 1.166696e-02 3.655379e+00 -2.023100e-01
51 -5.658857e-03 4.305181e+00 -2.797090e+00
51 7.883677e-02 3.053215e+00 -2.226200e-01
51 -1.008446e-02 5.254542e+00 -3.580900e+00
51 -9.429230e-03 4.917747e+00 -4.589000e-02
51 3.179936e-02 3.376568e+00 -4.357000e-02
52 8.804152e-04 3.941800e+00 2.668800e+00
52 1.944662e-01 2.693593e+00 7.402000e-02
52 2.311681e-02 3.475793e+00 2.648490e+00
52 5.824258e-02 3.166610e+00 -7.097900e-01
52 -8.451381e-03 4.661455e+00 1.484000e-02
52 -9.835442e-03 5.094530e+00 2.827540e+00
53 1.684602e-01 2.752370e+00 -2.594780e+00
53 7.521633e-02 3.071120e+00 -2.031000e-02
53 -9.609837e-03 4.987637e+00 -3.378590e+00
53 3.256322e-02 3.368835e+00 3.005900e-01
53 1.862510e-02 3.537690e+00 -2.653960e+00
53 -9.538993e-03 4.958865e+00 -3.245000e-02
54 -6.258205e-03 4.360732e+00 2.574470e+00
54 -5.647054e-03 4.304155e+00 -7.838100e-01
54 -9.910459e-03 5.136838e+00 2.895370e+00
54 4.746751e-02 3.240354e+00 -5.918000e-02
55 2.400851e-02 3.464491e+00 -3.358280e+00
55 -6.069492e-03 4.342461e+00 3.209000e-01
55 -6.903762e-03 4.429788e+00 -2.633650e+00
55 2.785370e-02 3.418870e+00 -1.214000e-02
55 -9.964833e-03 5.170309e+00 -2.888280e+00
56 -1.040169e-02 5.619150e+00 3.679180e+00
56 8.776242e-03 3.715541e+00 7.246300e-01
56 -5.684744e-03 4.307439e+00 3.346140e+00
56 1.618162e-02 3.575484e+00 4.700000e-01
56 -1.029533e-02 5.460422e+00 6.632100e-01
57 6.447379e-02 3.129068e+00 -2.954550e+00
57 3.580160e-02 3.337501e+00 -3.330400e-01
57 -9.604674e-03 4.985474e+00 -3.209180e+00
57 7.054333e-02 3.095382e+00 -1.441700e-01
57 5.760232e-03 3.788716e+00 -3.015970e+00
57 -9.870841e-03 5.113981e+00 -1.418500e-01
58 -5.904259e-03 4.327073e+00 2.621510e+00
58 -3.199134e-03 4.131261e+00 -2.546300e-01
58 -9.382907e-03 4.901500e+00 2.810380e+00
58 4.430579e-02 3.264607e+00 -6.142000e-02
59 8.734097e-02 3.013854e+00 -2.876140e+00
59 3.978508e-02 3.301827e+00 1.888700e-01
59 -4.732707e-03 4.231284e+00 -2.682930e+00
59 8.319974e-02 3.032576e+00 1.911900e-01
60 -5.219535e-03 4.268555e+00 3.065010e+00
60 5.501110e-02 3.187440e+00 1.932100e-01
60 7.597240e-03 3.742695e+00 3.067330e+00
61 9.114211e-02 2.997354e+00 -2.871800e+00
61 1.664814e-01 2.757187e+00 2.320000e-03
62 -7.446018e-03 4.497725e+00 2.874120e+00

