 576
 1 17 161 -1
 1 161 168 -1
 1 168 17 -1
 2 18 161 1
 2 161 162 1
 2 162 18 1
 3 19 162 1
 3 162 163 1
 3 163 19 1
 4 20 163 1
 4 163 164 1
 4 164 20 1
 5 21 165 -1
 5 165 172 -1
 5 172 21 -1
 6 22 165 1
 6 165 166 1
 6 166 22 1
 7 23 166 1
 7 166 167 1
 7 167 23 1
 8 24 167 1
 8 167 168 1
 8 168 24 1
 9 25 169 -1
 9 169 176 -1
 9 176 25 -1
 10 26 169 1
 10 169 170 1
 10 170 26 1
 11 27 170 1
 11 170 171 1
 11 171 27 1
 12 28 171 1
 12 171 172 1
 12 172 28 1
 13 29 164 1
 13 164 173 1
 13 173 29 1
 14 30 173 1
 14 173 174 1
 14 174 30 1
 15 31 174 1
 15 174 175 1
 15 175 31 1
 16 32 175 1
 16 175 176 1
 16 176 32 1
 17 1 49 1
 17 49 56 1
 17 56 1 1
 18 2 49 -1
 18 49 50 -1
 18 50 2 -1
 19 3 50 -1
 19 50 51 -1
 19 51 3 -1
 20 4 51 -1
 20 51 52 -1
 20 52 4 -1
 21 5 53 1
 21 53 60 1
 21 60 5 1
 22 6 53 -1
 22 53 54 -1
 22 54 6 -1
 23 7 54 -1
 23 54 55 -1
 23 55 7 -1
 24 8 55 -1
 24 55 56 -1
 24 56 8 -1
 25 9 57 1
 25 57 64 1
 25 64 9 1
 26 10 57 -1
 26 57 58 -1
 26 58 10 -1
 27 11 58 -1
 27 58 59 -1
 27 59 11 -1
 28 12 59 -1
 28 59 60 -1
 28 60 12 -1
 29 13 52 -1
 29 52 61 -1
 29 61 13 -1
 30 14 61 -1
 30 61 62 -1
 30 62 14 -1
 31 15 62 -1
 31 62 63 -1
 31 63 15 -1
 32 16 63 -1
 32 63 64 -1
 32 64 16 -1
 33 49 65 -1
 33 65 66 -1
 33 66 49 -1
 34 50 66 -1
 34 66 67 -1
 34 67 50 -1
 35 51 67 -1
 35 67 68 -1
 35 68 51 -1
 36 52 68 -1
 36 68 77 -1
 36 77 52 -1
 37 53 69 -1
 37 69 70 -1
 37 70 53 -1
 38 54 70 -1
 38 70 71 -1
 38 71 54 -1
 39 55 71 -1
 39 71 72 -1
 39 72 55 -1
 40 56 65 1
 40 65 72 1
 40 72 56 1
 41 57 73 -1
 41 73 74 -1
 41 74 57 -1
 42 58 74 -1
 42 74 75 -1
 42 75 58 -1
 43 59 75 -1
 43 75 76 -1
 43 76 59 -1
 44 60 69 1
 44 69 76 1
 44 76 60 1
 45 61 77 -1
 45 77 78 -1
 45 78 61 -1
 46 62 78 -1
 46 78 79 -1
 46 79 62 -1
 47 63 79 -1
 47 79 80 -1
 47 80 63 -1
 48 64 73 1
 48 73 80 1
 48 80 64 1
 49 17 18 1
 49 18 33 1
 49 33 17 1
 50 18 19 1
 50 19 34 1
 50 34 18 1
 51 19 20 1
 51 20 35 1
 51 35 19 1
 52 20 29 1
 52 29 36 1
 52 36 20 1
 53 21 22 1
 53 22 37 1
 53 37 21 1
 54 22 23 1
 54 23 38 1
 54 38 22 1
 55 23 24 1
 55 24 39 1
 55 39 23 1
 56 17 24 -1
 56 24 40 -1
 56 40 17 -1
 57 25 26 1
 57 26 41 1
 57 41 25 1
 58 26 27 1
 58 27 42 1
 58 42 26 1
 59 27 28 1
 59 28 43 1
 59 43 27 1
 60 21 28 -1
 60 28 44 -1
 60 44 21 -1
 61 29 30 1
 61 30 45 1
 61 45 29 1
 62 30 31 1
 62 31 46 1
 62 46 30 1
 63 31 32 1
 63 32 47 1
 63 47 31 1
 64 25 32 -1
 64 32 48 -1
 64 48 25 -1
 65 33 40 -1
 65 40 81 -1
 65 81 33 -1
 66 33 34 1
 66 34 82 1
 66 82 33 1
 67 34 35 1
 67 35 83 1
 67 83 34 1
 68 35 36 1
 68 36 84 1
 68 84 35 1
 69 37 44 -1
 69 44 85 -1
 69 85 37 -1
 70 37 38 1
 70 38 86 1
 70 86 37 1
 71 38 39 1
 71 39 87 1
 71 87 38 1
 72 39 40 1
 72 40 88 1
 72 88 39 1
 73 41 48 -1
 73 48 89 -1
 73 89 41 -1
 74 41 42 1
 74 42 90 1
 74 90 41 1
 75 42 43 1
 75 43 91 1
 75 91 42 1
 76 43 44 1
 76 44 92 1
 76 92 43 1
 77 36 45 1
 77 45 93 1
 77 93 36 1
 78 45 46 1
 78 46 94 1
 78 94 45 1
 79 46 47 1
 79 47 95 1
 79 95 46 1
 80 47 48 1
 80 48 96 1
 80 96 47 1
 81 65 113 1
 81 113 120 1
 81 120 65 1
 82 66 113 -1
 82 113 114 -1
 82 114 66 -1
 83 67 114 -1
 83 114 115 -1
 83 115 67 -1
 84 68 115 -1
 84 115 116 -1
 84 116 68 -1
 85 69 117 1
 85 117 124 1
 85 124 69 1
 86 70 117 -1
 86 117 118 -1
 86 118 70 -1
 87 71 118 -1
 87 118 119 -1
 87 119 71 -1
 88 72 119 -1
 88 119 120 -1
 88 120 72 -1
 89 73 121 1
 89 121 128 1
 89 128 73 1
 90 74 121 -1
 90 121 122 -1
 90 122 74 -1
 91 75 122 -1
 91 122 123 -1
 91 123 75 -1
 92 76 123 -1
 92 123 124 -1
 92 124 76 -1
 93 77 116 -1
 93 116 125 -1
 93 125 77 -1
 94 78 125 -1
 94 125 126 -1
 94 126 78 -1
 95 79 126 -1
 95 126 127 -1
 95 127 79 -1
 96 80 127 -1
 96 127 128 -1
 96 128 80 -1
 97 113 129 -1
 97 129 130 -1
 97 130 113 -1
 98 114 130 -1
 98 130 131 -1
 98 131 114 -1
 99 115 131 -1
 99 131 132 -1
 99 132 115 -1
 100 116 132 -1
 100 132 141 -1
 100 141 116 -1
 101 117 133 -1
 101 133 134 -1
 101 134 117 -1
 102 118 134 -1
 102 134 135 -1
 102 135 118 -1
 103 119 135 -1
 103 135 136 -1
 103 136 119 -1
 104 120 129 1
 104 129 136 1
 104 136 120 1
 105 121 137 -1
 105 137 138 -1
 105 138 121 -1
 106 122 138 -1
 106 138 139 -1
 106 139 122 -1
 107 123 139 -1
 107 139 140 -1
 107 140 123 -1
 108 124 133 1
 108 133 140 1
 108 140 124 1
 109 125 141 -1
 109 141 142 -1
 109 142 125 -1
 110 126 142 -1
 110 142 143 -1
 110 143 126 -1
 111 127 143 -1
 111 143 144 -1
 111 144 127 -1
 112 128 137 1
 112 137 144 1
 112 144 128 1
 113 81 82 1
 113 82 97 1
 113 97 81 1
 114 82 83 1
 114 83 98 1
 114 98 82 1
 115 83 84 1
 115 84 99 1
 115 99 83 1
 116 84 93 1
 116 93 100 1
 116 100 84 1
 117 85 86 1
 117 86 101 1
 117 101 85 1
 118 86 87 1
 118 87 102 1
 118 102 86 1
 119 87 88 1
 119 88 103 1
 119 103 87 1
 120 81 88 -1
 120 88 104 -1
 120 104 81 -1
 121 89 90 1
 121 90 105 1
 121 105 89 1
 122 90 91 1
 122 91 106 1
 122 106 90 1
 123 91 92 1
 123 92 107 1
 123 107 91 1
 124 85 92 -1
 124 92 108 -1
 124 108 85 -1
 125 93 94 1
 125 94 109 1
 125 109 93 1
 126 94 95 1
 126 95 110 1
 126 110 94 1
 127 95 96 1
 127 96 111 1
 127 111 95 1
 128 89 96 -1
 128 96 112 -1
 128 112 89 -1
 129 97 104 -1
 129 104 145 -1
 129 145 97 -1
 130 97 98 1
 130 98 146 1
 130 146 97 1
 131 98 99 1
 131 99 147 1
 131 147 98 1
 132 99 100 1
 132 100 148 1
 132 148 99 1
 133 101 108 -1
 133 108 149 -1
 133 149 101 -1
 134 101 102 1
 134 102 150 1
 134 150 101 1
 135 102 103 1
 135 103 151 1
 135 151 102 1
 136 103 104 1
 136 104 152 1
 136 152 103 1
 137 105 112 -1
 137 112 153 -1
 137 153 105 -1
 138 105 106 1
 138 106 154 1
 138 154 105 1
 139 106 107 1
 139 107 155 1
 139 155 106 1
 140 107 108 1
 140 108 156 1
 140 156 107 1
 141 100 109 1
 141 109 157 1
 141 157 100 1
 142 109 110 1
 142 110 158 1
 142 158 109 1
 143 110 111 1
 143 111 159 1
 143 159 110 1
 144 111 112 1
 144 112 160 1
 144 160 111 1
 145 129 177 1
 145 177 184 1
 145 184 129 1
 146 130 177 -1
 146 177 178 -1
 146 178 130 -1
 147 131 178 -1
 147 178 179 -1
 147 179 131 -1
 148 132 179 -1
 148 179 180 -1
 148 180 132 -1
 149 133 181 1
 149 181 188 1
 149 188 133 1
 150 134 181 -1
 150 181 182 -1
 150 182 134 -1
 151 135 182 -1
 151 182 183 -1
 151 183 135 -1
 152 136 183 -1
 152 183 184 -1
 152 184 136 -1
 153 137 185 1
 153 185 192 1
 153 192 137 1
 154 138 185 -1
 154 185 186 -1
 154 186 138 -1
 155 139 186 -1
 155 186 187 -1
 155 187 139 -1
 156 140 187 -1
 156 187 188 -1
 156 188 140 -1
 157 141 180 -1
 157 180 189 -1
 157 189 141 -1
 158 142 189 -1
 158 189 190 -1
 158 190 142 -1
 159 143 190 -1
 159 190 191 -1
 159 191 143 -1
 160 144 191 -1
 160 191 192 -1
 160 192 144 -1
 161 1 2 -1
 161 2 177 -1
 161 177 1 -1
 162 2 3 -1
 162 3 178 -1
 162 178 2 -1
 163 3 4 -1
 163 4 179 -1
 163 179 3 -1
 164 4 13 -1
 164 13 180 -1
 164 180 4 -1
 165 5 6 -1
 165 6 181 -1
 165 181 5 -1
 166 6 7 -1
 166 7 182 -1
 166 182 6 -1
 167 7 8 -1
 167 8 183 -1
 167 183 7 -1
 168 1 8 1
 168 8 184 1
 168 184 1 1
 169 9 10 -1
 169 10 185 -1
 169 185 9 -1
 170 10 11 -1
 170 11 186 -1
 170 186 10 -1
 171 11 12 -1
 171 12 187 -1
 171 187 11 -1
 172 5 12 1
 172 12 188 1
 172 188 5 1
 173 13 14 -1
 173 14 189 -1
 173 189 13 -1
 174 14 15 -1
 174 15 190 -1
 174 190 14 -1
 175 15 16 -1
 175 16 191 -1
 175 191 15 -1
 176 9 16 1
 176 16 192 1
 176 192 9 1
 177 145 146 1
 177 146 161 1
 177 161 145 1
 178 146 147 1
 178 147 162 1
 178 162 146 1
 179 147 148 1
 179 148 163 1
 179 163 147 1
 180 148 157 1
 180 157 164 1
 180 164 148 1
 181 149 150 1
 181 150 165 1
 181 165 149 1
 182 150 151 1
 182 151 166 1
 182 166 150 1
 183 151 152 1
 183 152 167 1
 183 167 151 1
 184 145 152 -1
 184 152 168 -1
 184 168 145 -1
 185 153 154 1
 185 154 169 1
 185 169 153 1
 186 154 155 1
 186 155 170 1
 186 170 154 1
 187 155 156 1
 187 156 171 1
 187 171 155 1
 188 149 156 -1
 188 156 172 -1
 188 172 149 -1
 189 157 158 1
 189 158 173 1
 189 173 157 1
 190 158 159 1
 190 159 174 1
 190 174 158 1
 191 159 160 1
 191 160 175 1
 191 175 159 1
 192 153 160 -1
 192 160 176 -1
 192 176 153 -1
