 Zr
 Dipole 
 95
 1.024875e+01
 1.000000000000000e+00 0.000000000000000e+00 0.000000000000000e+00
 0.000000000000000e+00 1.000000000000000e+00 0.000000000000000e+00
 0.000000000000000e+00 0.000000000000000e+00 1.000000000000000e+00
 fra
 -1.591356669868095e-03 1.457123248127574e-02 -1.906325524823618e-02 Zr
 5.050131777241861e-01 1.010560117121308e+00 4.489961872165803e-03 Zr
 2.453132806222582e-01 -6.449550845724366e-03 2.438059829565451e-01 Zr
 7.243961252360094e-01 2.103008006557609e-03 2.557398864180012e-01 Zr
 9.889903175051278e-01 1.011316946293825e+00 4.943439370265415e-01 Zr
 4.941446581414962e-01 1.012201163363451e+00 5.000852159285140e-01 Zr
 2.456199707870938e-01 -3.210721014477075e-03 7.496627475843282e-01 Zr
 7.516709693878868e-01 -4.405938352208098e-03 7.474854730703411e-01 Zr
 2.368694636403252e-01 2.397183838281753e-01 -1.613521264395154e-03 Zr
 7.521891093392639e-01 2.517113335545562e-01 9.998720004000710e-01 Zr
 -2.148198155120454e-03 2.449155779206515e-01 2.409781149306050e-01 Zr
 2.324023191182659e-01 2.502426673042289e-01 4.886602386975065e-01 Zr
 7.441155812305513e-01 2.502251762008381e-01 4.920413629894343e-01 Zr
 1.002415119792701e+00 2.541813952858996e-01 7.464773323697309e-01 Zr
 5.029385540951645e-01 2.413147634285055e-01 7.439654607286093e-01 Zr
 1.002095134008876e+00 5.017915016902408e-01 9.953120323428954e-01 Zr
 5.052521882850916e-01 4.984841977038157e-01 -1.040095017277544e-02 Zr
 7.419474139064166e-01 5.100755920175570e-01 2.496453355318243e-01 Zr
 7.131127041704032e-04 4.959582221011556e-01 5.027730169981499e-01 Zr
 5.053908042873384e-01 5.070282686429421e-01 4.930796844971739e-01 Zr
 2.398794317460982e-01 5.164468056280549e-01 7.530436887958510e-01 Zr
 7.428849662772192e-01 4.956471721945753e-01 7.544350478098368e-01 Zr
 2.570156364119031e-01 7.451264655040762e-01 1.015931550633003e+00 Zr
 7.506695927533658e-01 7.479564418455534e-01 1.005476238060571e+00 Zr
 -3.730911873940397e-03 7.457884999219488e-01 2.456592883477876e-01 Zr
 5.069367208550322e-01 7.563756994692685e-01 2.526771129608503e-01 Zr
 2.417887752153105e-01 7.478104712025018e-01 4.999430916794857e-01 Zr
 7.442138258343650e-01 7.564947690648810e-01 4.976288095830330e-01 Zr
 1.285461122523095e-03 7.520526383444049e-01 7.589731841017919e-01 Zr
 4.918027114961421e-01 7.430477257311147e-01 7.469417806628526e-01 Zr
 1.190935987461225e-01 1.239323588028217e-01 1.089566225790043e-01 O
 6.242926606676775e-01 1.268503516800354e-01 1.370162828189379e-01 O
 3.757345161701983e-01 1.073259485552595e-01 1.203469497196179e-01 O
 8.717883634106700e-01 1.313905563957039e-01 1.185418714528758e-01 O
 1.216939798510923e-01 1.224661698501923e-01 3.598256113662950e-01 O
 6.338681882127439e-01 1.144044011537157e-01 3.873223025283401e-01 O
 3.685207555315466e-01 1.317346914540489e-01 3.834404277764509e-01 O
 8.680380889250591e-01 1.354010090020736e-01 3.729326206406166e-01 O
 1.121815764794978e-01 1.356586162649805e-01 6.158309807616211e-01 O
 6.151050555773763e-01 1.588362814621854e-01 6.219481073926526e-01 O
 3.659386466044851e-01 1.356614512689319e-01 6.275945523831884e-01 O
 8.598205517773050e-01 1.199283000162757e-01 6.312150530065291e-01 O
 1.254062855210538e-01 1.330074875269396e-01 8.633923477619314e-01 O
 6.309406633210486e-01 1.048961493788727e-01 8.708912703964148e-01 O
 3.813961834396077e-01 1.227887207548785e-01 8.770698563130133e-01 O
 8.818476857810925e-01 1.340561302564569e-01 8.620124382388988e-01 O
 3.717064344929113e-01 3.626027314118415e-01 1.228874576804844e-01 O
 8.669055918552770e-01 3.720039283150501e-01 1.282021526930399e-01 O
 1.229726501463450e-01 3.636689181675226e-01 1.238916835323001e-01 O
 6.263736015376611e-01 3.840885206165069e-01 1.154801345743684e-01 O
 3.795982690905245e-01 3.845562640020208e-01 4.055460233012954e-01 O
 8.711186591259240e-01 3.732066341291914e-01 3.720925439944738e-01 O
 1.177323003224718e-01 3.638619987947979e-01 3.732067992586635e-01 O
 6.261137204272677e-01 3.884863185603286e-01 3.856480144833810e-01 O
 8.874083510915706e-01 3.755193941860927e-01 6.243211691295467e-01 O
 1.379002384631618e-01 3.951596574208623e-01 6.230817151153438e-01 O
 6.388623926115142e-01 3.399767894205307e-01 6.273547823331705e-01 O
 3.858428000183338e-01 3.780318236233979e-01 8.396028365972622e-01 O
 8.587711652095242e-01 3.816879190954890e-01 8.750735621631764e-01 O
 1.301340750580469e-01 3.839400419915822e-01 8.686257999945264e-01 O
 6.127558860893323e-01 3.552150468054895e-01 8.725770496866296e-01 O
 1.166845951413244e-01 6.293635377258663e-01 1.317687064034323e-01 O
 6.177708319000138e-01 6.430468808570058e-01 1.160636528262983e-01 O
 3.893304392758349e-01 6.151303254770344e-01 1.121589308831655e-01 O
 8.666853113609131e-01 6.007492783312257e-01 1.275806598099208e-01 O
 1.301688154279651e-01 6.137939688174853e-01 3.907041352905115e-01 O
 6.407434084829008e-01 6.384742326994653e-01 3.791692408693970e-01 O
 3.947683502266178e-01 6.357210058083935e-01 3.808321612958155e-01 O
 8.904489161859908e-01 6.275955218491376e-01 3.790844293059230e-01 O
 1.212647764700106e-01 6.297987840117465e-01 6.323204082750501e-01 O
 6.186854032009165e-01 6.254479061290282e-01 6.191649059701479e-01 O
 3.680197445000367e-01 6.234080440385842e-01 6.295708671550300e-01 O
 8.755537684817223e-01 6.154325652267664e-01 6.339508497531435e-01 O
 1.238585102684612e-01 6.381695821692627e-01 8.874065369431779e-01 O
 6.298183581965593e-01 6.184114585524438e-01 8.639154423054852e-01 O
 3.724183843528999e-01 6.238132955849874e-01 8.657109382502610e-01 O
 8.742191016386722e-01 6.368684706697108e-01 8.805024150340205e-01 O
 3.683724872819888e-01 8.565216770254500e-01 1.324619495899849e-01 O
 8.680856027364947e-01 8.525592660731652e-01 1.304657982851853e-01 O
 1.167652417124163e-01 8.773156791501995e-01 1.149895043290025e-01 O
 6.228117918243466e-01 8.798609637208520e-01 1.219370252414470e-01 O
 3.705699038965344e-01 8.712730726829664e-01 3.660891891277971e-01 O
 8.591725614053329e-01 8.793847644023297e-01 3.829811517880157e-01 O
 1.190806183484513e-01 8.671945872097910e-01 3.672798835699774e-01 O
 6.101601381508976e-01 8.864287008250039e-01 3.681640666981355e-01 O
 3.863788258650278e-01 8.794534207798317e-01 6.380467558099169e-01 O
 8.923570102289338e-01 8.650851804662888e-01 6.408544378491560e-01 O
 1.250968239169683e-01 8.679390801854597e-01 6.213595555649929e-01 O
 6.402568529601826e-01 8.889114009300846e-01 6.262372362046709e-01 O
 3.639537293874733e-01 8.787267198413173e-01 8.875775549755166e-01 O
 8.687561009410805e-01 8.831082320972427e-01 8.674368509233239e-01 O
 1.199203655910424e-01 8.889998350626541e-01 8.643172525217623e-01 O
 6.121691680481486e-01 8.640903955649550e-01 8.787870038313396e-01 O
 4.915337404209454e-01 2.609934549537998e-01 2.509001520697198e-01 Y
 2.682142507023209e-01 4.956777474590180e-01 2.535829707164142e-01 Y
0.0 0.0 0.0 Zr
5.03633 10.2203 0.137133 Zr
2.58166 0.087781 2.48704 Zr
7.73564 0.00981727 2.6101 Zr
10.1783 10.0812 5.14397 Zr
5.15522 10.185 5.03483 Zr
2.5713 0.0644748 7.75499 Zr
7.81805 0.0816796 7.60828 Zr
2.61976 2.56689 0.0105346 Zr
7.70831 2.63004 10.1432 Zr
0.037956 2.49138 2.61198 Zr
2.60453 2.48852 5.11265 Zr
7.67944 2.6428 5.23683 Zr
10.0872 2.48699 7.66995 Zr
5.16991 2.57487 7.756 Zr
10.1859 5.07673 10.2337 Zr
5.10125 5.23123 0.132581 Zr
7.56421 5.1131 2.48251 Zr
0.0254307 5.11613 5.10706 Zr
5.11557 5.22647 5.11197 Zr
2.56927 5.09166 7.64161 Zr
7.65556 5.10998 7.72631 Zr
2.52593 7.68445 10.0869 Zr
7.66602 7.66372 10.1742 Zr
0.0514385 7.59131 2.56707 Zr
5.09231 7.74521 2.47956 Zr
2.61625 7.78131 5.20133 Zr
7.56878 7.7464 4.82712 Zr
0.0342149 7.62355 7.7612 Zr
5.07382 7.64638 7.68472 Zr
1.33955 1.14069 1.33365 O
6.39089 1.27792 1.22416 O
3.85979 1.32541 1.23357 O
8.87864 1.37854 1.28622 O
1.23105 1.29394 3.79888 O
6.45795 1.35775 3.8836 O
3.76277 1.14796 3.93882 O
8.89695 1.12726 3.83435 O
1.33377 1.30325 6.44167 O
6.34706 1.33587 6.53174 O
3.78169 1.17706 6.33782 O
9.0767 1.38619 6.22304 O
1.16292 1.28885 8.94472 O
6.36565 1.32994 8.95463 O
3.88068 1.25563 9.03783 O
8.91457 1.16952 9.05812 O
3.77585 3.80765 1.25468 O
8.97563 3.81833 1.28247 O
1.2856 3.74257 1.37968 O
6.49131 3.83857 1.30034 O
3.81433 3.92295 3.86793 O
8.94955 3.8168 3.81679 O
1.14117 3.89314 3.85991 O
6.39798 3.8454 3.80352 O
9.00545 3.78641 6.35217 O
1.19897 4.002 6.34331 O
6.49693 3.78416 6.39667 O
3.89921 3.84421 8.97672 O
8.81777 3.84516 8.89897 O
1.20097 3.83357 8.95962 O
6.44206 3.89431 9.07032 O
1.13978 6.4993 1.14608 O
6.27979 6.33746 1.35783 O
3.81717 6.57997 1.25098 O
8.92343 6.48244 1.25845 O
1.16841 6.41826 3.86024 O
6.35963 6.39028 4.04095 O
3.75534 6.45588 3.91945 O
9.00836 6.39822 3.79701 O
1.26746 6.42816 6.33249 O
6.3396 6.21899 6.31518 O
3.88458 6.35157 6.37052 O
8.96257 6.43496 6.30679 O
1.23958 6.31676 8.98448 O
6.41444 6.50221 9.04766 O
3.78899 6.36434 8.90472 O
8.83684 6.36247 8.93519 O
3.8018 8.99695 1.19218 O
8.98316 9.09481 1.42365 O
1.2071 9.01451 1.22301 O
6.31417 9.04413 1.14401 O
3.85266 8.96785 3.79097 O
8.88501 9.00801 3.77675 O
1.25275 8.9891 3.94159 O
6.34415 8.90482 3.73766 O
3.91212 9.05425 6.40473 O
8.98755 9.03325 6.38134 O
1.19184 9.10548 6.34504 O
6.48646 9.04868 6.3873 O
3.95212 8.98191 9.06831 O
8.90195 9.06842 8.89207 O
1.37903 8.96625 8.96621 O
6.37438 9.04052 8.99714 O
5.27098 2.48429 2.61889 Y
2.63241 5.12236 2.55813 Y
   Y
