0 -1.12742080060656313e+01 7.29944505222629414e-05 -1.12741350116151082e+01
1 -1.12747922882095466e+01 6.55958725881442624e-04 -1.12741363294836656e+01
2 -1.12759342896033274e+01 1.81688491375237666e-03 -1.12741174046895765e+01
3 -1.12776194958329015e+01 3.54164757889108110e-03 -1.12740778482540094e+01
4 -1.12798841791916402e+01 5.80880906689181051e-03 -1.12740753701247485e+01
5 -1.12826235078504045e+01 8.59039810868536188e-03 -1.12740331097417190e+01
6 -1.12858227714025894e+01 1.18524462806594739e-02 -1.12739703251219314e+01
7 -1.12894427004902376e+01 1.55556077387212881e-02 -1.12738870927515169e+01
8 -1.12935162029003600e+01 1.96557964966265972e-02 -1.12738604064037329e+01
9 -1.12977839841424608e+01 2.41051163082619292e-02 -1.12736788678341995e+01
10 -1.13023873897494038e+01 2.88525960210869112e-02 -1.12735347937283166e+01
11 -1.13073307598051720e+01 3.38447274711213275e-02 -1.12734860323340520e+01
12 -1.13124630204946524e+01 3.90265236229008147e-02 -1.12734364968717529e+01
13 -1.13176519783347675e+01 4.43425455971077562e-02 -1.12733094327376602e+01
14 -1.13229770814686788e+01 4.97375281201688085e-02 -1.12732395533485104e+01
15 -1.13282873526297045e+01 5.51566398829995905e-02 -1.12731307127467044e+01
16 -1.13336257213726661e+01 6.05464957760179293e-02 -1.12730792255966481e+01
17 -1.13388448901604644e+01 6.58559714468542334e-02 -1.12729889187136116e+01
18 -1.13439346840460757e+01 7.10363137632423619e-02 -1.12728983702828334e+01
19 -1.13489071929399152e+01 7.60418129868892512e-02 -1.12728653799530267e+01
20 -1.13536429824675906e+01 8.08300904873362203e-02 -1.12728128919802550e+01
21 -1.13581419688856116e+01 8.53626209865896018e-02 -1.12727793478990215e+01
22 -1.13623314636297188e+01 8.96048699078424021e-02 -1.12727265937218757e+01
23 -1.13661810305781401e+01 9.35264376645925793e-02 -1.12726545929135469e+01
24 -1.13697029555821842e+01 9.71013395801699070e-02 -1.12726016160020137e+01
25 -1.13727797142524647e+01 1.00308068227433961e-01 -1.12724716460250320e+01
26 -1.13756441267616850e+01 1.03129635558217858e-01 -1.12725144912034665e+01
27 -1.13780337098291078e+01 1.05553368684208698e-01 -1.12724803411449006e+01
28 -1.13800940728340851e+01 1.07571121226381211e-01 -1.12725229516077050e+01
29 -1.13817064173562379e+01 1.09179321522774195e-01 -1.12725270958334640e+01
30 -1.13830252825753586e+01 1.10378847432321792e-01 -1.12726464351430380e+01
31 -1.13837863611502552e+01 1.11174576725468294e-01 -1.12726117844247877e+01
32 -1.13842290682627887e+01 1.11575231706976849e-01 -1.12726538365558131e+01
33 -1.13843471806066745e+01 1.11593768177695049e-01 -1.12727534124289797e+01
34 -1.13840999019508686e+01 1.11246924613137038e-01 -1.12728529773377328e+01
35 -1.13834685368194322e+01 1.10554506076683781e-01 -1.12729140307427489e+01
36 -1.13824953105622093e+01 1.09539495800281980e-01 -1.12729558147619269e+01
37 -1.13811869449608309e+01 1.08227862867476154e-01 -1.12729590820933545e+01
38 -1.13797066862221286e+01 1.06648174007718935e-01 -1.12730585122144085e+01
39 -1.13778931584910623e+01 1.04831073121227927e-01 -1.12730620853698333e+01
40 -1.13758357414909650e+01 1.02808920890512773e-01 -1.12730268206004514e+01
41 -1.13736273827895680e+01 1.00615798738447781e-01 -1.12730115840511207e+01
42 -1.13713413246255204e+01 9.82868028071675753e-02 -1.12730545218183540e+01
43 -1.13689556438898460e+01 9.58576204981742425e-02 -1.12730980233916718e+01
44 -1.13665060423061437e+01 9.33640162165724347e-02 -1.12731420260895714e+01
45 -1.13640087797869622e+01 9.08417079070530792e-02 -1.12731670718799091e+01
46 -1.13615959417236727e+01 8.83255241944610608e-02 -1.12732704175292113e+01
47 -1.13591471521756002e+01 8.58487291656220008e-02 -1.12732984230099778e+01
48 -1.13567507993006735e+01 8.34435364693618536e-02 -1.12733072628313113e+01
49 -1.13544777523674547e+01 8.11407290430901096e-02 -1.12733370233243644e+01
50 -1.13522988229123207e+01 7.89684742806310985e-02 -1.12733303486316903e+01
51 -1.13503536457340317e+01 7.69520280079316471e-02 -1.12734016177261012e+01
52 -1.13485115358680471e+01 7.51139513639369344e-02 -1.12733975845041101e+01
53 -1.13468881658356757e+01 7.34736467864502835e-02 -1.12734145190492239e+01
54 -1.13455185854918792e+01 7.20473890953287621e-02 -1.12734711963965495e+01
55 -1.13442821960132996e+01 7.08479386123650051e-02 -1.12734342574009343e+01
56 -1.13433797782337926e+01 6.98844978599825056e-02 -1.12734952803738100e+01
57 -1.13426826226392929e+01 6.91626427531827487e-02 -1.12735199798861103e+01
58 -1.13421925390134852e+01 6.86842831013796395e-02 -1.12735082559121054e+01
59 -1.13419272356247927e+01 6.84478952534075119e-02 -1.12734793403713844e+01
60 -1.13419395414536481e+01 6.84484898990798535e-02 -1.12734910515545685e+01
61 -1.13421241384137197e+01 6.86779374072021415e-02 -1.12734462010065180e+01
62 -1.13425674280089428e+01 6.91250957898876944e-02 -1.12734423322190551e+01
63 -1.13431979278577177e+01 6.97761152432849474e-02 -1.12734218126144334e+01
64 -1.13440367210802080e+01 7.06147724972669560e-02 -1.12734219485829410e+01
65 -1.13450860914638589e+01 7.16225882386256896e-02 -1.12734635032252335e+01
66 -1.13462282794932250e+01 7.27795079204712064e-02 -1.12734487715727543e+01
67 -1.13475184873768704e+01 7.40640734558583730e-02 -1.12734544139210122e+01
68 -1.13488775077107018e+01 7.54538011657360508e-02 -1.12734237065449658e+01
69 -1.13502619020420923e+01 7.69255640006811375e-02 -1.12733363380414122e+01
70 -1.13518219145832244e+01 7.84557438473892643e-02 -1.12733661707358337e+01
71 -1.13533415621081648e+01 8.00207253148724623e-02 -1.12733208367932924e+01
72 -1.13549684122046948e+01 8.15971896531429153e-02 -1.12733712225515514e+01
73 -1.13564894153890137e+01 8.31625815676695634e-02 -1.12733268338213435e+01
74 -1.13580563310378828e+01 8.46951508099317713e-02 -1.12733611802279512e+01
75 -1.13595505977242777e+01 8.61741313164420680e-02 -1.12733764664078340e+01
76 -1.13610301540735481e+01 8.75804095376360447e-02 -1.12734497445359114e+01
77 -1.13624388896923794e+01 8.88962782351697123e-02 -1.12735426114572093e+01
78 -1.13636064781066750e+01 9.01055873446664907e-02 -1.12735008907620085e+01
79 -1.13646722646109453e+01 9.11943249386561045e-02 -1.12734779396722899e+01
80 -1.13657021933697653e+01 9.21503166146619701e-02 -1.12735518767551035e+01
81 -1.13665294733729301e+01 9.29633896864628106e-02 -1.12735660836864664e+01
82 -1.13671876050035703e+01 9.36255694355737217e-02 -1.12735620355679966e+01
83 -1.13677066991056588e+01 9.41307130222511917e-02 -1.12735759860834079e+01
84 -1.13680636756563587e+01 9.44747617549585306e-02 -1.12735889139013992e+01
85 -1.13683144429622853e+01 9.46558806276802389e-02 -1.12736585623346048e+01
86 -1.13683244184350425e+01 9.46743835105581105e-02 -1.12736500349244846e+01
87 -1.13682115766855958e+01 9.45324855982535989e-02 -1.12736790910873435e+01
88 -1.13679785048463771e+01 9.42340298379839014e-02 -1.12737444750083924e+01
89 -1.13676314026293781e+01 9.37847455609958358e-02 -1.12738466570683826e+01
90 -1.13671006913290782e+01 9.31922047396514797e-02 -1.12739084865894270e+01
91 -1.13663953638558528e+01 9.24653670175662468e-02 -1.12739299968382873e+01
92 -1.13656026686404026e+01 9.16147439602556096e-02 -1.12739879246801475e+01
93 -1.13646767596498766e+01 9.06522193205810678e-02 -1.12740245403292949e+01
94 -1.13635921234779342e+01 8.95909181846395453e-02 -1.12740012052932936e+01
95 -1.13624204307457610e+01 8.84449849192819604e-02 -1.12739754458264798e+01
96 -1.13611947827931026e+01 8.72293128848337374e-02 -1.12739654699082674e+01
97 -1.13599328246223674e+01 8.59595016584774052e-02 -1.12739733229638901e+01
98 -1.13585532109831373e+01 8.46515199040476646e-02 -1.12739016910790895e+01
99 -1.13573420318392522e+01 8.33218184422258451e-02 -1.12740202133970246e+01
100 -1.13559687819133579e+01 8.19869924266697914e-02 -1.12739817894866885e+01
101 -1.13546813807418232e+01 8.06636393357142850e-02 -1.12740177414061087e+01
102 -1.13533421794587444e+01 7.93679848740751759e-02 -1.12739741945846692e+01
103 -1.13521016869588909e+01 7.81158954087787794e-02 -1.12739857915501123e+01
104 -1.13508405685379525e+01 7.69225957634623730e-02 -1.12739179727744911e+01
105 -1.13497270974887918e+01 7.58024469088141584e-02 -1.12739246505799766e+01
106 -1.13486789929689333e+01 7.47686952909384084e-02 -1.12739102976779950e+01
107 -1.13477845356953466e+01 7.38330711062421124e-02 -1.12739514645891035e+01
108 -1.13468612308612862e+01 7.30059284752805349e-02 -1.12738553023860053e+01
109 -1.13460723338175740e+01 7.22959795124150234e-02 -1.12737763543051592e+01
110 -1.13454827099514972e+01 7.17103732828955759e-02 -1.12737723366686016e+01
111 -1.13450018939729365e+01 7.12544668531097380e-02 -1.12737474271198259e+01
112 -1.13446524106024800e+01 7.09315425728655330e-02 -1.12737208680296135e+01
113 -1.13444165540625619e+01 7.07427829401275077e-02 -1.12736737711224340e+01
114 -1.13443130335987359e+01 7.06875937523489539e-02 -1.12736254398463878e+01
115 -1.13443779089724366e+01 7.07634572230928793e-02 -1.12736144517493422e+01
116 -1.13446259049699538e+01 7.09657500160664756e-02 -1.12736601549538875e+01
117 -1.13449163035129370e+01 7.12881995062492613e-02 -1.12736281040066881e+01
118 -1.13454145479396136e+01 7.17228372641129097e-02 -1.12736917106755001e+01
119 -1.13459379442118742e+01 7.22600972986124634e-02 -1.12736778469132624e+01
120 -1.13464380644396243e+01 7.28891850832214527e-02 -1.12735488793564027e+01
121 -1.13470948386506958e+01 7.35977829841380354e-02 -1.12734970556665566e+01
122 -1.13477971613717976e+01 7.43723420908109084e-02 -1.12734248192809865e+01
123 -1.13486670474800917e+01 7.51990636672274226e-02 -1.12734679838128642e+01
124 -1.13495560175926062e+01 7.60635591168175446e-02 -1.12734924584757881e+01
125 -1.13504290144459823e+01 7.69509016464757223e-02 -1.12734781127995074e+01
126 -1.13512716324511818e+01 7.78460419178827606e-02 -1.12734255905332983e+01
127 -1.13520885497227511e+01 7.87343146427991608e-02 -1.12733542350799532e+01
128 -1.13530192866094719e+01 7.96015686056463084e-02 -1.12734177180038255e+01
129 -1.13537998775538238e+01 8.04336255694000635e-02 -1.12733662519844238e+01
130 -1.13545128148608825e+01 8.12169971340206687e-02 -1.12732958177268614e+01
131 -1.13551649150315512e+01 8.19390420444607998e-02 -1.12732258729870907e+01
132 -1.13557827604740478e+01 8.25880807967832725e-02 -1.12731946796772657e+01
133 -1.13563946898268391e+01 8.31538128082187078e-02 -1.12732408770186208e+01
134 -1.13567799637637403e+01 8.36270382597259776e-02 -1.12731529255040144e+01
135 -1.13572576568376302e+01 8.40001716584765218e-02 -1.12732574851791529e+01
136 -1.13574371384280290e+01 8.42668581774987102e-02 -1.12731702802505307e+01
137 -1.13576211869062860e+01 8.44221641166393033e-02 -1.12731990227896457e+01
138 -1.13575759246225871e+01 8.44627718748380135e-02 -1.12731131527477508e+01
139 -1.13574909591100344e+01 8.43868198213291038e-02 -1.12731041392887068e+01
140 -1.13573090326466914e+01 8.41943159924442575e-02 -1.12731147166542467e+01
141 -1.13569353240068178e+01 8.38866247723949188e-02 -1.12730486992344225e+01
142 -1.13565649325340736e+01 8.34664907082313112e-02 -1.12730984418258426e+01
143 -1.13560294391962113e+01 8.29385211582250315e-02 -1.12730909180379868e+01
144 -1.13553540834253681e+01 8.23086309818795575e-02 -1.12730454524434887e+01
145 -1.13546033309776160e+01 8.15838476538969792e-02 -1.12730194833237185e+01
146 -1.13537477486066702e+01 8.07728409487128290e-02 -1.12729749076579573e+01
147 -1.13528742027323553e+01 7.98853235523133282e-02 -1.12729888791800406e+01
148 -1.13519147592553207e+01 7.89316795637447916e-02 -1.12729830796915760e+01
149 -1.13508824632373955e+01 7.79234104824116924e-02 -1.12729590527549828e+01
150 -1.13497890838021256e+01 7.68726601498642692e-02 -1.12729164236522621e+01
151 -1.13487431977783686e+01 7.57919497148318022e-02 -1.12729512480635368e+01
152 -1.13476621658345795e+01 7.46941321731290908e-02 -1.12729680336614493e+01
153 -1.13465571524238040e+01 7.35920010331765351e-02 -1.12729651513906273e+01
154 -1.13455012326559750e+01 7.24985809059844610e-02 -1.12730026517499908e+01
155 -1.13443705329933451e+01 7.14264369222617490e-02 -1.12729440960710843e+01
156 -1.13433122849449379e+01 7.03873605904061783e-02 -1.12729249243545322e+01
157 -1.13423376071109203e+01 6.93926049853901966e-02 -1.12729450021255300e+01
158 -1.13413991798496205e+01 6.84523712452376892e-02 -1.12729468086043827e+01
159 -1.13405057255451052e+01 6.75759739490465333e-02 -1.12729297515960578e+01
160 -1.13396859497840374e+01 6.67715317248965684e-02 -1.12729144180591394e+01
161 -1.13389260669445822e+01 6.60456535764699232e-02 -1.12728804133681120e+01
162 -1.13382518657496618e+01 6.54036569745488627e-02 -1.12728482087751143e+01
163 -1.13377244253856198e+01 6.48495054816868449e-02 -1.12728749199039324e+01
164 -1.13372120114318022e+01 6.43859262449709424e-02 -1.12728260851868320e+01
165 -1.13368507904988380e+01 6.40144265304146420e-02 -1.12728363639684233e+01
166 -1.13365832231848724e+01 6.37350659984303458e-02 -1.12728481571864432e+01
167 -1.13363504482421007e+01 6.35466145981195413e-02 -1.12728038336439820e+01
168 -1.13362083279016463e+01 6.34471293163711980e-02 -1.12727611985852754e+01
169 -1.13361730337174986e+01 6.34335753474275510e-02 -1.12727394583700704e+01
170 -1.13362596608872561e+01 6.35018147883737033e-02 -1.12727578460988838e+01
171 -1.13364445085157506e+01 6.36472600220216039e-02 -1.12727972484937293e+01
172 -1.13366266146481074e+01 6.38650786021978112e-02 -1.12727615360459090e+01
173 -1.13369354307729591e+01 6.41500855105990170e-02 -1.12727853452623616e+01
174 -1.13374040849924071e+01 6.44968552731060712e-02 -1.12729072297193014e+01
175 -1.13378536979560636e+01 6.48996866449379067e-02 -1.12729540113111248e+01
176 -1.13383748059739773e+01 6.53528197731738508e-02 -1.12730219862008045e+01
177 -1.13389042025810465e+01 6.58509310358837696e-02 -1.12730532715451623e+01
178 -1.13394754776654718e+01 6.63890217904941626e-02 -1.12730864558749779e+01
179 -1.13400066999197531e+01 6.69621411579403025e-02 -1.12730445587618124e+01
180 -1.13407044295739219e+01 6.75655097069645799e-02 -1.12731389198669589e+01
181 -1.13413714768956542e+01 6.81947154701567360e-02 -1.12731767614254981e+01
182 -1.13421201826415654e+01 6.88458039398087557e-02 -1.12732743787017569e+01
183 -1.13428502174348171e+01 6.95151223227490067e-02 -1.12733350951120688e+01
184 -1.13435394825673068e+01 7.01993143105915235e-02 -1.12733401682567145e+01
185 -1.13442991689207116e+01 7.08953775416891752e-02 -1.12734037913790210e+01
186 -1.13450497247569189e+01 7.16005241140068444e-02 -1.12734492006429114e+01
187 -1.13457497641512770e+01 7.23120266925830896e-02 -1.12734377374586945e+01
188 -1.13464929567007147e+01 7.30271597599644190e-02 -1.12734657969407515e+01
189 -1.13472578367629673e+01 7.37433992299169616e-02 -1.12735144375330503e+01
190 -1.13479839161478449e+01 7.44583421775504850e-02 -1.12735255739702946e+01
191 -1.13486875186791032e+01 7.51693283551481267e-02 -1.12735181903239550e+01
192 -1.13494808943162724e+01 7.58734338761186261e-02 -1.12736074604401537e+01
193 -1.13501691338322335e+01 7.65680818079093189e-02 -1.12736010520243237e+01
194 -1.13509030528813906e+01 7.72504785095220886e-02 -1.12736525743718694e+01
195 -1.13516026673220338e+01 7.79174988084075371e-02 -1.12736851685136266e+01
196 -1.13522846249428824e+01 7.85662430087199770e-02 -1.12737183819341631e+01
197 -1.13528478459446891e+01 7.91936555277459736e-02 -1.12736541904169432e+01
198 -1.13534443320008318e+01 7.97963842843614352e-02 -1.12736479477164711e+01
199 -1.13539731735682992e+01 8.03712871836836512e-02 -1.12736018863846148e+01
200 -1.13545676376675466e+01 8.09152641924514027e-02 -1.12736523734750946e+01
201 -1.13551853607973730e+01 8.14255178803560131e-02 -1.12737598429170163e+01
202 -1.13557462213666209e+01 8.18994716070792356e-02 -1.12738467497595423e+01
203 -1.13561522065248930e+01 8.23344871032075515e-02 -1.12738177194216860e+01
204 -1.13565539073454520e+01 8.27284930161060195e-02 -1.12738254143293464e+01
205 -1.13569504268280799e+01 8.30796699584521459e-02 -1.12738707568696288e+01
206 -1.13572237760325461e+01 8.33866853541224001e-02 -1.12738370906784233e+01
207 -1.13574702156570506e+01 8.36487308523788109e-02 -1.12738214848046709e+01
208 -1.13577277687049545e+01 8.38655582272266192e-02 -1.12738622104777289e+01
209 -1.13579381780031881e+01 8.40372319328057255e-02 -1.12739009460703823e+01
210 -1.13580817735624642e+01 8.41640362072584164e-02 -1.12739177373552053e+01
211 -1.13582175390076916e+01 8.42469438298506651e-02 -1.12739705951778397e+01
212 -1.13582121921771719e+01 8.42874179868234319e-02 -1.12739247741903483e+01
213 -1.13582021041636096e+01 8.42873179561564462e-02 -1.12739147862074542e+01
214 -1.13581112871634691e+01 8.42487893069720495e-02 -1.12738624978564967e+01
215 -1.13580785113088520e+01 8.41740754654304729e-02 -1.12739044358434217e+01
216 -1.13580091170488107e+01 8.40658635966117923e-02 -1.12739432534521988e+01
217 -1.13579442012445639e+01 8.39268146323825098e-02 -1.12740173866121829e+01
218 -1.13577519956393242e+01 8.37593638276161317e-02 -1.12739926318117085e+01
219 -1.13576649493030644e+01 8.35662794524444086e-02 -1.12740986698506198e+01
220 -1.13573982925554233e+01 8.33502589747176087e-02 -1.12740480335807050e+01
221 -1.13570881756777187e+01 8.31139655988144405e-02 -1.12739742100789027e+01
222 -1.13569105656645331e+01 8.28599425763186098e-02 -1.12740506230882147e+01
223 -1.13566178690163966e+01 8.25904208586393102e-02 -1.12740274481577565e+01
224 -1.13562506183314191e+01 8.23073978595177669e-02 -1.12739432204719030e+01
225 -1.13559068181870906e+01 8.20127545617035658e-02 -1.12738940636253879e+01
226 -1.13556075925141187e+01 8.17084616343980163e-02 -1.12738991308797214e+01
227 -1.13552781185305438e+01 8.13962569175762651e-02 -1.12738818616129688e+01
228 -1.13549196849145506e+01 8.10773832629186481e-02 -1.12738423016516318e+01
229 -1.13545143047468677e+01 8.07530499413797315e-02 -1.12737612548054873e+01
230 -1.13541984832074867e+01 8.04243184208386086e-02 -1.12737741647866478e+01
231 -1.13538183144325906e+01 8.00919570894370464e-02 -1.12737263573431541e+01
232 -1.13533943471389005e+01 7.97565877547332241e-02 -1.12736377593841688e+01
233 -1.13529659596462693e+01 7.94189608180581180e-02 -1.12735469988282109e+01
234 -1.13526694545248628e+01 7.90798277234719127e-02 -1.12735896268013907e+01
235 -1.13522737585707194e+01 7.87396021586686395e-02 -1.12735341564120510e+01
236 -1.13519337945638128e+01 7.83987454507502207e-02 -1.12735350491130628e+01
237 -1.13514393170516943e+01 7.80579910726728887e-02 -1.12733813259790203e+01
238 -1.13510219834623456e+01 7.77179296783176432e-02 -1.12733040537840292e+01
239 -1.13506247030222198e+01 7.73790240323330297e-02 -1.12732456789898858e+01
240 -1.13502484212586943e+01 7.70416886774430709e-02 -1.12732067325812508e+01
241 -1.13498553813263516e+01 7.67063939971102532e-02 -1.12731489873292414e+01
242 -1.13494275173892412e+01 7.63738046920372643e-02 -1.12730537126972035e+01
243 -1.13490234778105954e+01 7.60446465613469347e-02 -1.12729788312492492e+01
244 -1.13487014981203629e+01 7.57196830248610536e-02 -1.12729818150955019e+01
245 -1.13483097853760988e+01 7.53995821767092789e-02 -1.12729102031993893e+01
246 -1.13480409987327100e+01 7.50848768517364540e-02 -1.12729561218809735e+01
247 -1.13477226260560258e+01 7.47759033466835893e-02 -1.12729467227093423e+01
248 -1.13473360702196562e+01 7.44730810599878584e-02 -1.12728629891596697e+01
249 -1.13469211184256800e+01 7.41768426626560062e-02 -1.12727442757630243e+01
250 -1.13465924498706077e+01 7.38874606801710465e-02 -1.12727049891904372e+01
251 -1.13462548560696259e+01 7.36050898874903575e-02 -1.12726497661821359e+01
252 -1.13459278032855870e+01 7.33297813567696383e-02 -1.12725980219288182e+01
253 -1.13456310310182289e+01 7.30615620596900550e-02 -1.12725694689585385e+01
254 -1.13453250176155880e+01 7.28002913370350280e-02 -1.12725247262785526e+01
255 -1.13449907771612359e+01 7.25456549547422863e-02 -1.12724451222064932e+01
256 -1.13446857380364676e+01 7.22973391796440379e-02 -1.12723883988568243e+01
257 -1.13444096242143821e+01 7.20549907459774736e-02 -1.12723546334684048e+01
258 -1.13442779400122067e+01 7.18184165110628686e-02 -1.12724595235011442e+01
259 -1.13440203506616903e+01 7.15873642046149505e-02 -1.12724329864570763e+01
260 -1.13437708976671559e+01 7.13613836226932724e-02 -1.12724095140444618e+01
261 -1.13435676527883800e+01 7.11402039351311938e-02 -1.12724274488532483e+01
262 -1.13433924691845487e+01 7.09239711341257267e-02 -1.12724684980504239e+01
263 -1.13432453628364200e+01 7.07129949734548041e-02 -1.12725323678629650e+01
264 -1.13430491646265743e+01 7.05075017925077402e-02 -1.12725416628340671e+01
265 -1.13428618245968504e+01 7.03079486490175709e-02 -1.12725538759478336e+01
266 -1.13427224624591272e+01 7.01151146427004546e-02 -1.12726073478164270e+01
267 -1.13425359249447890e+01 6.99301559952509866e-02 -1.12726057689495391e+01
268 -1.13423610074494352e+01 6.97544469499489644e-02 -1.12726065604994865e+01
269 -1.13421800472809196e+01 6.95895811056518321e-02 -1.12725904661752665e+01
270 -1.13419940066607658e+01 6.94373549918458621e-02 -1.12725566516689195e+01
271 -1.13419210604911704e+01 6.92995599104860860e-02 -1.12726215005806853e+01
272 -1.13418085549332464e+01 6.91781880732602050e-02 -1.12726303668599872e+01
273 -1.13417356153652396e+01 6.90755204974097259e-02 -1.12726600948678293e+01
274 -1.13417041893832984e+01 6.89937613401579997e-02 -1.12727104280431405e+01
275 -1.13416201253651110e+01 6.89350196554783246e-02 -1.12726851057096322e+01
276 -1.13416973751110177e+01 6.89014795968184435e-02 -1.12727958955142000e+01
277 -1.13417446299218607e+01 6.88951692123115217e-02 -1.12728494607095495e+01
278 -1.13418408372984274e+01 6.89177821351167064e-02 -1.12729230551633108e+01
279 -1.13419680612425928e+01 6.89707585297343606e-02 -1.12729973027128594e+01
280 -1.13421857889507720e+01 6.90555522763723340e-02 -1.12731302366743993e+01
281 -1.13423400323323165e+01 6.91731251524269480e-02 -1.12731669071798883e+01
282 -1.13425082841039195e+01 6.93236951656192035e-02 -1.12731845889382996e+01
283 -1.13427097647362700e+01 6.95073623413631908e-02 -1.12732024023949062e+01
284 -1.13429440510373674e+01 6.97238684417896964e-02 -1.12732201825955780e+01
285 -1.13431909384080214e+01 6.99724045178669318e-02 -1.12732185338901552e+01
286 -1.13434299577198026e+01 7.02517640169338237e-02 -1.12731781937028686e+01
287 -1.13438708612922259e+01 7.05603940796914186e-02 -1.12733104672125357e+01
288 -1.13442806834175709e+01 7.08961697291708576e-02 -1.12733845136884003e+01
289 -1.13447147396108612e+01 7.12568134118327506e-02 -1.12734579261990273e+01
290 -1.13451319227547867e+01 7.16397725958290432e-02 -1.12734921501589582e+01
291 -1.13455868758133587e+01 7.20421553542924947e-02 -1.12735447204590677e+01
292 -1.13459805863888903e+01 7.24611199866689731e-02 -1.12735194664022202e+01
293 -1.13464823213188311e+01 7.28935288870415088e-02 -1.12735887924317897e+01
294 -1.13469353333299328e+01 7.33361373525367038e-02 -1.12735991959773951e+01
295 -1.13474133925079492e+01 7.37857327366566174e-02 -1.12736276597712930e+01
296 -1.13479133668977763e+01 7.42391255541291206e-02 -1.12736742413436470e+01
297 -1.13484125857071945e+01 7.46931366809069491e-02 -1.12737194490262880e+01
298 -1.13489076540113540e+01 7.51446977505605823e-02 -1.12737629562607946e+01
299 -1.13493965706472864e+01 7.55907064052141753e-02 -1.12738058642420729e+01
300 -1.13498353734122617e+01 7.60284220775557656e-02 -1.12738069513347057e+01
301 -1.13503008472120026e+01 7.64555917016872533e-02 -1.12738452555103148e+01
302 -1.13506554369808796e+01 7.68699135377812481e-02 -1.12737855234430988e+01
303 -1.13511081727854517e+01 7.72688645842363048e-02 -1.12738393082012163e+01
304 -1.13514641962176626e+01 7.76500011695382131e-02 -1.12738141950481250e+01
305 -1.13518370220888940e+01 7.80114988079822075e-02 -1.12738255232809124e+01
306 -1.13521676005942211e+01 7.83518081883613771e-02 -1.12738157924058591e+01
307 -1.13525117659956276e+01 7.86691529796967048e-02 -1.12738426130159315e+01
308 -1.13527528989014925e+01 7.89620950059970184e-02 -1.12737908038954942e+01
309 -1.13530627498912171e+01 7.92294718494559319e-02 -1.12738332780417601e+01
310 -1.13532863360686154e+01 7.94699191728932275e-02 -1.12738164168957233e+01
311 -1.13535191123695203e+01 7.96825694248915750e-02 -1.12738365429446290e+01
312 -1.13537408618551847e+01 7.98664163800107130e-02 -1.12738744454751743e+01
313 -1.13539698873884802e+01 8.00204086913299667e-02 -1.12739494786971512e+01
314 -1.13540517667174399e+01 8.01436301514132643e-02 -1.12739081365660265e+01
315 -1.13541391694815754e+01 8.02348833317595433e-02 -1.12739042861498167e+01
316 -1.13541158614808033e+01 8.02930928515528664e-02 -1.12738227686292518e+01
317 -1.13541739648456392e+01 8.03173145325233873e-02 -1.12738566503131157e+01
318 -1.13541579172931613e+01 8.03066716203265363e-02 -1.12738512456728337e+01
319 -1.13540672592185832e+01 8.02601672025142765e-02 -1.12738070920160691e+01
320 -1.13539977975232755e+01 8.01770621984434911e-02 -1.12738207353248328e+01
321 -1.13538913471949137e+01 8.00567804680537565e-02 -1.12738345667268600e+01
322 -1.13537092679991893e+01 7.98988982202367137e-02 -1.12738103697789516e+01
323 -1.13535093090762214e+01 7.97032854815622888e-02 -1.12738060235946591e+01
324 -1.13533109171205666e+01 7.94700592865527633e-02 -1.12738408578340135e+01
325 -1.13530376538079150e+01 7.91996210487071611e-02 -1.12738380327592065e+01
326 -1.13526520795172132e+01 7.88928161055543753e-02 -1.12737592634116588e+01
327 -1.13523479185991043e+01 7.85508923042907981e-02 -1.12737970262948135e+01
328 -1.13520308356287885e+01 7.81756010002097879e-02 -1.12738552346285790e+01
329 -1.13516264442118882e+01 7.77693508327925442e-02 -1.12738570933790943e+01
330 -1.13512142751273259e+01 7.73348598877463544e-02 -1.12738794152395805e+01
331 -1.13507977083257412e+01 7.68754162692308063e-02 -1.12739222920565094e+01
332 -1.13504192581701648e+01 7.63951052805316305e-02 -1.12740241528896323e+01
333 -1.13499096293929949e+01 7.58983136546032416e-02 -1.12740113157383917e+01
334 -1.13494092624161915e+01 7.53898243853626110e-02 -1.12740194380308285e+01
335 -1.13489035864563945e+01 7.48751326986379778e-02 -1.12740284537577562e+01
336 -1.13483412101440333e+01 7.43598917593641662e-02 -1.12739813183846689e+01
337 -1.13478612881706731e+01 7.38500102338110753e-02 -1.12740112779368609e+01
338 -1.13473551835017599e+01 7.33517573693389380e-02 -1.12740034261324205e+01
339 -1.13469635267040374e+01 7.28713964397116887e-02 -1.12740921302643251e+01
340 -1.13465384812842842e+01 7.24151608252720097e-02 -1.12741233204590117e+01
341 -1.13461435513099502e+01 7.19890844552388970e-02 -1.12741544668547107e+01
342 -1.13458231076877496e+01 7.15991922137646924e-02 -1.12742239154739856e+01
343 -1.13454286129476767e+01 7.12510859318136597e-02 -1.12741775270158637e+01
344 -1.13451378984819709e+01 7.09499189645608902e-02 -1.12741879795174089e+01
345 -1.13449744163487942e+01 7.07004169216448597e-02 -1.12742739994271481e+01
346 -1.13447697937413530e+01 7.05065982061665042e-02 -1.12742631955351875e+01
347 -1.13446998358195561e+01 7.03718496647911945e-02 -1.12743279861547645e+01
348 -1.13445939183172655e+01 7.02987132718095042e-02 -1.12742952050454566e+01
349 -1.13445880598665969e+01 7.02889790701571732e-02 -1.12742990807964407e+01
