 Nd
 ADP Wang
 68
 1.000000e+00
 8.877857733846701e+00 -4.492466935106210e-05 -1.341354864375419e-05
 6.145241010395124e-05 1.214399666195316e+01 5.356875571035792e-05
 1.339770568815732e-05 -3.916145792981206e-05 8.877857733874032e+00
 fra
 3.233042451595984e-01 4.988260373995696e-01 6.251344274626759e-01 Nd
 1.913922254557135e-01 4.988260373499458e-01 1.914022207692724e-01 Nd
 7.570364519628526e-01 4.988260373499410e-01 7.570464472764115e-01 Nd
 6.251244321491172e-01 4.988260373995698e-01 3.233142404731580e-01 Nd
 6.913922253180229e-01 9.988260370102079e-01 2.570464473896164e-01 Nd
 8.233042452552274e-01 9.988260369415640e-01 8.233142405687861e-01 Nd
 1.251244321047654e-01 9.988260369415670e-01 1.251344274183255e-01 Nd
 2.570364520760562e-01 9.988260370102078e-01 6.914022206315817e-01 Nd
 7.470087870593403e-01 8.678172020587795e-01 5.419982946416295e-01 Fe
 6.143685556114955e-01 8.251611451156862e-01 1.332681906982507e-02 Fe
 2.470087872317711e-01 3.678172025547324e-01 9.064503733936419e-01 Fe
 1.143685557153445e-01 3.251611455793823e-01 4.351218492603905e-01 Fe
 3.756274430289960e-01 3.243936576716690e-01 3.756374383425548e-01 Fe
 9.064403780800826e-01 3.678172025547324e-01 2.470187825453300e-01 Fe
 1.575645386562753e-01 2.498780386609401e-01 1.575745339698345e-01 Fe
 4.351118539468311e-01 3.251611455793822e-01 1.143785510289036e-01 Fe
 8.756274431115680e-01 8.243936566056371e-01 7.281122959660470e-02 Fe
 9.742143385770515e-01 3.502011125774456e-01 9.742243338906109e-01 Fe
 7.014198902240413e-01 3.678172023838024e-01 4.199829461934639e-02 Fe
 9.742143385139347e-01 4.988260373165440e-01 4.742243341714280e-01 Fe
 8.340601216833632e-01 3.251611455342350e-01 5.133268187328404e-01 Fe
 5.728012343524385e-01 3.243936577360835e-01 5.728112296659986e-01 Fe
 4.198829930578674e-02 3.678172023838021e-01 7.014298855376002e-01 Fe
 7.908641387489889e-01 2.498780386637949e-01 7.908741340625479e-01 Fe
 5.133168234192812e-01 3.251611455342350e-01 8.340701169969229e-01 Fe
 4.064403780864224e-01 8.678172021048818e-01 2.014298855754697e-01 Fe
 3.340601217113776e-01 8.251611450887750e-01 9.351218489142117e-01 Fe
 7.280123428304473e-02 8.243936566056375e-01 8.756374384251269e-01 Fe
 5.419882993280701e-01 8.678172020587789e-01 7.470187823728999e-01 Fe
 2.908641389513128e-01 7.498780382887730e-01 6.575745337267486e-01 Fe
 1.331682375626592e-02 8.251611451156858e-01 6.143785509250544e-01 Fe
 2.014198902619104e-01 8.678172021048818e-01 4.064503733999815e-01 Fe
 6.575645384131893e-01 7.498780382887729e-01 2.908741342648724e-01 Fe
 4.742143387198689e-01 9.988260372615341e-01 9.742243337432152e-01 Fe
 6.143685554483331e-01 1.724909294408564e-01 1.332681905462661e-02 Fe
 8.756274431354913e-01 1.732584178793158e-01 7.281122957268515e-02 Fe
 4.064403780950027e-01 1.298348725368606e-01 2.014298854652892e-01 Fe
 6.575645384233100e-01 2.477740364149424e-01 2.908741342547601e-01 Fe
 4.742143386807204e-01 1.474509630245681e-01 4.742243339942794e-01 Fe
 9.351118536158552e-01 1.724909294677696e-01 3.340701171881004e-01 Fe
 7.470087871695237e-01 1.298348725829616e-01 5.419982946330524e-01 Fe
 4.742143386807209e-01 8.502011117032978e-01 4.742243339942799e-01 Fe
 2.470087872513751e-01 6.298348722080008e-01 9.064503734247230e-01 Fe
 1.143685557001839e-01 6.724909291457987e-01 4.351218493077945e-01 Fe
 3.756274430178912e-01 6.732584171489084e-01 3.756374383314500e-01 Fe
 9.064403781111644e-01 6.298348722080008e-01 2.470187825649341e-01 Fe
 1.575645386968754e-01 7.477740359690164e-01 1.575745340104348e-01 Fe
 4.351118539942350e-01 6.724909291457983e-01 1.143785510137429e-01 Fe
 4.742143388578685e-01 4.988260373165441e-01 9.742243338274938e-01 Fe
 9.742143384296563e-01 9.988260372615343e-01 4.742243340334284e-01 Fe
 9.742143385770475e-01 6.474509620444399e-01 9.742243338906066e-01 Fe
 7.014198902044283e-01 6.298348723789273e-01 4.199829458825623e-02 Fe
 8.340601216985137e-01 6.724909291909443e-01 5.133268186854303e-01 Fe
 5.728012343635343e-01 6.732584170844831e-01 5.728112296770941e-01 Fe
 4.198829927469654e-02 6.298348723789274e-01 7.014298855179875e-01 Fe
 7.908641387083806e-01 7.477740359661551e-01 7.908741340219396e-01 Fe
 5.133168233718713e-01 6.724909291909443e-01 8.340701170120731e-01 Fe
 9.351118536006527e-01 8.251611450887751e-01 3.340701170249374e-01 Fe
 3.340601218745408e-01 1.724909294677696e-01 9.351218489294149e-01 Fe
 7.280123425912492e-02 1.732584178793156e-01 8.756374384490494e-01 Fe
 5.419882993194923e-01 1.298348725829619e-01 7.470187824830827e-01 Fe
 2.908641389412008e-01 2.477740364149423e-01 6.575745337368685e-01 Fe
 1.331682374106720e-02 1.724909294408567e-01 6.143785507618924e-01 Fe
 2.014198901517304e-01 1.298348725368607e-01 4.064503734085618e-01 Fe
 3.738839887660125e-01 9.988260374338993e-01 3.738939840795714e-01 B
 7.454468891951357e-02 4.988260373674622e-01 8.738939837151902e-01 B
 8.738839884016315e-01 4.988260373674626e-01 7.455468423307388e-02 B
 5.745446886053104e-01 9.988260374339001e-01 5.745546839188709e-01 B
