
# E = -9.3991910512 (eV/atom)

# Sxx Syy Szz Sxy Syz Szx (eV/A3)
    0.0248703190    0.0327056407    0.0292942727    0.0000311481    0.0016374853    0.0012012697

# Fx Fy Fz (eV/A)

   -1.240290    0.012635   -0.237052
   -2.116406   -0.165101   -0.076937
    1.959164   -0.206541    0.141084
    1.375541    0.089357   -0.133316

   -0.509281    0.539238    0.136990
   -0.390345   -0.377918   -0.057742
    0.031750   -0.412372    0.193463
    0.045201    0.467541   -0.127196
    0.253585    1.044000    0.774675
    0.411344    0.356206   -0.720388
    0.075320   -1.067538    0.603234
    0.104418   -0.279507   -0.496813

