 312
 1 52 -52 -1
 1 -52 53 -1
 1 53 52 -1
 2 53 -53 1
 2 -53 54 1
 2 54 53 1
 3 28 -28 -1
 3 -28 55 -1
 3 55 28 -1
 4 55 -55 1
 4 -55 56 1
 4 56 55 1
 5 30 -30 -1
 5 -30 57 -1
 5 57 30 -1
 6 57 -57 1
 6 -57 58 1
 6 58 57 1
 7 32 -32 -1
 7 -32 59 -1
 7 59 32 -1
 8 59 -59 1
 8 -59 60 1
 8 60 59 1
 9 34 -34 -1
 9 -34 61 -1
 9 61 34 -1
 10 61 -61 1
 10 -61 62 1
 10 62 61 1
 11 36 -36 -1
 11 -36 63 -1
 11 63 36 -1
 12 63 -63 1
 12 -63 64 1
 12 64 63 1
 13 38 -38 -1
 13 -38 65 -1
 13 65 38 -1
 14 65 -65 1
 14 -65 66 1
 14 66 65 1
 15 40 -40 -1
 15 -40 67 -1
 15 67 40 -1
 16 67 -67 1
 16 -67 68 1
 16 68 67 1
 17 42 -42 -1
 17 -42 69 -1
 17 69 42 -1
 18 69 -69 1
 18 -69 70 1
 18 70 69 1
 19 44 -44 -1
 19 -44 71 -1
 19 71 44 -1
 20 71 -71 1
 20 -71 72 1
 20 72 71 1
 21 46 -46 -1
 21 -46 73 -1
 21 73 46 -1
 22 73 -73 1
 22 -73 74 1
 22 74 73 1
 23 48 -48 -1
 23 -48 75 -1
 23 75 48 -1
 24 75 -75 1
 24 -75 76 1
 24 76 75 1
 25 50 -50 -1
 25 -50 77 -1
 25 77 50 -1
 26 77 -77 1
 26 -77 78 1
 26 78 77 1
 27 79 80 1
 27 80 -80 1
 27 -80 79 1
 28 3 -3 -1
 28 -3 80 -1
 28 80 3 -1
 29 81 82 1
 29 82 -82 1
 29 -82 81 1
 30 5 -5 -1
 30 -5 82 -1
 30 82 5 -1
 31 83 84 1
 31 84 -84 1
 31 -84 83 1
 32 7 -7 -1
 32 -7 84 -1
 32 84 7 -1
 33 85 86 1
 33 86 -86 1
 33 -86 85 1
 34 9 -9 -1
 34 -9 86 -1
 34 86 9 -1
 35 87 88 1
 35 88 -88 1
 35 -88 87 1
 36 11 -11 -1
 36 -11 88 -1
 36 88 11 -1
 37 89 90 1
 37 90 -90 1
 37 -90 89 1
 38 13 -13 -1
 38 -13 90 -1
 38 90 13 -1
 39 91 92 1
 39 92 -92 1
 39 -92 91 1
 40 15 -15 -1
 40 -15 92 -1
 40 92 15 -1
 41 93 94 1
 41 94 -94 1
 41 -94 93 1
 42 17 -17 -1
 42 -17 94 -1
 42 94 17 -1
 43 95 96 1
 43 96 -96 1
 43 -96 95 1
 44 19 -19 -1
 44 -19 96 -1
 44 96 19 -1
 45 97 98 1
 45 98 -98 1
 45 -98 97 1
 46 21 -21 -1
 46 -21 98 -1
 46 98 21 -1
 47 99 100 1
 47 100 -100 1
 47 -100 99 1
 48 23 -23 -1
 48 -23 100 -1
 48 100 23 -1
 49 101 102 1
 49 102 -102 1
 49 -102 101 1
 50 25 -25 -1
 50 -25 102 -1
 50 102 25 -1
 51 103 104 1
 51 104 -104 1
 51 -104 103 1
 52 1 -1 -1
 52 -1 104 -1
 52 104 1 -1
 53 1 2 1
 53 2 -2 1
 53 -2 1 1
 54 2 79 -1
 54 79 -79 -1
 54 -79 2 -1
 55 3 4 1
 55 4 -4 1
 55 -4 3 1
 56 4 81 -1
 56 81 -81 -1
 56 -81 4 -1
 57 5 6 1
 57 6 -6 1
 57 -6 5 1
 58 6 83 -1
 58 83 -83 -1
 58 -83 6 -1
 59 7 8 1
 59 8 -8 1
 59 -8 7 1
 60 8 85 -1
 60 85 -85 -1
 60 -85 8 -1
 61 9 10 1
 61 10 -10 1
 61 -10 9 1
 62 10 87 -1
 62 87 -87 -1
 62 -87 10 -1
 63 11 12 1
 63 12 -12 1
 63 -12 11 1
 64 12 89 -1
 64 89 -89 -1
 64 -89 12 -1
 65 13 14 1
 65 14 -14 1
 65 -14 13 1
 66 14 91 -1
 66 91 -91 -1
 66 -91 14 -1
 67 15 16 1
 67 16 -16 1
 67 -16 15 1
 68 16 93 -1
 68 93 -93 -1
 68 -93 16 -1
 69 17 18 1
 69 18 -18 1
 69 -18 17 1
 70 18 95 -1
 70 95 -95 -1
 70 -95 18 -1
 71 19 20 1
 71 20 -20 1
 71 -20 19 1
 72 20 97 -1
 72 97 -97 -1
 72 -97 20 -1
 73 21 22 1
 73 22 -22 1
 73 -22 21 1
 74 22 99 -1
 74 99 -99 -1
 74 -99 22 -1
 75 23 24 1
 75 24 -24 1
 75 -24 23 1
 76 24 101 -1
 76 101 -101 -1
 76 -101 24 -1
 77 25 26 1
 77 26 -26 1
 77 -26 25 1
 78 26 103 -1
 78 103 -103 -1
 78 -103 26 -1
 79 27 54 -1
 79 54 -54 -1
 79 -54 27 -1
 80 27 -27 1
 80 -27 28 1
 80 28 27 1
 81 29 56 -1
 81 56 -56 -1
 81 -56 29 -1
 82 29 -29 1
 82 -29 30 1
 82 30 29 1
 83 31 58 -1
 83 58 -58 -1
 83 -58 31 -1
 84 31 -31 1
 84 -31 32 1
 84 32 31 1
 85 33 60 -1
 85 60 -60 -1
 85 -60 33 -1
 86 33 -33 1
 86 -33 34 1
 86 34 33 1
 87 35 62 -1
 87 62 -62 -1
 87 -62 35 -1
 88 35 -35 1
 88 -35 36 1
 88 36 35 1
 89 37 64 -1
 89 64 -64 -1
 89 -64 37 -1
 90 37 -37 1
 90 -37 38 1
 90 38 37 1
 91 39 66 -1
 91 66 -66 -1
 91 -66 39 -1
 92 39 -39 1
 92 -39 40 1
 92 40 39 1
 93 41 68 -1
 93 68 -68 -1
 93 -68 41 -1
 94 41 -41 1
 94 -41 42 1
 94 42 41 1
 95 43 70 -1
 95 70 -70 -1
 95 -70 43 -1
 96 43 -43 1
 96 -43 44 1
 96 44 43 1
 97 45 72 -1
 97 72 -72 -1
 97 -72 45 -1
 98 45 -45 1
 98 -45 46 1
 98 46 45 1
 99 47 74 -1
 99 74 -74 -1
 99 -74 47 -1
 100 47 -47 1
 100 -47 48 1
 100 48 47 1
 101 49 76 -1
 101 76 -76 -1
 101 -76 49 -1
 102 49 -49 1
 102 -49 50 1
 102 50 49 1
 103 51 78 -1
 103 78 -78 -1
 103 -78 51 -1
 104 51 -51 1
 104 -51 52 1
 104 52 51 1
