 696
 1 59 117 1
 1 117 174 1
 1 174 59 1
 2 60 117 -1
 2 117 118 -1
 2 118 60 -1
 3 61 118 -1
 3 118 119 -1
 3 119 61 -1
 4 62 119 -1
 4 119 120 -1
 4 120 62 -1
 5 63 120 -1
 5 120 121 -1
 5 121 63 -1
 6 64 121 -1
 6 121 122 -1
 6 122 64 -1
 7 65 122 -1
 7 122 123 -1
 7 123 65 -1
 8 66 123 -1
 8 123 124 -1
 8 124 66 -1
 9 67 124 -1
 9 124 125 -1
 9 125 67 -1
 10 68 125 -1
 10 125 126 -1
 10 126 68 -1
 11 69 126 -1
 11 126 127 -1
 11 127 69 -1
 12 70 127 -1
 12 127 128 -1
 12 128 70 -1
 13 71 128 -1
 13 128 129 -1
 13 129 71 -1
 14 72 129 -1
 14 129 130 -1
 14 130 72 -1
 15 73 130 -1
 15 130 131 -1
 15 131 73 -1
 16 74 131 -1
 16 131 132 -1
 16 132 74 -1
 17 75 132 -1
 17 132 133 -1
 17 133 75 -1
 18 76 133 -1
 18 133 134 -1
 18 134 76 -1
 19 77 134 -1
 19 134 135 -1
 19 135 77 -1
 20 78 135 -1
 20 135 136 -1
 20 136 78 -1
 21 79 136 -1
 21 136 137 -1
 21 137 79 -1
 22 80 137 -1
 22 137 138 -1
 22 138 80 -1
 23 81 138 -1
 23 138 139 -1
 23 139 81 -1
 24 82 139 -1
 24 139 140 -1
 24 140 82 -1
 25 83 140 -1
 25 140 141 -1
 25 141 83 -1
 26 84 141 -1
 26 141 142 -1
 26 142 84 -1
 27 85 142 -1
 27 142 143 -1
 27 143 85 -1
 28 86 143 -1
 28 143 144 -1
 28 144 86 -1
 29 87 144 -1
 29 144 145 -1
 29 145 87 -1
 30 88 145 -1
 30 145 146 -1
 30 146 88 -1
 31 89 146 -1
 31 146 147 -1
 31 147 89 -1
 32 90 147 -1
 32 147 148 -1
 32 148 90 -1
 33 91 148 -1
 33 148 149 -1
 33 149 91 -1
 34 92 149 -1
 34 149 150 -1
 34 150 92 -1
 35 93 150 -1
 35 150 151 -1
 35 151 93 -1
 36 94 151 -1
 36 151 152 -1
 36 152 94 -1
 37 95 152 -1
 37 152 153 -1
 37 153 95 -1
 38 96 153 -1
 38 153 154 -1
 38 154 96 -1
 39 97 154 -1
 39 154 155 -1
 39 155 97 -1
 40 98 155 -1
 40 155 156 -1
 40 156 98 -1
 41 99 156 -1
 41 156 157 -1
 41 157 99 -1
 42 100 157 -1
 42 157 158 -1
 42 158 100 -1
 43 101 158 -1
 43 158 159 -1
 43 159 101 -1
 44 102 159 -1
 44 159 160 -1
 44 160 102 -1
 45 103 160 -1
 45 160 161 -1
 45 161 103 -1
 46 104 161 -1
 46 161 162 -1
 46 162 104 -1
 47 105 162 -1
 47 162 163 -1
 47 163 105 -1
 48 106 163 -1
 48 163 164 -1
 48 164 106 -1
 49 107 164 -1
 49 164 165 -1
 49 165 107 -1
 50 108 165 -1
 50 165 166 -1
 50 166 108 -1
 51 109 166 -1
 51 166 167 -1
 51 167 109 -1
 52 110 167 -1
 52 167 168 -1
 52 168 110 -1
 53 111 168 -1
 53 168 169 -1
 53 169 111 -1
 54 112 169 -1
 54 169 170 -1
 54 170 112 -1
 55 113 170 -1
 55 170 171 -1
 55 171 113 -1
 56 114 171 -1
 56 171 172 -1
 56 172 114 -1
 57 115 172 -1
 57 172 173 -1
 57 173 115 -1
 58 116 173 -1
 58 173 174 -1
 58 174 116 -1
 59 1 175 -1
 59 175 232 -1
 59 232 1 -1
 60 2 175 1
 60 175 176 1
 60 176 2 1
 61 3 176 1
 61 176 177 1
 61 177 3 1
 62 4 177 1
 62 177 178 1
 62 178 4 1
 63 5 178 1
 63 178 179 1
 63 179 5 1
 64 6 179 1
 64 179 180 1
 64 180 6 1
 65 7 180 1
 65 180 181 1
 65 181 7 1
 66 8 181 1
 66 181 182 1
 66 182 8 1
 67 9 182 1
 67 182 183 1
 67 183 9 1
 68 10 183 1
 68 183 184 1
 68 184 10 1
 69 11 184 1
 69 184 185 1
 69 185 11 1
 70 12 185 1
 70 185 186 1
 70 186 12 1
 71 13 186 1
 71 186 187 1
 71 187 13 1
 72 14 187 1
 72 187 188 1
 72 188 14 1
 73 15 188 1
 73 188 189 1
 73 189 15 1
 74 16 189 1
 74 189 190 1
 74 190 16 1
 75 17 190 1
 75 190 191 1
 75 191 17 1
 76 18 191 1
 76 191 192 1
 76 192 18 1
 77 19 192 1
 77 192 193 1
 77 193 19 1
 78 20 193 1
 78 193 194 1
 78 194 20 1
 79 21 194 1
 79 194 195 1
 79 195 21 1
 80 22 195 1
 80 195 196 1
 80 196 22 1
 81 23 196 1
 81 196 197 1
 81 197 23 1
 82 24 197 1
 82 197 198 1
 82 198 24 1
 83 25 198 1
 83 198 199 1
 83 199 25 1
 84 26 199 1
 84 199 200 1
 84 200 26 1
 85 27 200 1
 85 200 201 1
 85 201 27 1
 86 28 201 1
 86 201 202 1
 86 202 28 1
 87 29 202 1
 87 202 203 1
 87 203 29 1
 88 30 203 1
 88 203 204 1
 88 204 30 1
 89 31 204 1
 89 204 205 1
 89 205 31 1
 90 32 205 1
 90 205 206 1
 90 206 32 1
 91 33 206 1
 91 206 207 1
 91 207 33 1
 92 34 207 1
 92 207 208 1
 92 208 34 1
 93 35 208 1
 93 208 209 1
 93 209 35 1
 94 36 209 1
 94 209 210 1
 94 210 36 1
 95 37 210 1
 95 210 211 1
 95 211 37 1
 96 38 211 1
 96 211 212 1
 96 212 38 1
 97 39 212 1
 97 212 213 1
 97 213 39 1
 98 40 213 1
 98 213 214 1
 98 214 40 1
 99 41 214 1
 99 214 215 1
 99 215 41 1
 100 42 215 1
 100 215 216 1
 100 216 42 1
 101 43 216 1
 101 216 217 1
 101 217 43 1
 102 44 217 1
 102 217 218 1
 102 218 44 1
 103 45 218 1
 103 218 219 1
 103 219 45 1
 104 46 219 1
 104 219 220 1
 104 220 46 1
 105 47 220 1
 105 220 221 1
 105 221 47 1
 106 48 221 1
 106 221 222 1
 106 222 48 1
 107 49 222 1
 107 222 223 1
 107 223 49 1
 108 50 223 1
 108 223 224 1
 108 224 50 1
 109 51 224 1
 109 224 225 1
 109 225 51 1
 110 52 225 1
 110 225 226 1
 110 226 52 1
 111 53 226 1
 111 226 227 1
 111 227 53 1
 112 54 227 1
 112 227 228 1
 112 228 54 1
 113 55 228 1
 113 228 229 1
 113 229 55 1
 114 56 229 1
 114 229 230 1
 114 230 56 1
 115 57 230 1
 115 230 231 1
 115 231 57 1
 116 58 231 1
 116 231 232 1
 116 232 58 1
 117 1 2 1
 117 2 175 1
 117 175 1 1
 118 2 3 1
 118 3 176 1
 118 176 2 1
 119 3 4 1
 119 4 177 1
 119 177 3 1
 120 4 5 1
 120 5 178 1
 120 178 4 1
 121 5 6 1
 121 6 179 1
 121 179 5 1
 122 6 7 1
 122 7 180 1
 122 180 6 1
 123 7 8 1
 123 8 181 1
 123 181 7 1
 124 8 9 1
 124 9 182 1
 124 182 8 1
 125 9 10 1
 125 10 183 1
 125 183 9 1
 126 10 11 1
 126 11 184 1
 126 184 10 1
 127 11 12 1
 127 12 185 1
 127 185 11 1
 128 12 13 1
 128 13 186 1
 128 186 12 1
 129 13 14 1
 129 14 187 1
 129 187 13 1
 130 14 15 1
 130 15 188 1
 130 188 14 1
 131 15 16 1
 131 16 189 1
 131 189 15 1
 132 16 17 1
 132 17 190 1
 132 190 16 1
 133 17 18 1
 133 18 191 1
 133 191 17 1
 134 18 19 1
 134 19 192 1
 134 192 18 1
 135 19 20 1
 135 20 193 1
 135 193 19 1
 136 20 21 1
 136 21 194 1
 136 194 20 1
 137 21 22 1
 137 22 195 1
 137 195 21 1
 138 22 23 1
 138 23 196 1
 138 196 22 1
 139 23 24 1
 139 24 197 1
 139 197 23 1
 140 24 25 1
 140 25 198 1
 140 198 24 1
 141 25 26 1
 141 26 199 1
 141 199 25 1
 142 26 27 1
 142 27 200 1
 142 200 26 1
 143 27 28 1
 143 28 201 1
 143 201 27 1
 144 28 29 1
 144 29 202 1
 144 202 28 1
 145 29 30 1
 145 30 203 1
 145 203 29 1
 146 30 31 1
 146 31 204 1
 146 204 30 1
 147 31 32 1
 147 32 205 1
 147 205 31 1
 148 32 33 1
 148 33 206 1
 148 206 32 1
 149 33 34 1
 149 34 207 1
 149 207 33 1
 150 34 35 1
 150 35 208 1
 150 208 34 1
 151 35 36 1
 151 36 209 1
 151 209 35 1
 152 36 37 1
 152 37 210 1
 152 210 36 1
 153 37 38 1
 153 38 211 1
 153 211 37 1
 154 38 39 1
 154 39 212 1
 154 212 38 1
 155 39 40 1
 155 40 213 1
 155 213 39 1
 156 40 41 1
 156 41 214 1
 156 214 40 1
 157 41 42 1
 157 42 215 1
 157 215 41 1
 158 42 43 1
 158 43 216 1
 158 216 42 1
 159 43 44 1
 159 44 217 1
 159 217 43 1
 160 44 45 1
 160 45 218 1
 160 218 44 1
 161 45 46 1
 161 46 219 1
 161 219 45 1
 162 46 47 1
 162 47 220 1
 162 220 46 1
 163 47 48 1
 163 48 221 1
 163 221 47 1
 164 48 49 1
 164 49 222 1
 164 222 48 1
 165 49 50 1
 165 50 223 1
 165 223 49 1
 166 50 51 1
 166 51 224 1
 166 224 50 1
 167 51 52 1
 167 52 225 1
 167 225 51 1
 168 52 53 1
 168 53 226 1
 168 226 52 1
 169 53 54 1
 169 54 227 1
 169 227 53 1
 170 54 55 1
 170 55 228 1
 170 228 54 1
 171 55 56 1
 171 56 229 1
 171 229 55 1
 172 56 57 1
 172 57 230 1
 172 230 56 1
 173 57 58 1
 173 58 231 1
 173 231 57 1
 174 1 58 -1
 174 58 232 -1
 174 232 1 -1
 175 59 60 -1
 175 60 117 -1
 175 117 59 -1
 176 60 61 -1
 176 61 118 -1
 176 118 60 -1
 177 61 62 -1
 177 62 119 -1
 177 119 61 -1
 178 62 63 -1
 178 63 120 -1
 178 120 62 -1
 179 63 64 -1
 179 64 121 -1
 179 121 63 -1
 180 64 65 -1
 180 65 122 -1
 180 122 64 -1
 181 65 66 -1
 181 66 123 -1
 181 123 65 -1
 182 66 67 -1
 182 67 124 -1
 182 124 66 -1
 183 67 68 -1
 183 68 125 -1
 183 125 67 -1
 184 68 69 -1
 184 69 126 -1
 184 126 68 -1
 185 69 70 -1
 185 70 127 -1
 185 127 69 -1
 186 70 71 -1
 186 71 128 -1
 186 128 70 -1
 187 71 72 -1
 187 72 129 -1
 187 129 71 -1
 188 72 73 -1
 188 73 130 -1
 188 130 72 -1
 189 73 74 -1
 189 74 131 -1
 189 131 73 -1
 190 74 75 -1
 190 75 132 -1
 190 132 74 -1
 191 75 76 -1
 191 76 133 -1
 191 133 75 -1
 192 76 77 -1
 192 77 134 -1
 192 134 76 -1
 193 77 78 -1
 193 78 135 -1
 193 135 77 -1
 194 78 79 -1
 194 79 136 -1
 194 136 78 -1
 195 79 80 -1
 195 80 137 -1
 195 137 79 -1
 196 80 81 -1
 196 81 138 -1
 196 138 80 -1
 197 81 82 -1
 197 82 139 -1
 197 139 81 -1
 198 82 83 -1
 198 83 140 -1
 198 140 82 -1
 199 83 84 -1
 199 84 141 -1
 199 141 83 -1
 200 84 85 -1
 200 85 142 -1
 200 142 84 -1
 201 85 86 -1
 201 86 143 -1
 201 143 85 -1
 202 86 87 -1
 202 87 144 -1
 202 144 86 -1
 203 87 88 -1
 203 88 145 -1
 203 145 87 -1
 204 88 89 -1
 204 89 146 -1
 204 146 88 -1
 205 89 90 -1
 205 90 147 -1
 205 147 89 -1
 206 90 91 -1
 206 91 148 -1
 206 148 90 -1
 207 91 92 -1
 207 92 149 -1
 207 149 91 -1
 208 92 93 -1
 208 93 150 -1
 208 150 92 -1
 209 93 94 -1
 209 94 151 -1
 209 151 93 -1
 210 94 95 -1
 210 95 152 -1
 210 152 94 -1
 211 95 96 -1
 211 96 153 -1
 211 153 95 -1
 212 96 97 -1
 212 97 154 -1
 212 154 96 -1
 213 97 98 -1
 213 98 155 -1
 213 155 97 -1
 214 98 99 -1
 214 99 156 -1
 214 156 98 -1
 215 99 100 -1
 215 100 157 -1
 215 157 99 -1
 216 100 101 -1
 216 101 158 -1
 216 158 100 -1
 217 101 102 -1
 217 102 159 -1
 217 159 101 -1
 218 102 103 -1
 218 103 160 -1
 218 160 102 -1
 219 103 104 -1
 219 104 161 -1
 219 161 103 -1
 220 104 105 -1
 220 105 162 -1
 220 162 104 -1
 221 105 106 -1
 221 106 163 -1
 221 163 105 -1
 222 106 107 -1
 222 107 164 -1
 222 164 106 -1
 223 107 108 -1
 223 108 165 -1
 223 165 107 -1
 224 108 109 -1
 224 109 166 -1
 224 166 108 -1
 225 109 110 -1
 225 110 167 -1
 225 167 109 -1
 226 110 111 -1
 226 111 168 -1
 226 168 110 -1
 227 111 112 -1
 227 112 169 -1
 227 169 111 -1
 228 112 113 -1
 228 113 170 -1
 228 170 112 -1
 229 113 114 -1
 229 114 171 -1
 229 171 113 -1
 230 114 115 -1
 230 115 172 -1
 230 172 114 -1
 231 115 116 -1
 231 116 173 -1
 231 173 115 -1
 232 59 116 1
 232 116 174 1
 232 174 59 1
