 192
 1 17 33 1
 1 33 48 1
 1 48 17 1
 2 18 33 -1
 2 33 34 -1
 2 34 18 -1
 3 19 34 -1
 3 34 35 -1
 3 35 19 -1
 4 20 35 -1
 4 35 36 -1
 4 36 20 -1
 5 21 36 -1
 5 36 37 -1
 5 37 21 -1
 6 22 37 -1
 6 37 38 -1
 6 38 22 -1
 7 23 38 -1
 7 38 39 -1
 7 39 23 -1
 8 24 39 -1
 8 39 40 -1
 8 40 24 -1
 9 25 40 -1
 9 40 41 -1
 9 41 25 -1
 10 26 41 -1
 10 41 42 -1
 10 42 26 -1
 11 27 42 -1
 11 42 43 -1
 11 43 27 -1
 12 28 43 -1
 12 43 44 -1
 12 44 28 -1
 13 29 44 -1
 13 44 45 -1
 13 45 29 -1
 14 30 45 -1
 14 45 46 -1
 14 46 30 -1
 15 31 46 -1
 15 46 47 -1
 15 47 31 -1
 16 32 47 -1
 16 47 48 -1
 16 48 32 -1
 17 1 49 -1
 17 49 64 -1
 17 64 1 -1
 18 2 49 1
 18 49 50 1
 18 50 2 1
 19 3 50 1
 19 50 51 1
 19 51 3 1
 20 4 51 1
 20 51 52 1
 20 52 4 1
 21 5 52 1
 21 52 53 1
 21 53 5 1
 22 6 53 1
 22 53 54 1
 22 54 6 1
 23 7 54 1
 23 54 55 1
 23 55 7 1
 24 8 55 1
 24 55 56 1
 24 56 8 1
 25 9 56 1
 25 56 57 1
 25 57 9 1
 26 10 57 1
 26 57 58 1
 26 58 10 1
 27 11 58 1
 27 58 59 1
 27 59 11 1
 28 12 59 1
 28 59 60 1
 28 60 12 1
 29 13 60 1
 29 60 61 1
 29 61 13 1
 30 14 61 1
 30 61 62 1
 30 62 14 1
 31 15 62 1
 31 62 63 1
 31 63 15 1
 32 16 63 1
 32 63 64 1
 32 64 16 1
 33 1 2 1
 33 2 49 1
 33 49 1 1
 34 2 3 1
 34 3 50 1
 34 50 2 1
 35 3 4 1
 35 4 51 1
 35 51 3 1
 36 4 5 1
 36 5 52 1
 36 52 4 1
 37 5 6 1
 37 6 53 1
 37 53 5 1
 38 6 7 1
 38 7 54 1
 38 54 6 1
 39 7 8 1
 39 8 55 1
 39 55 7 1
 40 8 9 1
 40 9 56 1
 40 56 8 1
 41 9 10 1
 41 10 57 1
 41 57 9 1
 42 10 11 1
 42 11 58 1
 42 58 10 1
 43 11 12 1
 43 12 59 1
 43 59 11 1
 44 12 13 1
 44 13 60 1
 44 60 12 1
 45 13 14 1
 45 14 61 1
 45 61 13 1
 46 14 15 1
 46 15 62 1
 46 62 14 1
 47 15 16 1
 47 16 63 1
 47 63 15 1
 48 1 16 -1
 48 16 64 -1
 48 64 1 -1
 49 17 18 -1
 49 18 33 -1
 49 33 17 -1
 50 18 19 -1
 50 19 34 -1
 50 34 18 -1
 51 19 20 -1
 51 20 35 -1
 51 35 19 -1
 52 20 21 -1
 52 21 36 -1
 52 36 20 -1
 53 21 22 -1
 53 22 37 -1
 53 37 21 -1
 54 22 23 -1
 54 23 38 -1
 54 38 22 -1
 55 23 24 -1
 55 24 39 -1
 55 39 23 -1
 56 24 25 -1
 56 25 40 -1
 56 40 24 -1
 57 25 26 -1
 57 26 41 -1
 57 41 25 -1
 58 26 27 -1
 58 27 42 -1
 58 42 26 -1
 59 27 28 -1
 59 28 43 -1
 59 43 27 -1
 60 28 29 -1
 60 29 44 -1
 60 44 28 -1
 61 29 30 -1
 61 30 45 -1
 61 45 29 -1
 62 30 31 -1
 62 31 46 -1
 62 46 30 -1
 63 31 32 -1
 63 32 47 -1
 63 47 31 -1
 64 17 32 1
 64 32 48 1
 64 48 17 1
