 336
 1 29 57 1
 1 57 84 1
 1 84 29 1
 2 30 57 -1
 2 57 58 -1
 2 58 30 -1
 3 31 58 -1
 3 58 59 -1
 3 59 31 -1
 4 32 59 -1
 4 59 60 -1
 4 60 32 -1
 5 33 60 -1
 5 60 61 -1
 5 61 33 -1
 6 34 61 -1
 6 61 62 -1
 6 62 34 -1
 7 35 62 -1
 7 62 63 -1
 7 63 35 -1
 8 36 63 -1
 8 63 64 -1
 8 64 36 -1
 9 37 64 -1
 9 64 65 -1
 9 65 37 -1
 10 38 65 -1
 10 65 66 -1
 10 66 38 -1
 11 39 66 -1
 11 66 67 -1
 11 67 39 -1
 12 40 67 -1
 12 67 68 -1
 12 68 40 -1
 13 41 68 -1
 13 68 69 -1
 13 69 41 -1
 14 42 69 -1
 14 69 70 -1
 14 70 42 -1
 15 43 70 -1
 15 70 71 -1
 15 71 43 -1
 16 44 71 -1
 16 71 72 -1
 16 72 44 -1
 17 45 72 -1
 17 72 73 -1
 17 73 45 -1
 18 46 73 -1
 18 73 74 -1
 18 74 46 -1
 19 47 74 -1
 19 74 75 -1
 19 75 47 -1
 20 48 75 -1
 20 75 76 -1
 20 76 48 -1
 21 49 76 -1
 21 76 77 -1
 21 77 49 -1
 22 50 77 -1
 22 77 78 -1
 22 78 50 -1
 23 51 78 -1
 23 78 79 -1
 23 79 51 -1
 24 52 79 -1
 24 79 80 -1
 24 80 52 -1
 25 53 80 -1
 25 80 81 -1
 25 81 53 -1
 26 54 81 -1
 26 81 82 -1
 26 82 54 -1
 27 55 82 -1
 27 82 83 -1
 27 83 55 -1
 28 56 83 -1
 28 83 84 -1
 28 84 56 -1
 29 1 85 -1
 29 85 112 -1
 29 112 1 -1
 30 2 85 1
 30 85 86 1
 30 86 2 1
 31 3 86 1
 31 86 87 1
 31 87 3 1
 32 4 87 1
 32 87 88 1
 32 88 4 1
 33 5 88 1
 33 88 89 1
 33 89 5 1
 34 6 89 1
 34 89 90 1
 34 90 6 1
 35 7 90 1
 35 90 91 1
 35 91 7 1
 36 8 91 1
 36 91 92 1
 36 92 8 1
 37 9 92 1
 37 92 93 1
 37 93 9 1
 38 10 93 1
 38 93 94 1
 38 94 10 1
 39 11 94 1
 39 94 95 1
 39 95 11 1
 40 12 95 1
 40 95 96 1
 40 96 12 1
 41 13 96 1
 41 96 97 1
 41 97 13 1
 42 14 97 1
 42 97 98 1
 42 98 14 1
 43 15 98 1
 43 98 99 1
 43 99 15 1
 44 16 99 1
 44 99 100 1
 44 100 16 1
 45 17 100 1
 45 100 101 1
 45 101 17 1
 46 18 101 1
 46 101 102 1
 46 102 18 1
 47 19 102 1
 47 102 103 1
 47 103 19 1
 48 20 103 1
 48 103 104 1
 48 104 20 1
 49 21 104 1
 49 104 105 1
 49 105 21 1
 50 22 105 1
 50 105 106 1
 50 106 22 1
 51 23 106 1
 51 106 107 1
 51 107 23 1
 52 24 107 1
 52 107 108 1
 52 108 24 1
 53 25 108 1
 53 108 109 1
 53 109 25 1
 54 26 109 1
 54 109 110 1
 54 110 26 1
 55 27 110 1
 55 110 111 1
 55 111 27 1
 56 28 111 1
 56 111 112 1
 56 112 28 1
 57 1 2 1
 57 2 85 1
 57 85 1 1
 58 2 3 1
 58 3 86 1
 58 86 2 1
 59 3 4 1
 59 4 87 1
 59 87 3 1
 60 4 5 1
 60 5 88 1
 60 88 4 1
 61 5 6 1
 61 6 89 1
 61 89 5 1
 62 6 7 1
 62 7 90 1
 62 90 6 1
 63 7 8 1
 63 8 91 1
 63 91 7 1
 64 8 9 1
 64 9 92 1
 64 92 8 1
 65 9 10 1
 65 10 93 1
 65 93 9 1
 66 10 11 1
 66 11 94 1
 66 94 10 1
 67 11 12 1
 67 12 95 1
 67 95 11 1
 68 12 13 1
 68 13 96 1
 68 96 12 1
 69 13 14 1
 69 14 97 1
 69 97 13 1
 70 14 15 1
 70 15 98 1
 70 98 14 1
 71 15 16 1
 71 16 99 1
 71 99 15 1
 72 16 17 1
 72 17 100 1
 72 100 16 1
 73 17 18 1
 73 18 101 1
 73 101 17 1
 74 18 19 1
 74 19 102 1
 74 102 18 1
 75 19 20 1
 75 20 103 1
 75 103 19 1
 76 20 21 1
 76 21 104 1
 76 104 20 1
 77 21 22 1
 77 22 105 1
 77 105 21 1
 78 22 23 1
 78 23 106 1
 78 106 22 1
 79 23 24 1
 79 24 107 1
 79 107 23 1
 80 24 25 1
 80 25 108 1
 80 108 24 1
 81 25 26 1
 81 26 109 1
 81 109 25 1
 82 26 27 1
 82 27 110 1
 82 110 26 1
 83 27 28 1
 83 28 111 1
 83 111 27 1
 84 1 28 -1
 84 28 112 -1
 84 112 1 -1
 85 29 30 -1
 85 30 57 -1
 85 57 29 -1
 86 30 31 -1
 86 31 58 -1
 86 58 30 -1
 87 31 32 -1
 87 32 59 -1
 87 59 31 -1
 88 32 33 -1
 88 33 60 -1
 88 60 32 -1
 89 33 34 -1
 89 34 61 -1
 89 61 33 -1
 90 34 35 -1
 90 35 62 -1
 90 62 34 -1
 91 35 36 -1
 91 36 63 -1
 91 63 35 -1
 92 36 37 -1
 92 37 64 -1
 92 64 36 -1
 93 37 38 -1
 93 38 65 -1
 93 65 37 -1
 94 38 39 -1
 94 39 66 -1
 94 66 38 -1
 95 39 40 -1
 95 40 67 -1
 95 67 39 -1
 96 40 41 -1
 96 41 68 -1
 96 68 40 -1
 97 41 42 -1
 97 42 69 -1
 97 69 41 -1
 98 42 43 -1
 98 43 70 -1
 98 70 42 -1
 99 43 44 -1
 99 44 71 -1
 99 71 43 -1
 100 44 45 -1
 100 45 72 -1
 100 72 44 -1
 101 45 46 -1
 101 46 73 -1
 101 73 45 -1
 102 46 47 -1
 102 47 74 -1
 102 74 46 -1
 103 47 48 -1
 103 48 75 -1
 103 75 47 -1
 104 48 49 -1
 104 49 76 -1
 104 76 48 -1
 105 49 50 -1
 105 50 77 -1
 105 77 49 -1
 106 50 51 -1
 106 51 78 -1
 106 78 50 -1
 107 51 52 -1
 107 52 79 -1
 107 79 51 -1
 108 52 53 -1
 108 53 80 -1
 108 80 52 -1
 109 53 54 -1
 109 54 81 -1
 109 81 53 -1
 110 54 55 -1
 110 55 82 -1
 110 82 54 -1
 111 55 56 -1
 111 56 83 -1
 111 83 55 -1
 112 29 56 1
 112 56 84 1
 112 84 29 1
