 C
 AIREBO 
 56
 1.024875e+01
 4.878643737041103e+00 0.000000000000000e+00 0.000000000000000e+00
 0.000000000000000e+00 4.878643737041103e+00 0.000000000000000e+00
 0.000000000000000e+00 0.000000000000000e+00 4.156604463959019e-01
 fra
 6.093695134376605e-01 5.071684566371220e-01 0.000000000000000e+00 C
 5.954282499355509e-01 5.539122096967556e-01 0.000000000000000e+00 C
 5.625862511830242e-01 5.899779884360854e-01 0.000000000000000e+00 C
 5.173482778137006e-01 6.082225230580380e-01 0.000000000000000e+00 C
 4.686742652607089e-01 6.050322597262026e-01 0.000000000000000e+00 C
 4.262046986577581e-01 5.810390692194610e-01 0.000000000000000e+00 C
 3.983511965256161e-01 5.409950971748448e-01 0.000000000000000e+00 C
 3.906304865623395e-01 4.928315433628780e-01 0.000000000000000e+00 C
 4.045717500644492e-01 4.460877903032444e-01 0.000000000000000e+00 C
 4.374137488169758e-01 4.100220115639148e-01 0.000000000000000e+00 C
 4.826517221862995e-01 3.917774769419620e-01 0.000000000000000e+00 C
 5.313257347392912e-01 3.949677402737975e-01 0.000000000000000e+00 C
 5.737953013422419e-01 4.189609307805389e-01 0.000000000000000e+00 C
 6.016488034743840e-01 4.590049028251552e-01 0.000000000000000e+00 C
 6.093695134376605e-01 5.071684566371220e-01 3.333333333333334e-01 C
 5.954282499355509e-01 5.539122096967556e-01 3.333333333333334e-01 C
 5.625862511830242e-01 5.899779884360854e-01 3.333333333333334e-01 C
 5.173482778137006e-01 6.082225230580380e-01 3.333333333333334e-01 C
 4.686742652607089e-01 6.050322597262026e-01 3.333333333333334e-01 C
 4.262046986577581e-01 5.810390692194610e-01 3.333333333333334e-01 C
 3.983511965256161e-01 5.409950971748448e-01 3.333333333333334e-01 C
 3.906304865623395e-01 4.928315433628780e-01 3.333333333333334e-01 C
 4.045717500644492e-01 4.460877903032444e-01 3.333333333333334e-01 C
 4.374137488169758e-01 4.100220115639148e-01 3.333333333333334e-01 C
 4.826517221862995e-01 3.917774769419620e-01 3.333333333333334e-01 C
 5.313257347392912e-01 3.949677402737975e-01 3.333333333333334e-01 C
 5.737953013422419e-01 4.189609307805389e-01 3.333333333333334e-01 C
 6.016488034743840e-01 4.590049028251552e-01 3.333333333333334e-01 C
 6.050322597262026e-01 5.313257347392912e-01 8.333333333333333e-01 C
 5.810390692194611e-01 5.737953013422420e-01 8.333333333333333e-01 C
 5.409950971748448e-01 6.016488034743840e-01 8.333333333333333e-01 C
 4.928315433628780e-01 6.093695134376605e-01 8.333333333333333e-01 C
 4.460877903032446e-01 5.954282499355510e-01 8.333333333333333e-01 C
 4.100220115639147e-01 5.625862511830242e-01 8.333333333333333e-01 C
 3.917774769419621e-01 5.173482778137007e-01 8.333333333333333e-01 C
 3.949677402737975e-01 4.686742652607089e-01 8.333333333333333e-01 C
 4.189609307805389e-01 4.262046986577581e-01 8.333333333333333e-01 C
 4.590049028251552e-01 3.983511965256161e-01 8.333333333333333e-01 C
 5.071684566371221e-01 3.906304865623395e-01 8.333333333333333e-01 C
 5.539122096967556e-01 4.045717500644492e-01 8.333333333333333e-01 C
 5.899779884360853e-01 4.374137488169758e-01 8.333333333333333e-01 C
 6.082225230580380e-01 4.826517221862994e-01 8.333333333333333e-01 C
 6.050322597262026e-01 5.313257347392912e-01 5.000000000000000e-01 C
 5.810390692194611e-01 5.737953013422420e-01 5.000000000000000e-01 C
 5.409950971748448e-01 6.016488034743840e-01 5.000000000000000e-01 C
 4.928315433628780e-01 6.093695134376605e-01 5.000000000000000e-01 C
 4.460877903032446e-01 5.954282499355510e-01 5.000000000000000e-01 C
 4.100220115639147e-01 5.625862511830242e-01 5.000000000000000e-01 C
 3.917774769419621e-01 5.173482778137007e-01 5.000000000000000e-01 C
 3.949677402737975e-01 4.686742652607089e-01 5.000000000000000e-01 C
 4.189609307805389e-01 4.262046986577581e-01 5.000000000000000e-01 C
 4.590049028251552e-01 3.983511965256161e-01 5.000000000000000e-01 C
 5.071684566371221e-01 3.906304865623395e-01 5.000000000000000e-01 C
 5.539122096967556e-01 4.045717500644492e-01 5.000000000000000e-01 C
 5.899779884360853e-01 4.374137488169758e-01 5.000000000000000e-01 C
 6.082225230580380e-01 4.826517221862994e-01 5.000000000000000e-01 C
