 C
 AIREBO 
 184
 1.000000e+00
 5.000000000000000e+01 0.000000000000000e+00 0.000000000000000e+00
 0.000000000000000e+00 5.000000000000000e+01 0.000000000000000e+00
 0.000000000000000e+00 0.000000000000000e+00 2.459512146747806e+00
 fra
 8.518051718500705e-01 5.230585291993636e-01 0.000000000000000e+00 C
 8.464607174878943e-01 5.652958340713183e-01 4.999999999999999e-01 C
 8.007921764384158e-01 6.839093290258449e-01 -2.101993614990890e-16 C
 7.764312428209238e-01 7.188249133480351e-01 4.999999999999998e-01 C
 6.808713183434072e-01 8.026287179201826e-01 -4.203987229981780e-16 C
 6.430747017812909e-01 8.222238421028001e-01 4.999999999999996e-01 C
 5.195150209516037e-01 8.520195146104178e-01 -8.407974459963557e-16 C
 4.769414708006365e-01 8.518051718500705e-01 4.999999999999996e-01 C
 3.536880674412849e-01 8.207668827984423e-01 -8.407974459963557e-16 C
 3.160906709741551e-01 8.007921764384160e-01 4.999999999999996e-01 C
 2.213794144302356e-01 7.160304237973378e-01 0.000000000000000e+00 C
 1.973712820798171e-01 6.808713183434072e-01 4.999999999999996e-01 C
 1.528993798311680e-01 5.618039981530966e-01 -1.681594891992712e-15 C
 1.479804853895821e-01 5.195150209516037e-01 4.999999999999988e-01 C
 1.639359142968475e-01 3.934190213509001e-01 -1.681594891992712e-15 C
 1.792331172015575e-01 3.536880674412849e-01 4.999999999999988e-01 C
 2.519606807858457e-01 2.494504623171805e-01 -1.681594891992712e-15 C
 2.839695762026621e-01 2.213794144302356e-01 4.999999999999988e-01 C
 3.968082661089666e-01 1.628797829173428e-01 0.000000000000000e+00 C
 4.381960018469038e-01 1.528993798311679e-01 4.999999999999988e-01 C
 5.652958340713183e-01 1.535392825121056e-01 0.000000000000000e+00 C
 6.065809786490995e-01 1.639359142968474e-01 5.000000000000004e-01 C
 7.188249133480352e-01 2.235687571790761e-01 -3.363189783985424e-15 C
 7.505495376828197e-01 2.519606807858459e-01 4.999999999999988e-01 C
 8.222238421028001e-01 3.569252982187086e-01 -3.363189783985424e-15 C
 8.371202170826570e-01 3.968082661089666e-01 4.999999999999988e-01 C
 8.263981277836949e-01 6.332772932220428e-01 -2.101993614990890e-16 C
 8.079535154614643e-01 6.716484984618896e-01 4.999999999999998e-01 C
 7.270741425404438e-01 7.696959556589935e-01 0.000000000000000e+00 C
 6.929102612046832e-01 7.951003318046873e-01 4.999999999999996e-01 C
 5.757302077812489e-01 8.443305248430707e-01 -8.407974459963557e-16 C
 5.336735909265785e-01 8.509482354755542e-01 4.999999999999988e-01 C
 4.070373950673090e-01 8.400831204182651e-01 -8.407974459963557e-16 C
 3.667227067779570e-01 8.263981277836949e-01 4.999999999999988e-01 C
 2.596411948226109e-01 7.579267715515269e-01 -8.407974459963557e-16 C
 2.303040443410063e-01 7.270741425404439e-01 4.999999999999996e-01 C
 1.673083002064408e-01 6.166825076768920e-01 0.000000000000000e+00 C
 1.556694751569292e-01 5.757302077812491e-01 4.999999999999988e-01 C
 1.511910646433575e-01 4.487076874701351e-01 0.000000000000000e+00 C
 1.599168795817349e-01 4.070373950673092e-01 4.999999999999988e-01 C
 2.149817525671190e-01 2.924833179245949e-01 0.000000000000000e+00 C
 2.420732284484728e-01 2.596411948226111e-01 4.999999999999988e-01 C
 3.440666861355187e-01 1.837985193954069e-01 0.000000000000000e+00 C
 3.833174923231077e-01 1.673083002064408e-01 5.000000000000004e-01 C
 5.088740627101243e-01 1.475516694317981e-01 0.000000000000000e+00 C
 5.512923125298650e-01 1.511910646433575e-01 5.000000000000004e-01 C
 6.716484984618893e-01 1.920464845385355e-01 -3.363189783985424e-15 C
 7.075166820754052e-01 2.149817525671190e-01 4.999999999999955e-01 C
 7.951003318046875e-01 3.070897387953169e-01 -3.363189783985424e-15 C
 8.162014806045930e-01 3.440666861355187e-01 4.999999999999955e-01 C
 8.509482354755542e-01 4.663264090734214e-01 -3.363189783985424e-15 C
 8.524483305682018e-01 5.088740627101243e-01 4.999999999999955e-01 C
 8.488089353566424e-01 5.512923125298650e-01 0.000000000000000e+00 C
 8.400831204182648e-01 5.929626049326909e-01 4.999999999999999e-01 C
 7.850182474328807e-01 7.075166820754052e-01 -2.101993614990890e-16 C
 7.579267715515269e-01 7.403588051773891e-01 4.999999999999998e-01 C
 6.559333138644813e-01 8.162014806045930e-01 -4.203987229981780e-16 C
 6.166825076768921e-01 8.326916997935592e-01 4.999999999999996e-01 C
 4.911259372898755e-01 8.524483305682018e-01 -8.407974459963557e-16 C
 4.487076874701351e-01 8.488089353566424e-01 4.999999999999996e-01 C
 3.283515015381103e-01 8.079535154614643e-01 -8.407974459963557e-16 C
 2.924833179245948e-01 7.850182474328808e-01 4.999999999999996e-01 C
 2.048996681953126e-01 6.929102612046831e-01 0.000000000000000e+00 C
 1.837985193954069e-01 6.559333138644813e-01 4.999999999999996e-01 C
 1.490517645244456e-01 5.336735909265788e-01 -1.681594891992712e-15 C
 1.475516694317981e-01 4.911259372898757e-01 4.999999999999988e-01 C
 1.736018722163049e-01 3.667227067779573e-01 -1.681594891992712e-15 C
 1.920464845385355e-01 3.283515015381105e-01 4.999999999999988e-01 C
 2.729258574595558e-01 2.303040443410064e-01 -1.681594891992712e-15 C
 3.070897387953166e-01 2.048996681953126e-01 4.999999999999988e-01 C
 4.242697922187509e-01 1.556694751569292e-01 0.000000000000000e+00 C
 4.663264090734214e-01 1.490517645244456e-01 4.999999999999988e-01 C
 5.929626049326907e-01 1.599168795817349e-01 0.000000000000000e+00 C
 6.332772932220426e-01 1.736018722163049e-01 5.000000000000004e-01 C
 7.403588051773893e-01 2.420732284484731e-01 -3.363189783985424e-15 C
 7.696959556589937e-01 2.729258574595563e-01 4.999999999999988e-01 C
 8.326916997935589e-01 3.833174923231076e-01 -3.363189783985424e-15 C
 8.443305248430707e-01 4.242697922187509e-01 4.999999999999988e-01 C
 8.360640857031524e-01 6.065809786490999e-01 -2.101993614990890e-16 C
 8.207668827984423e-01 6.463119325587150e-01 4.999999999999998e-01 C
 7.480393192141541e-01 7.505495376828194e-01 -4.203987229981780e-16 C
 7.160304237973378e-01 7.786205855697642e-01 5.000000000000000e-01 C
 6.031917338910333e-01 8.371202170826570e-01 -8.407974459963557e-16 C
 5.618039981530962e-01 8.471006201688319e-01 4.999999999999996e-01 C
 4.347041659286817e-01 8.464607174878943e-01 0.000000000000000e+00 C
 3.934190213509001e-01 8.360640857031524e-01 4.999999999999996e-01 C
 2.811750866519649e-01 7.764312428209239e-01 0.000000000000000e+00 C
 2.494504623171804e-01 7.480393192141541e-01 4.999999999999996e-01 C
 1.777761578971997e-01 6.430747017812910e-01 -1.681594891992712e-15 C
 1.628797829173429e-01 6.031917338910333e-01 4.999999999999988e-01 C
 1.481948281499292e-01 4.769414708006365e-01 -1.681594891992712e-15 C
 1.535392825121056e-01 4.347041659286818e-01 4.999999999999988e-01 C
 1.992078235615839e-01 3.160906709741551e-01 -1.681594891992712e-15 C
 2.235687571790759e-01 2.811750866519649e-01 4.999999999999988e-01 C
 3.191286816565930e-01 1.973712820798171e-01 -1.681594891992712e-15 C
 3.569252982187092e-01 1.777761578971996e-01 4.999999999999988e-01 C
 4.804849790483963e-01 1.479804853895821e-01 -1.681594891992712e-15 C
 5.230585291993636e-01 1.481948281499293e-01 5.000000000000004e-01 C
 6.463119325587151e-01 1.792331172015576e-01 0.000000000000000e+00 C
 6.839093290258452e-01 1.992078235615841e-01 4.999999999999988e-01 C
 7.786205855697642e-01 2.839695762026621e-01 0.000000000000000e+00 C
 8.026287179201826e-01 3.191286816565925e-01 4.999999999999988e-01 C
 8.471006201688319e-01 4.381960018469034e-01 0.000000000000000e+00 C
 8.520195146104178e-01 4.804849790483960e-01 4.999999999999988e-01 C
 7.706193629615928e-01 5.177373301533567e-01 0.000000000000000e+00 C
 7.645128597826666e-01 5.598531494601816e-01 4.999999999999999e-01 C
 7.085099225636651e-01 6.734158720625129e-01 -2.101993614990890e-16 C
 6.788146002389427e-01 7.038989731021089e-01 4.999999999999998e-01 C
 5.667567787380261e-01 7.628554450324925e-01 -4.203987229981780e-16 C
 5.248152410886681e-01 7.700623192902313e-01 4.999999999999996e-01 C
 3.995048144139174e-01 7.518931721280399e-01 -8.407974459963557e-16 C
 3.613373032815450e-01 7.330710385901116e-01 4.999999999999996e-01 C
 2.706385952779636e-01 6.447162690047035e-01 -8.407974459963557e-16 C
 2.508238026491530e-01 6.070545429418075e-01 4.999999999999996e-01 C
 2.293806370384071e-01 4.822626698466433e-01 0.000000000000000e+00 C
 2.354871402173332e-01 4.401468505398182e-01 4.999999999999996e-01 C
 2.914900774363346e-01 3.265841279374873e-01 -1.681594891992712e-15 C
 3.211853997610569e-01 2.961010268978912e-01 4.999999999999988e-01 C
 4.332432212619740e-01 2.371445549675074e-01 -1.681594891992712e-15 C
 4.751847589113320e-01 2.299376807097687e-01 4.999999999999988e-01 C
 6.004951855860828e-01 2.481068278719601e-01 -1.681594891992712e-15 C
 6.386626967184551e-01 2.669289614098884e-01 4.999999999999988e-01 C
 7.293614047220364e-01 3.552837309952964e-01 0.000000000000000e+00 C
 7.491761973508468e-01 3.929454570581923e-01 4.999999999999988e-01 C
 7.400086676599940e-01 6.262746686346160e-01 -2.101993614990890e-16 C
 7.173000524535608e-01 6.622656454533343e-01 4.999999999999998e-01 C
 6.199487029726779e-01 7.432319081573793e-01 0.000000000000000e+00 C
 5.804220819623090e-01 7.590014309295512e-01 4.999999999999996e-01 C
 4.540724106562645e-01 7.672828259125165e-01 -8.407974459963557e-16 C
 4.128256096074852e-01 7.568074729255380e-01 4.999999999999988e-01 C
 3.057388964478103e-01 6.892407887781936e-01 -8.407974459963557e-16 C
 2.785267914340495e-01 6.565217888289374e-01 4.999999999999988e-01 C
 2.316065211042298e-01 5.389152023884405e-01 -8.407974459963557e-16 C
 2.288232113353126e-01 4.964501013796165e-01 4.999999999999996e-01 C
 2.599913323400058e-01 3.737253313653842e-01 0.000000000000000e+00 C
 2.826999475464390e-01 3.377343545466657e-01 4.999999999999988e-01 C
 3.800512970273218e-01 2.567680918426207e-01 0.000000000000000e+00 C
 4.195779180376906e-01 2.409985690704486e-01 4.999999999999988e-01 C
 5.459275893437354e-01 2.327171740874833e-01 0.000000000000000e+00 C
 5.871743903925146e-01 2.431925270744619e-01 4.999999999999988e-01 C
 6.942611035521895e-01 3.107592112218059e-01 0.000000000000000e+00 C
 7.214732085659503e-01 3.434782111710623e-01 5.000000000000004e-01 C
 7.683934788957700e-01 4.610847976115591e-01 0.000000000000000e+00 C
 7.711767886646872e-01 5.035498986203832e-01 5.000000000000004e-01 C
 7.672828259125165e-01 5.459275893437358e-01 0.000000000000000e+00 C
 7.568074729255380e-01 5.871743903925148e-01 4.999999999999999e-01 C
 6.892407887781936e-01 6.942611035521898e-01 -2.101993614990890e-16 C
 6.565217888289374e-01 7.214732085659504e-01 4.999999999999998e-01 C
 5.389152023884407e-01 7.683934788957700e-01 -4.203987229981780e-16 C
 4.964501013796164e-01 7.711767886646872e-01 4.999999999999996e-01 C
 3.737253313653841e-01 7.400086676599940e-01 -8.407974459963557e-16 C
 3.377343545466656e-01 7.173000524535608e-01 4.999999999999996e-01 C
 2.567680918426207e-01 6.199487029726778e-01 -8.407974459963557e-16 C
 2.409985690704486e-01 5.804220819623089e-01 4.999999999999996e-01 C
 2.327171740874833e-01 4.540724106562645e-01 0.000000000000000e+00 C
 2.431925270744620e-01 4.128256096074852e-01 4.999999999999996e-01 C
 3.107592112218059e-01 3.057388964478103e-01 -1.681594891992712e-15 C
 3.434782111710623e-01 2.785267914340496e-01 4.999999999999988e-01 C
 4.610847976115591e-01 2.316065211042299e-01 -1.681594891992712e-15 C
 5.035498986203832e-01 2.288232113353126e-01 4.999999999999988e-01 C
 6.262746686346157e-01 2.599913323400058e-01 -1.681594891992712e-15 C
 6.622656454533340e-01 2.826999475464390e-01 4.999999999999988e-01 C
 7.432319081573793e-01 3.800512970273218e-01 0.000000000000000e+00 C
 7.590014309295512e-01 4.195779180376906e-01 4.999999999999988e-01 C
 7.518931721280397e-01 6.004951855860828e-01 -2.101993614990890e-16 C
 7.330710385901114e-01 6.386626967184551e-01 4.999999999999998e-01 C
 6.447162690047035e-01 7.293614047220364e-01 -4.203987229981780e-16 C
 6.070545429418075e-01 7.491761973508468e-01 5.000000000000000e-01 C
 4.822626698466434e-01 7.706193629615928e-01 -8.407974459963557e-16 C
 4.401468505398182e-01 7.645128597826666e-01 4.999999999999996e-01 C
 3.265841279374870e-01 7.085099225636652e-01 0.000000000000000e+00 C
 2.961010268978909e-01 6.788146002389428e-01 4.999999999999996e-01 C
 2.371445549675074e-01 5.667567787380261e-01 0.000000000000000e+00 C
 2.299376807097687e-01 5.248152410886681e-01 4.999999999999996e-01 C
 2.481068278719601e-01 3.995048144139173e-01 -1.681594891992712e-15 C
 2.669289614098884e-01 3.613373032815448e-01 4.999999999999988e-01 C
 3.552837309952963e-01 2.706385952779636e-01 -1.681594891992712e-15 C
 3.929454570581922e-01 2.508238026491532e-01 4.999999999999988e-01 C
 5.177373301533567e-01 2.293806370384071e-01 -1.681594891992712e-15 C
 5.598531494601817e-01 2.354871402173332e-01 4.999999999999988e-01 C
 6.734158720625129e-01 2.914900774363348e-01 -1.681594891992712e-15 C
 7.038989731021089e-01 3.211853997610571e-01 4.999999999999988e-01 C
 7.628554450324925e-01 4.332432212619740e-01 -1.681594891992712e-15 C
 7.700623192902313e-01 4.751847589113320e-01 5.000000000000004e-01 C
