 C
 AIREBO 
 52
 1.024875e+01
 4.878643737041103e+00 0.000000000000000e+00 0.000000000000000e+00
 0.000000000000000e+00 4.878643737041103e+00 0.000000000000000e+00
 0.000000000000000e+00 0.000000000000000e+00 4.156604463959019e-01
 fra
 6.015574053349705e-01 5.066564240201847e-01 0.000000000000000e+00 C
 5.868312220184265e-01 5.530900503097775e-01 0.000000000000000e+00 C
 5.522130521671244e-01 5.873613858778645e-01 0.000000000000000e+00 C
 5.056335012998249e-01 6.016192807601631e-01 0.000000000000000e+00 C
 4.577633831757858e-01 5.925974230653990e-01 0.000000000000000e+00 C
 4.195691649597627e-01 5.623626116662709e-01 0.000000000000000e+00 C
 3.998006817548194e-01 5.178412774853427e-01 0.000000000000000e+00 C
 4.029866548271597e-01 4.692327216432242e-01 0.000000000000000e+00 C
 4.283972161410483e-01 4.276725784867439e-01 0.000000000000000e+00 C
 4.702111123299339e-01 4.026817759590314e-01 0.000000000000000e+00 C
 5.188492836890185e-01 3.999854057473666e-01 0.000000000000000e+00 C
 5.631693113134424e-01 4.202011737724584e-01 0.000000000000000e+00 C
 5.930180109886836e-01 4.586978912061730e-01 0.000000000000000e+00 C
 6.015574053349705e-01 5.066564240201847e-01 3.333333333333334e-01 C
 5.868312220184265e-01 5.530900503097775e-01 3.333333333333334e-01 C
 5.522130521671244e-01 5.873613858778645e-01 3.333333333333334e-01 C
 5.056335012998249e-01 6.016192807601631e-01 3.333333333333334e-01 C
 4.577633831757858e-01 5.925974230653990e-01 3.333333333333334e-01 C
 4.195691649597627e-01 5.623626116662709e-01 3.333333333333334e-01 C
 3.998006817548194e-01 5.178412774853427e-01 3.333333333333334e-01 C
 4.029866548271597e-01 4.692327216432242e-01 3.333333333333334e-01 C
 4.283972161410483e-01 4.276725784867439e-01 3.333333333333334e-01 C
 4.702111123299339e-01 4.026817759590314e-01 3.333333333333334e-01 C
 5.188492836890185e-01 3.999854057473666e-01 3.333333333333334e-01 C
 5.631693113134424e-01 4.202011737724584e-01 3.333333333333334e-01 C
 5.930180109886836e-01 4.586978912061730e-01 3.333333333333334e-01 C
 5.970133451728403e-01 5.307672783567758e-01 8.333333333333333e-01 C
 5.716027838589518e-01 5.723274215132561e-01 8.333333333333333e-01 C
 5.297888876700662e-01 5.973182240409687e-01 8.333333333333333e-01 C
 4.811507163109817e-01 6.000145942526334e-01 8.333333333333333e-01 C
 4.368306886865577e-01 5.797988262275416e-01 8.333333333333333e-01 C
 4.069819890113164e-01 5.413021087938269e-01 8.333333333333333e-01 C
 3.984425946650295e-01 4.933435759798154e-01 8.333333333333333e-01 C
 4.131687779815735e-01 4.469099496902225e-01 8.333333333333333e-01 C
 4.477869478328758e-01 4.126386141221355e-01 8.333333333333333e-01 C
 4.943664987001752e-01 3.983807192398369e-01 8.333333333333333e-01 C
 5.422366168242143e-01 4.074025769346011e-01 8.333333333333333e-01 C
 5.804308350402373e-01 4.376373883337290e-01 8.333333333333333e-01 C
 6.001993182451806e-01 4.821587225146572e-01 8.333333333333333e-01 C
 5.970133451728403e-01 5.307672783567758e-01 5.000000000000000e-01 C
 5.716027838589518e-01 5.723274215132561e-01 5.000000000000000e-01 C
 5.297888876700662e-01 5.973182240409687e-01 5.000000000000000e-01 C
 4.811507163109817e-01 6.000145942526334e-01 5.000000000000000e-01 C
 4.368306886865577e-01 5.797988262275416e-01 5.000000000000000e-01 C
 4.069819890113164e-01 5.413021087938269e-01 5.000000000000000e-01 C
 3.984425946650295e-01 4.933435759798154e-01 5.000000000000000e-01 C
 4.131687779815735e-01 4.469099496902225e-01 5.000000000000000e-01 C
 4.477869478328758e-01 4.126386141221355e-01 5.000000000000000e-01 C
 4.943664987001752e-01 3.983807192398369e-01 5.000000000000000e-01 C
 5.422366168242143e-01 4.074025769346011e-01 5.000000000000000e-01 C
 5.804308350402373e-01 4.376373883337290e-01 5.000000000000000e-01 C
 6.001993182451806e-01 4.821587225146572e-01 5.000000000000000e-01 C
