 C
 AIREBO 
 72
 1.024875e+01
 4.878643737041103e+00 0.000000000000000e+00 0.000000000000000e+00
 0.000000000000000e+00 4.878643737041103e+00 0.000000000000000e+00
 0.000000000000000e+00 0.000000000000000e+00 4.156604463959019e-01
 fra
 6.406179458484207e-01 5.092165871048712e-01 0.000000000000000e+00 C
 6.289853876212518e-01 5.567549288845159e-01 0.000000000000000e+00 C
 6.017952880253801e-01 5.974477886271462e-01 0.000000000000000e+00 C
 5.623271743551999e-01 6.263870068851524e-01 0.000000000000000e+00 C
 5.153414836066559e-01 6.400820868392449e-01 0.000000000000000e+00 C
 4.665053835189652e-01 6.368811997291061e-01 0.000000000000000e+00 C
 4.217092285067793e-01 6.171704197802814e-01 0.000000000000000e+00 C
 3.863560959854041e-01 5.833271579547290e-01 0.000000000000000e+00 C
 3.647100954935851e-01 5.394334111019601e-01 0.000000000000000e+00 C
 3.593820541515794e-01 4.907834128951289e-01 0.000000000000000e+00 C
 3.710146123787482e-01 4.432450711154841e-01 0.000000000000000e+00 C
 3.982047119746199e-01 4.025522113728540e-01 0.000000000000000e+00 C
 4.376728256448001e-01 3.736129931148476e-01 0.000000000000000e+00 C
 4.846585163933440e-01 3.599179131607551e-01 0.000000000000000e+00 C
 5.334946164810348e-01 3.631188002708939e-01 0.000000000000000e+00 C
 5.782907714932207e-01 3.828295802197187e-01 0.000000000000000e+00 C
 6.136439040145959e-01 4.166728420452711e-01 0.000000000000000e+00 C
 6.352899045064150e-01 4.605665888980401e-01 0.000000000000000e+00 C
 6.406179458484207e-01 5.092165871048712e-01 3.333333333333334e-01 C
 6.289853876212518e-01 5.567549288845159e-01 3.333333333333334e-01 C
 6.017952880253801e-01 5.974477886271462e-01 3.333333333333334e-01 C
 5.623271743551999e-01 6.263870068851524e-01 3.333333333333334e-01 C
 5.153414836066559e-01 6.400820868392449e-01 3.333333333333334e-01 C
 4.665053835189652e-01 6.368811997291061e-01 3.333333333333334e-01 C
 4.217092285067793e-01 6.171704197802814e-01 3.333333333333334e-01 C
 3.863560959854041e-01 5.833271579547290e-01 3.333333333333334e-01 C
 3.647100954935851e-01 5.394334111019601e-01 3.333333333333334e-01 C
 3.593820541515794e-01 4.907834128951289e-01 3.333333333333334e-01 C
 3.710146123787482e-01 4.432450711154841e-01 3.333333333333334e-01 C
 3.982047119746199e-01 4.025522113728540e-01 3.333333333333334e-01 C
 4.376728256448001e-01 3.736129931148476e-01 3.333333333333334e-01 C
 4.846585163933440e-01 3.599179131607551e-01 3.333333333333334e-01 C
 5.334946164810348e-01 3.631188002708939e-01 3.333333333333334e-01 C
 5.782907714932207e-01 3.828295802197187e-01 3.333333333333334e-01 C
 6.136439040145959e-01 4.166728420452711e-01 3.333333333333334e-01 C
 6.352899045064150e-01 4.605665888980401e-01 3.333333333333334e-01 C
 6.368811997291061e-01 5.334946164810348e-01 8.333333333333333e-01 C
 6.171704197802813e-01 5.782907714932208e-01 8.333333333333333e-01 C
 5.833271579547290e-01 6.136439040145959e-01 8.333333333333333e-01 C
 5.394334111019600e-01 6.352899045064149e-01 8.333333333333333e-01 C
 4.907834128951289e-01 6.406179458484207e-01 8.333333333333333e-01 C
 4.432450711154841e-01 6.289853876212518e-01 8.333333333333333e-01 C
 4.025522113728540e-01 6.017952880253802e-01 8.333333333333333e-01 C
 3.736129931148476e-01 5.623271743551999e-01 8.333333333333333e-01 C
 3.599179131607551e-01 5.153414836066559e-01 8.333333333333333e-01 C
 3.631188002708939e-01 4.665053835189653e-01 8.333333333333333e-01 C
 3.828295802197187e-01 4.217092285067792e-01 8.333333333333333e-01 C
 4.166728420452711e-01 3.863560959854041e-01 8.333333333333333e-01 C
 4.605665888980400e-01 3.647100954935851e-01 8.333333333333333e-01 C
 5.092165871048712e-01 3.593820541515794e-01 8.333333333333333e-01 C
 5.567549288845161e-01 3.710146123787482e-01 8.333333333333333e-01 C
 5.974477886271462e-01 3.982047119746200e-01 8.333333333333333e-01 C
 6.263870068851524e-01 4.376728256448001e-01 8.333333333333333e-01 C
 6.400820868392449e-01 4.846585163933442e-01 8.333333333333333e-01 C
 6.368811997291061e-01 5.334946164810348e-01 5.000000000000000e-01 C
 6.171704197802813e-01 5.782907714932208e-01 5.000000000000000e-01 C
 5.833271579547290e-01 6.136439040145959e-01 5.000000000000000e-01 C
 5.394334111019600e-01 6.352899045064149e-01 5.000000000000000e-01 C
 4.907834128951289e-01 6.406179458484207e-01 5.000000000000000e-01 C
 4.432450711154841e-01 6.289853876212518e-01 5.000000000000000e-01 C
 4.025522113728540e-01 6.017952880253802e-01 5.000000000000000e-01 C
 3.736129931148476e-01 5.623271743551999e-01 5.000000000000000e-01 C
 3.599179131607551e-01 5.153414836066559e-01 5.000000000000000e-01 C
 3.631188002708939e-01 4.665053835189653e-01 5.000000000000000e-01 C
 3.828295802197187e-01 4.217092285067792e-01 5.000000000000000e-01 C
 4.166728420452711e-01 3.863560959854041e-01 5.000000000000000e-01 C
 4.605665888980400e-01 3.647100954935851e-01 5.000000000000000e-01 C
 5.092165871048712e-01 3.593820541515794e-01 5.000000000000000e-01 C
 5.567549288845161e-01 3.710146123787482e-01 5.000000000000000e-01 C
 5.974477886271462e-01 3.982047119746200e-01 5.000000000000000e-01 C
 6.263870068851524e-01 4.376728256448001e-01 5.000000000000000e-01 C
 6.400820868392449e-01 4.846585163933442e-01 5.000000000000000e-01 C
