 C
 AIREBO 
 560
 1.024875e+01
 4.878643737041103e+00 0.000000000000000e+00 0.000000000000000e+00
 0.000000000000000e+00 4.878643737041103e+00 0.000000000000000e+00
 0.000000000000000e+00 0.000000000000000e+00 4.156604463959019e-01
 fra
 8.906054051345019e-01 5.256016308468644e-01 0.000000000000000e+00 C
 8.843166296682798e-01 5.743555928140026e-01 0.000000000000000e+00 C
 8.719669513725624e-01 6.219369226645858e-01 0.000000000000000e+00 C
 8.537511320514138e-01 6.675952344031617e-01 0.000000000000000e+00 C
 8.299564460571309e-01 7.106104691786596e-01 0.000000000000000e+00 C
 8.009581498021006e-01 7.503042510426141e-01 0.000000000000000e+00 C
 7.672135637410066e-01 7.860505853431146e-01 0.000000000000000e+00 C
 7.292548601540716e-01 8.172857310344174e-01 0.000000000000000e+00 C
 6.876806704722913e-01 8.435170912099988e-01 0.000000000000000e+00 C
 6.431466445021653e-01 8.643309816500352e-01 0.000000000000000e+00 C
 5.963551104365792e-01 8.793991548686716e-01 0.000000000000000e+00 C
 5.480439987196556e-01 8.884839767729593e-01 0.000000000000000e+00 C
 4.989752044428293e-01 8.914421742944588e-01 0.000000000000000e+00 C
 4.499225718041225e-01 8.882270948911143e-01 0.000000000000000e+00 C
 4.016596901228706e-01 8.788894422857115e-01 0.000000000000000e+00 C
 3.549476938740344e-01 8.635764768378815e-01 0.000000000000000e+00 C
 3.105232591428524e-01 8.425296931602585e-01 0.000000000000000e+00 C
 2.690869858029061e-01 8.160810116041775e-01 0.000000000000000e+00 C
 2.312923486375967e-01 7.846475436774547e-01 0.000000000000000e+00 C
 1.977353916524424e-01 7.487250139467381e-01 0.000000000000000e+00 C
 1.689453281050539e-01 7.088799421649600e-01 0.000000000000000e+00 C
 1.453761944959240e-01 6.657407089164115e-01 0.000000000000000e+00 C
 1.273996901415860e-01 6.199876456795503e-01 0.000000000000000e+00 C
 1.152993152543517e-01 5.723423055931777e-01 0.000000000000000e+00 C
 1.092658999746060e-01 5.235560841324022e-01 0.000000000000000e+00 C
 1.093945948654982e-01 4.743983691531359e-01 0.000000000000000e+00 C
 1.156833703317203e-01 4.256444071859978e-01 0.000000000000000e+00 C
 1.280330486274376e-01 3.780630773354144e-01 0.000000000000000e+00 C
 1.462488679485863e-01 3.324047655968386e-01 0.000000000000000e+00 C
 1.700435539428692e-01 2.893895308213407e-01 0.000000000000000e+00 C
 1.990418501978997e-01 2.496957489573862e-01 0.000000000000000e+00 C
 2.327864362589935e-01 2.139494146568857e-01 0.000000000000000e+00 C
 2.707451398459290e-01 1.827142689655827e-01 0.000000000000000e+00 C
 3.123193295277087e-01 1.564829087900013e-01 0.000000000000000e+00 C
 3.568533554978354e-01 1.356690183499648e-01 0.000000000000000e+00 C
 4.036448895634210e-01 1.206008451313287e-01 0.000000000000000e+00 C
 4.519560012803446e-01 1.115160232270409e-01 0.000000000000000e+00 C
 5.010247955571713e-01 1.085578257055413e-01 0.000000000000000e+00 C
 5.500774281958780e-01 1.117729051088859e-01 0.000000000000000e+00 C
 5.983403098771297e-01 1.211105577142885e-01 0.000000000000000e+00 C
 6.450523061259662e-01 1.364235231621188e-01 0.000000000000000e+00 C
 6.894767408571477e-01 1.574703068397417e-01 0.000000000000000e+00 C
 7.309130141970939e-01 1.839189883958226e-01 0.000000000000000e+00 C
 7.687076513624039e-01 2.153524563225457e-01 0.000000000000000e+00 C
 8.022646083475580e-01 2.512749860532623e-01 0.000000000000000e+00 C
 8.310546718949463e-01 2.911200578350405e-01 0.000000000000000e+00 C
 8.546238055040764e-01 3.342592910835891e-01 0.000000000000000e+00 C
 8.726003098584140e-01 3.800123543204498e-01 0.000000000000000e+00 C
 8.847006847456483e-01 4.276576944068221e-01 0.000000000000000e+00 C
 8.907341000253940e-01 4.764439158675984e-01 0.000000000000000e+00 C
 8.906054051345019e-01 5.256016308468644e-01 3.333333333333335e-01 C
 8.843166296682798e-01 5.743555928140026e-01 3.333333333333335e-01 C
 8.719669513725624e-01 6.219369226645858e-01 3.333333333333335e-01 C
 8.537511320514138e-01 6.675952344031617e-01 3.333333333333335e-01 C
 8.299564460571309e-01 7.106104691786596e-01 3.333333333333335e-01 C
 8.009581498021006e-01 7.503042510426141e-01 3.333333333333335e-01 C
 7.672135637410066e-01 7.860505853431146e-01 3.333333333333335e-01 C
 7.292548601540716e-01 8.172857310344174e-01 3.333333333333335e-01 C
 6.876806704722913e-01 8.435170912099988e-01 3.333333333333335e-01 C
 6.431466445021653e-01 8.643309816500352e-01 3.333333333333335e-01 C
 5.963551104365792e-01 8.793991548686716e-01 3.333333333333335e-01 C
 5.480439987196556e-01 8.884839767729593e-01 3.333333333333335e-01 C
 4.989752044428293e-01 8.914421742944588e-01 3.333333333333335e-01 C
 4.499225718041225e-01 8.882270948911143e-01 3.333333333333335e-01 C
 4.016596901228706e-01 8.788894422857115e-01 3.333333333333335e-01 C
 3.549476938740344e-01 8.635764768378815e-01 3.333333333333335e-01 C
 3.105232591428524e-01 8.425296931602585e-01 3.333333333333335e-01 C
 2.690869858029061e-01 8.160810116041775e-01 3.333333333333335e-01 C
 2.312923486375967e-01 7.846475436774547e-01 3.333333333333335e-01 C
 1.977353916524424e-01 7.487250139467381e-01 3.333333333333335e-01 C
 1.689453281050539e-01 7.088799421649600e-01 3.333333333333335e-01 C
 1.453761944959240e-01 6.657407089164115e-01 3.333333333333335e-01 C
 1.273996901415860e-01 6.199876456795503e-01 3.333333333333335e-01 C
 1.152993152543517e-01 5.723423055931777e-01 3.333333333333335e-01 C
 1.092658999746060e-01 5.235560841324022e-01 3.333333333333335e-01 C
 1.093945948654982e-01 4.743983691531359e-01 3.333333333333335e-01 C
 1.156833703317203e-01 4.256444071859978e-01 3.333333333333335e-01 C
 1.280330486274376e-01 3.780630773354144e-01 3.333333333333335e-01 C
 1.462488679485863e-01 3.324047655968386e-01 3.333333333333335e-01 C
 1.700435539428692e-01 2.893895308213407e-01 3.333333333333335e-01 C
 1.990418501978997e-01 2.496957489573862e-01 3.333333333333335e-01 C
 2.327864362589935e-01 2.139494146568857e-01 3.333333333333335e-01 C
 2.707451398459290e-01 1.827142689655827e-01 3.333333333333335e-01 C
 3.123193295277087e-01 1.564829087900013e-01 3.333333333333335e-01 C
 3.568533554978354e-01 1.356690183499648e-01 3.333333333333335e-01 C
 4.036448895634210e-01 1.206008451313287e-01 3.333333333333335e-01 C
 4.519560012803446e-01 1.115160232270409e-01 3.333333333333335e-01 C
 5.010247955571713e-01 1.085578257055413e-01 3.333333333333335e-01 C
 5.500774281958780e-01 1.117729051088859e-01 3.333333333333335e-01 C
 5.983403098771297e-01 1.211105577142885e-01 3.333333333333335e-01 C
 6.450523061259662e-01 1.364235231621188e-01 3.333333333333335e-01 C
 6.894767408571477e-01 1.574703068397417e-01 3.333333333333335e-01 C
 7.309130141970939e-01 1.839189883958226e-01 3.333333333333335e-01 C
 7.687076513624039e-01 2.153524563225457e-01 3.333333333333335e-01 C
 8.022646083475580e-01 2.512749860532623e-01 3.333333333333335e-01 C
 8.310546718949463e-01 2.911200578350405e-01 3.333333333333335e-01 C
 8.546238055040764e-01 3.342592910835891e-01 3.333333333333335e-01 C
 8.726003098584140e-01 3.800123543204498e-01 3.333333333333335e-01 C
 8.847006847456483e-01 4.276576944068221e-01 3.333333333333335e-01 C
 8.907341000253940e-01 4.764439158675984e-01 3.333333333333335e-01 C
 8.882270948911143e-01 5.500774281958777e-01 8.333333333333334e-01 C
 8.788894422857115e-01 5.983403098771297e-01 8.333333333333334e-01 C
 8.635764768378815e-01 6.450523061259659e-01 8.333333333333334e-01 C
 8.425296931602584e-01 6.894767408571478e-01 8.333333333333334e-01 C
 8.160810116041775e-01 7.309130141970940e-01 8.333333333333334e-01 C
 7.846475436774546e-01 7.687076513624037e-01 8.333333333333334e-01 C
 7.487250139467381e-01 8.022646083475578e-01 8.333333333333334e-01 C
 7.088799421649599e-01 8.310546718949462e-01 8.333333333333334e-01 C
 6.657407089164111e-01 8.546238055040764e-01 8.333333333333334e-01 C
 6.199876456795503e-01 8.726003098584140e-01 8.333333333333334e-01 C
 5.723423055931777e-01 8.847006847456483e-01 8.333333333333334e-01 C
 5.235560841324021e-01 8.907341000253940e-01 8.333333333333334e-01 C
 4.743983691531359e-01 8.906054051345019e-01 8.333333333333334e-01 C
 4.256444071859977e-01 8.843166296682798e-01 8.333333333333334e-01 C
 3.780630773354144e-01 8.719669513725626e-01 8.333333333333334e-01 C
 3.324047655968386e-01 8.537511320514138e-01 8.333333333333334e-01 C
 2.893895308213408e-01 8.299564460571310e-01 8.333333333333334e-01 C
 2.496957489573862e-01 8.009581498021006e-01 8.333333333333334e-01 C
 2.139494146568857e-01 7.672135637410068e-01 8.333333333333334e-01 C
 1.827142689655828e-01 7.292548601540716e-01 8.333333333333334e-01 C
 1.564829087900014e-01 6.876806704722916e-01 8.333333333333334e-01 C
 1.356690183499650e-01 6.431466445021653e-01 8.333333333333334e-01 C
 1.206008451313288e-01 5.963551104365793e-01 8.333333333333334e-01 C
 1.115160232270409e-01 5.480439987196558e-01 8.333333333333334e-01 C
 1.085578257055413e-01 4.989752044428293e-01 8.333333333333334e-01 C
 1.117729051088859e-01 4.499225718041228e-01 8.333333333333334e-01 C
 1.211105577142885e-01 4.016596901228703e-01 8.333333333333334e-01 C
 1.364235231621186e-01 3.549476938740345e-01 8.333333333333334e-01 C
 1.574703068397418e-01 3.105232591428523e-01 8.333333333333334e-01 C
 1.839189883958226e-01 2.690869858029062e-01 8.333333333333334e-01 C
 2.153524563225455e-01 2.312923486375966e-01 8.333333333333334e-01 C
 2.512749860532625e-01 1.977353916524422e-01 8.333333333333334e-01 C
 2.911200578350406e-01 1.689453281050536e-01 8.333333333333334e-01 C
 3.342592910835891e-01 1.453761944959237e-01 8.333333333333334e-01 C
 3.800123543204502e-01 1.273996901415859e-01 8.333333333333334e-01 C
 4.276576944068228e-01 1.152993152543517e-01 8.333333333333334e-01 C
 4.764439158675983e-01 1.092658999746060e-01 8.333333333333334e-01 C
 5.256016308468645e-01 1.093945948654983e-01 8.333333333333334e-01 C
 5.743555928140027e-01 1.156833703317204e-01 8.333333333333334e-01 C
 6.219369226645860e-01 1.280330486274377e-01 8.333333333333334e-01 C
 6.675952344031620e-01 1.462488679485865e-01 8.333333333333334e-01 C
 7.106104691786596e-01 1.700435539428692e-01 8.333333333333334e-01 C
 7.503042510426141e-01 1.990418501978997e-01 8.333333333333334e-01 C
 7.860505853431147e-01 2.327864362589936e-01 8.333333333333334e-01 C
 8.172857310344175e-01 2.707451398459290e-01 8.333333333333334e-01 C
 8.435170912099986e-01 3.123193295277085e-01 8.333333333333334e-01 C
 8.643309816500353e-01 3.568533554978354e-01 8.333333333333334e-01 C
 8.793991548686716e-01 4.036448895634210e-01 8.333333333333334e-01 C
 8.884839767729593e-01 4.519560012803449e-01 8.333333333333334e-01 C
 8.914421742944588e-01 5.010247955571713e-01 8.333333333333334e-01 C
 8.882270948911143e-01 5.500774281958777e-01 5.000000000000000e-01 C
 8.788894422857115e-01 5.983403098771297e-01 5.000000000000000e-01 C
 8.635764768378815e-01 6.450523061259659e-01 5.000000000000000e-01 C
 8.425296931602584e-01 6.894767408571478e-01 5.000000000000000e-01 C
 8.160810116041775e-01 7.309130141970940e-01 5.000000000000000e-01 C
 7.846475436774546e-01 7.687076513624037e-01 5.000000000000000e-01 C
 7.487250139467381e-01 8.022646083475578e-01 5.000000000000000e-01 C
 7.088799421649599e-01 8.310546718949462e-01 5.000000000000000e-01 C
 6.657407089164111e-01 8.546238055040764e-01 5.000000000000000e-01 C
 6.199876456795503e-01 8.726003098584140e-01 5.000000000000000e-01 C
 5.723423055931777e-01 8.847006847456483e-01 5.000000000000000e-01 C
 5.235560841324021e-01 8.907341000253940e-01 5.000000000000000e-01 C
 4.743983691531359e-01 8.906054051345019e-01 5.000000000000000e-01 C
 4.256444071859977e-01 8.843166296682798e-01 5.000000000000000e-01 C
 3.780630773354144e-01 8.719669513725626e-01 5.000000000000000e-01 C
 3.324047655968386e-01 8.537511320514138e-01 5.000000000000000e-01 C
 2.893895308213408e-01 8.299564460571310e-01 5.000000000000000e-01 C
 2.496957489573862e-01 8.009581498021006e-01 5.000000000000000e-01 C
 2.139494146568857e-01 7.672135637410068e-01 5.000000000000000e-01 C
 1.827142689655828e-01 7.292548601540716e-01 5.000000000000000e-01 C
 1.564829087900014e-01 6.876806704722916e-01 5.000000000000000e-01 C
 1.356690183499650e-01 6.431466445021653e-01 5.000000000000000e-01 C
 1.206008451313288e-01 5.963551104365793e-01 5.000000000000000e-01 C
 1.115160232270409e-01 5.480439987196558e-01 5.000000000000000e-01 C
 1.085578257055413e-01 4.989752044428293e-01 5.000000000000000e-01 C
 1.117729051088859e-01 4.499225718041228e-01 5.000000000000000e-01 C
 1.211105577142885e-01 4.016596901228703e-01 5.000000000000000e-01 C
 1.364235231621186e-01 3.549476938740345e-01 5.000000000000000e-01 C
 1.574703068397418e-01 3.105232591428523e-01 5.000000000000000e-01 C
 1.839189883958226e-01 2.690869858029062e-01 5.000000000000000e-01 C
 2.153524563225455e-01 2.312923486375966e-01 5.000000000000000e-01 C
 2.512749860532625e-01 1.977353916524422e-01 5.000000000000000e-01 C
 2.911200578350406e-01 1.689453281050536e-01 5.000000000000000e-01 C
 3.342592910835891e-01 1.453761944959237e-01 5.000000000000000e-01 C
 3.800123543204502e-01 1.273996901415859e-01 5.000000000000000e-01 C
 4.276576944068228e-01 1.152993152543517e-01 5.000000000000000e-01 C
 4.764439158675983e-01 1.092658999746060e-01 5.000000000000000e-01 C
 5.256016308468645e-01 1.093945948654983e-01 5.000000000000000e-01 C
 5.743555928140027e-01 1.156833703317204e-01 5.000000000000000e-01 C
 6.219369226645860e-01 1.280330486274377e-01 5.000000000000000e-01 C
 6.675952344031620e-01 1.462488679485865e-01 5.000000000000000e-01 C
 7.106104691786596e-01 1.700435539428692e-01 5.000000000000000e-01 C
 7.503042510426141e-01 1.990418501978997e-01 5.000000000000000e-01 C
 7.860505853431147e-01 2.327864362589936e-01 5.000000000000000e-01 C
 8.172857310344175e-01 2.707451398459290e-01 5.000000000000000e-01 C
 8.435170912099986e-01 3.123193295277085e-01 5.000000000000000e-01 C
 8.643309816500353e-01 3.568533554978354e-01 5.000000000000000e-01 C
 8.793991548686716e-01 4.036448895634210e-01 5.000000000000000e-01 C
 8.884839767729593e-01 4.519560012803449e-01 5.000000000000000e-01 C
 8.914421742944588e-01 5.010247955571713e-01 5.000000000000000e-01 C
 8.124843241076015e-01 5.204813046774915e-01 0.000000000000000e+00 C
 8.054331415992807e-01 5.691124639053659e-01 0.000000000000000e+00 C
 7.908611814703053e-01 6.160418449007726e-01 0.000000000000000e+00 C
 7.691272537406133e-01 6.601138905539191e-01 0.000000000000000e+00 C
 7.407665198416804e-01 7.002434008340912e-01 0.000000000000000e+00 C
 7.064773151659781e-01 7.354422540159820e-01 0.000000000000000e+00 C
 6.671039537319678e-01 7.648437375159571e-01 0.000000000000000e+00 C
 6.236159383708501e-01 7.877238892323176e-01 0.000000000000000e+00 C
 5.770840883492635e-01 8.035193238949371e-01 0.000000000000000e+00 C
 5.286541722450959e-01 8.118411054803795e-01 0.000000000000000e+00 C
 4.795186953225088e-01 8.124843241076015e-01 0.000000000000000e+00 C
 4.308875360946345e-01 8.054331415992807e-01 0.000000000000000e+00 C
 3.839581550992276e-01 7.908611814703054e-01 0.000000000000000e+00 C
 3.398861094460811e-01 7.691272537406133e-01 0.000000000000000e+00 C
 2.997565991659092e-01 7.407665198416807e-01 0.000000000000000e+00 C
 2.645577459840183e-01 7.064773151659781e-01 0.000000000000000e+00 C
 2.351562624840434e-01 6.671039537319682e-01 0.000000000000000e+00 C
 2.122761107676824e-01 6.236159383708501e-01 0.000000000000000e+00 C
 1.964806761050631e-01 5.770840883492636e-01 0.000000000000000e+00 C
 1.881588945196206e-01 5.286541722450959e-01 0.000000000000000e+00 C
 1.875156758923986e-01 4.795186953225087e-01 0.000000000000000e+00 C
 1.945668584007194e-01 4.308875360946346e-01 0.000000000000000e+00 C
 2.091388185296948e-01 3.839581550992276e-01 0.000000000000000e+00 C
 2.308727462593868e-01 3.398861094460813e-01 0.000000000000000e+00 C
 2.592334801583197e-01 2.997565991659091e-01 0.000000000000000e+00 C
 2.935226848340218e-01 2.645577459840184e-01 0.000000000000000e+00 C
 3.328960462680324e-01 2.351562624840431e-01 0.000000000000000e+00 C
 3.763840616291503e-01 2.122761107676824e-01 0.000000000000000e+00 C
 4.229159116507366e-01 1.964806761050631e-01 0.000000000000000e+00 C
 4.713458277549044e-01 1.881588945196206e-01 0.000000000000000e+00 C
 5.204813046774915e-01 1.875156758923986e-01 0.000000000000000e+00 C
 5.691124639053659e-01 1.945668584007194e-01 0.000000000000000e+00 C
 6.160418449007725e-01 2.091388185296948e-01 0.000000000000000e+00 C
 6.601138905539190e-01 2.308727462593868e-01 0.000000000000000e+00 C
 7.002434008340913e-01 2.592334801583198e-01 0.000000000000000e+00 C
 7.354422540159820e-01 2.935226848340222e-01 0.000000000000000e+00 C
 7.648437375159569e-01 3.328960462680320e-01 0.000000000000000e+00 C
 7.877238892323177e-01 3.763840616291503e-01 0.000000000000000e+00 C
 8.035193238949371e-01 4.229159116507366e-01 0.000000000000000e+00 C
 8.118411054803795e-01 4.713458277549041e-01 0.000000000000000e+00 C
 8.124843241076015e-01 5.204813046774915e-01 3.333333333333335e-01 C
 8.054331415992807e-01 5.691124639053659e-01 3.333333333333335e-01 C
 7.908611814703053e-01 6.160418449007726e-01 3.333333333333335e-01 C
 7.691272537406133e-01 6.601138905539191e-01 3.333333333333335e-01 C
 7.407665198416804e-01 7.002434008340912e-01 3.333333333333335e-01 C
 7.064773151659781e-01 7.354422540159820e-01 3.333333333333335e-01 C
 6.671039537319678e-01 7.648437375159571e-01 3.333333333333335e-01 C
 6.236159383708501e-01 7.877238892323176e-01 3.333333333333335e-01 C
 5.770840883492635e-01 8.035193238949371e-01 3.333333333333335e-01 C
 5.286541722450959e-01 8.118411054803795e-01 3.333333333333335e-01 C
 4.795186953225088e-01 8.124843241076015e-01 3.333333333333335e-01 C
 4.308875360946345e-01 8.054331415992807e-01 3.333333333333335e-01 C
 3.839581550992276e-01 7.908611814703054e-01 3.333333333333335e-01 C
 3.398861094460811e-01 7.691272537406133e-01 3.333333333333335e-01 C
 2.997565991659092e-01 7.407665198416807e-01 3.333333333333335e-01 C
 2.645577459840183e-01 7.064773151659781e-01 3.333333333333335e-01 C
 2.351562624840434e-01 6.671039537319682e-01 3.333333333333335e-01 C
 2.122761107676824e-01 6.236159383708501e-01 3.333333333333335e-01 C
 1.964806761050631e-01 5.770840883492636e-01 3.333333333333335e-01 C
 1.881588945196206e-01 5.286541722450959e-01 3.333333333333335e-01 C
 1.875156758923986e-01 4.795186953225087e-01 3.333333333333335e-01 C
 1.945668584007194e-01 4.308875360946346e-01 3.333333333333335e-01 C
 2.091388185296948e-01 3.839581550992276e-01 3.333333333333335e-01 C
 2.308727462593868e-01 3.398861094460813e-01 3.333333333333335e-01 C
 2.592334801583197e-01 2.997565991659091e-01 3.333333333333335e-01 C
 2.935226848340218e-01 2.645577459840184e-01 3.333333333333335e-01 C
 3.328960462680324e-01 2.351562624840431e-01 3.333333333333335e-01 C
 3.763840616291503e-01 2.122761107676824e-01 3.333333333333335e-01 C
 4.229159116507366e-01 1.964806761050631e-01 3.333333333333335e-01 C
 4.713458277549044e-01 1.881588945196206e-01 3.333333333333335e-01 C
 5.204813046774915e-01 1.875156758923986e-01 3.333333333333335e-01 C
 5.691124639053659e-01 1.945668584007194e-01 3.333333333333335e-01 C
 6.160418449007725e-01 2.091388185296948e-01 3.333333333333335e-01 C
 6.601138905539190e-01 2.308727462593868e-01 3.333333333333335e-01 C
 7.002434008340913e-01 2.592334801583198e-01 3.333333333333335e-01 C
 7.354422540159820e-01 2.935226848340222e-01 3.333333333333335e-01 C
 7.648437375159569e-01 3.328960462680320e-01 3.333333333333335e-01 C
 7.877238892323177e-01 3.763840616291503e-01 3.333333333333335e-01 C
 8.035193238949371e-01 4.229159116507366e-01 3.333333333333335e-01 C
 8.118411054803795e-01 4.713458277549041e-01 3.333333333333335e-01 C
 8.099140945784263e-01 5.449354051490700e-01 8.333333333333334e-01 C
 7.990690917353497e-01 5.928634213394587e-01 8.333333333333334e-01 C
 7.808600153003388e-01 6.385048319004442e-01 8.333333333333334e-01 C
 7.557352331676835e-01 6.807357938288577e-01 8.333333333333334e-01 C
 7.243134008578612e-01 7.185164406854947e-01 8.333333333333334e-01 C
 6.873682281654222e-01 7.509164875579665e-01 8.333333333333334e-01 C
 6.458094278560528e-01 7.771381377626820e-01 8.333333333333334e-01 C
 6.006603155191202e-01 7.965357272469340e-01 8.333333333333334e-01 C
 5.530326121416730e-01 8.086316229807109e-01 8.333333333333334e-01 C
 5.040990698481487e-01 8.131279838670712e-01 8.333333333333334e-01 C
 4.550645948509304e-01 8.099140945784263e-01 8.333333333333334e-01 C
 4.071365786605416e-01 7.990690917353497e-01 8.333333333333334e-01 C
 3.614951680995562e-01 7.808600153003388e-01 8.333333333333334e-01 C
 3.192642061711424e-01 7.557352331676835e-01 8.333333333333334e-01 C
 2.814835593145056e-01 7.243134008578612e-01 8.333333333333334e-01 C
 2.490835124420337e-01 6.873682281654222e-01 8.333333333333334e-01 C
 2.228618622373181e-01 6.458094278560529e-01 8.333333333333334e-01 C
 2.034642727530662e-01 6.006603155191202e-01 8.333333333333334e-01 C
 1.913683770192894e-01 5.530326121416732e-01 8.333333333333334e-01 C
 1.868720161329289e-01 5.040990698481489e-01 8.333333333333334e-01 C
 1.900859054215738e-01 4.550645948509305e-01 8.333333333333334e-01 C
 2.009309082646504e-01 4.071365786605419e-01 8.333333333333334e-01 C
 2.191399846996613e-01 3.614951680995562e-01 8.333333333333334e-01 C
 2.442647668323165e-01 3.192642061711425e-01 8.333333333333334e-01 C
 2.756865991421388e-01 2.814835593145057e-01 8.333333333333334e-01 C
 3.126317718345780e-01 2.490835124420337e-01 8.333333333333334e-01 C
 3.541905721439473e-01 2.228618622373180e-01 8.333333333333334e-01 C
 3.993396844808800e-01 2.034642727530662e-01 8.333333333333334e-01 C
 4.469673878583272e-01 1.913683770192892e-01 8.333333333333334e-01 C
 4.959009301518514e-01 1.868720161329289e-01 8.333333333333334e-01 C
 5.449354051490699e-01 1.900859054215739e-01 8.333333333333334e-01 C
 5.928634213394586e-01 2.009309082646504e-01 8.333333333333334e-01 C
 6.385048319004444e-01 2.191399846996616e-01 8.333333333333334e-01 C
 6.807357938288577e-01 2.442647668323167e-01 8.333333333333334e-01 C
 7.185164406854948e-01 2.756865991421393e-01 8.333333333333334e-01 C
 7.509164875579664e-01 3.126317718345780e-01 8.333333333333334e-01 C
 7.771381377626821e-01 3.541905721439473e-01 8.333333333333334e-01 C
 7.965357272469340e-01 3.993396844808800e-01 8.333333333333334e-01 C
 8.086316229807109e-01 4.469673878583272e-01 8.333333333333334e-01 C
 8.131279838670712e-01 4.959009301518514e-01 8.333333333333334e-01 C
 8.099140945784263e-01 5.449354051490700e-01 5.000000000000000e-01 C
 7.990690917353497e-01 5.928634213394587e-01 5.000000000000000e-01 C
 7.808600153003388e-01 6.385048319004442e-01 5.000000000000000e-01 C
 7.557352331676835e-01 6.807357938288577e-01 5.000000000000000e-01 C
 7.243134008578612e-01 7.185164406854947e-01 5.000000000000000e-01 C
 6.873682281654222e-01 7.509164875579665e-01 5.000000000000000e-01 C
 6.458094278560528e-01 7.771381377626820e-01 5.000000000000000e-01 C
 6.006603155191202e-01 7.965357272469340e-01 5.000000000000000e-01 C
 5.530326121416730e-01 8.086316229807109e-01 5.000000000000000e-01 C
 5.040990698481487e-01 8.131279838670712e-01 5.000000000000000e-01 C
 4.550645948509304e-01 8.099140945784263e-01 5.000000000000000e-01 C
 4.071365786605416e-01 7.990690917353497e-01 5.000000000000000e-01 C
 3.614951680995562e-01 7.808600153003388e-01 5.000000000000000e-01 C
 3.192642061711424e-01 7.557352331676835e-01 5.000000000000000e-01 C
 2.814835593145056e-01 7.243134008578612e-01 5.000000000000000e-01 C
 2.490835124420337e-01 6.873682281654222e-01 5.000000000000000e-01 C
 2.228618622373181e-01 6.458094278560529e-01 5.000000000000000e-01 C
 2.034642727530662e-01 6.006603155191202e-01 5.000000000000000e-01 C
 1.913683770192894e-01 5.530326121416732e-01 5.000000000000000e-01 C
 1.868720161329289e-01 5.040990698481489e-01 5.000000000000000e-01 C
 1.900859054215738e-01 4.550645948509305e-01 5.000000000000000e-01 C
 2.009309082646504e-01 4.071365786605419e-01 5.000000000000000e-01 C
 2.191399846996613e-01 3.614951680995562e-01 5.000000000000000e-01 C
 2.442647668323165e-01 3.192642061711425e-01 5.000000000000000e-01 C
 2.756865991421388e-01 2.814835593145057e-01 5.000000000000000e-01 C
 3.126317718345780e-01 2.490835124420337e-01 5.000000000000000e-01 C
 3.541905721439473e-01 2.228618622373180e-01 5.000000000000000e-01 C
 3.993396844808800e-01 2.034642727530662e-01 5.000000000000000e-01 C
 4.469673878583272e-01 1.913683770192892e-01 5.000000000000000e-01 C
 4.959009301518514e-01 1.868720161329289e-01 5.000000000000000e-01 C
 5.449354051490699e-01 1.900859054215739e-01 5.000000000000000e-01 C
 5.928634213394586e-01 2.009309082646504e-01 5.000000000000000e-01 C
 6.385048319004444e-01 2.191399846996616e-01 5.000000000000000e-01 C
 6.807357938288577e-01 2.442647668323167e-01 5.000000000000000e-01 C
 7.185164406854948e-01 2.756865991421393e-01 5.000000000000000e-01 C
 7.509164875579664e-01 3.126317718345780e-01 5.000000000000000e-01 C
 7.771381377626821e-01 3.541905721439473e-01 5.000000000000000e-01 C
 7.965357272469340e-01 3.993396844808800e-01 5.000000000000000e-01 C
 8.086316229807109e-01 4.469673878583272e-01 5.000000000000000e-01 C
 8.131279838670712e-01 4.959009301518514e-01 5.000000000000000e-01 C
 7.343632430807012e-01 5.153609785081186e-01 0.000000000000000e+00 C
 7.260481169053433e-01 5.637521624070819e-01 0.000000000000000e+00 C
 7.078536033220116e-01 6.093570708920396e-01 0.000000000000000e+00 C
 6.805748898812604e-01 6.501825506255684e-01 0.000000000000000e+00 C
 6.454041872582403e-01 6.844443322409266e-01 0.000000000000000e+00 C
 6.038786239253333e-01 7.106450114752542e-01 0.000000000000000e+00 C
 5.578130662619477e-01 7.276394929212029e-01 0.000000000000000e+00 C
 5.092208001850440e-01 7.346850361910153e-01 0.000000000000000e+00 C
 4.602255408937456e-01 7.314737172355332e-01 0.000000000000000e+00 C
 4.129686163244208e-01 7.181458861027290e-01 0.000000000000000e+00 C
 3.695153808446323e-01 6.952840329671357e-01 0.000000000000000e+00 C
 3.317649493566043e-01 6.638873305141212e-01 0.000000000000000e+00 C
 3.013671968630325e-01 6.253279652989762e-01 0.000000000000000e+00 C
 2.796506510124853e-01 5.812911666099649e-01 0.000000000000000e+00 C
 2.675644290661804e-01 5.337015538618026e-01 0.000000000000000e+00 C
 2.656367569192989e-01 4.846390214918815e-01 0.000000000000000e+00 C
 2.739518830946567e-01 4.362478375929186e-01 0.000000000000000e+00 C
 2.921463966779885e-01 3.906429291079608e-01 0.000000000000000e+00 C
 3.194251101187396e-01 3.498174493744319e-01 0.000000000000000e+00 C
 3.545958127417598e-01 3.155556677590737e-01 0.000000000000000e+00 C
 3.961213760746671e-01 2.893549885247462e-01 0.000000000000000e+00 C
 4.421869337380525e-01 2.723605070787973e-01 0.000000000000000e+00 C
 4.907791998149562e-01 2.653149638089848e-01 0.000000000000000e+00 C
 5.397744591062548e-01 2.685262827644669e-01 0.000000000000000e+00 C
 5.870313836755794e-01 2.818541138972711e-01 0.000000000000000e+00 C
 6.304846191553680e-01 3.047159670328646e-01 0.000000000000000e+00 C
 6.682350506433958e-01 3.361126694858790e-01 0.000000000000000e+00 C
 6.986328031369677e-01 3.746720347010241e-01 0.000000000000000e+00 C
 7.203493489875149e-01 4.187088333900352e-01 0.000000000000000e+00 C
 7.324355709338197e-01 4.662984461381978e-01 0.000000000000000e+00 C
 7.343632430807012e-01 5.153609785081186e-01 3.333333333333335e-01 C
 7.260481169053433e-01 5.637521624070819e-01 3.333333333333335e-01 C
 7.078536033220116e-01 6.093570708920396e-01 3.333333333333335e-01 C
 6.805748898812604e-01 6.501825506255684e-01 3.333333333333335e-01 C
 6.454041872582403e-01 6.844443322409266e-01 3.333333333333335e-01 C
 6.038786239253333e-01 7.106450114752542e-01 3.333333333333335e-01 C
 5.578130662619477e-01 7.276394929212029e-01 3.333333333333335e-01 C
 5.092208001850440e-01 7.346850361910153e-01 3.333333333333335e-01 C
 4.602255408937456e-01 7.314737172355332e-01 3.333333333333335e-01 C
 4.129686163244208e-01 7.181458861027290e-01 3.333333333333335e-01 C
 3.695153808446323e-01 6.952840329671357e-01 3.333333333333335e-01 C
 3.317649493566043e-01 6.638873305141212e-01 3.333333333333335e-01 C
 3.013671968630325e-01 6.253279652989762e-01 3.333333333333335e-01 C
 2.796506510124853e-01 5.812911666099649e-01 3.333333333333335e-01 C
 2.675644290661804e-01 5.337015538618026e-01 3.333333333333335e-01 C
 2.656367569192989e-01 4.846390214918815e-01 3.333333333333335e-01 C
 2.739518830946567e-01 4.362478375929186e-01 3.333333333333335e-01 C
 2.921463966779885e-01 3.906429291079608e-01 3.333333333333335e-01 C
 3.194251101187396e-01 3.498174493744319e-01 3.333333333333335e-01 C
 3.545958127417598e-01 3.155556677590737e-01 3.333333333333335e-01 C
 3.961213760746671e-01 2.893549885247462e-01 3.333333333333335e-01 C
 4.421869337380525e-01 2.723605070787973e-01 3.333333333333335e-01 C
 4.907791998149562e-01 2.653149638089848e-01 3.333333333333335e-01 C
 5.397744591062548e-01 2.685262827644669e-01 3.333333333333335e-01 C
 5.870313836755794e-01 2.818541138972711e-01 3.333333333333335e-01 C
 6.304846191553680e-01 3.047159670328646e-01 3.333333333333335e-01 C
 6.682350506433958e-01 3.361126694858790e-01 3.333333333333335e-01 C
 6.986328031369677e-01 3.746720347010241e-01 3.333333333333335e-01 C
 7.203493489875149e-01 4.187088333900352e-01 3.333333333333335e-01 C
 7.324355709338197e-01 4.662984461381978e-01 3.333333333333335e-01 C
 7.314737172355332e-01 5.397744591062548e-01 8.333333333333334e-01 C
 7.181458861027290e-01 5.870313836755795e-01 8.333333333333334e-01 C
 6.952840329671355e-01 6.304846191553681e-01 8.333333333333334e-01 C
 6.638873305141211e-01 6.682350506433959e-01 8.333333333333334e-01 C
 6.253279652989759e-01 6.986328031369677e-01 8.333333333333334e-01 C
 5.812911666099649e-01 7.203493489875149e-01 8.333333333333334e-01 C
 5.337015538618026e-01 7.324355709338197e-01 8.333333333333334e-01 C
 4.846390214918815e-01 7.343632430807012e-01 8.333333333333334e-01 C
 4.362478375929183e-01 7.260481169053433e-01 8.333333333333334e-01 C
 3.906429291079608e-01 7.078536033220116e-01 8.333333333333334e-01 C
 3.498174493744318e-01 6.805748898812604e-01 8.333333333333334e-01 C
 3.155556677590737e-01 6.454041872582403e-01 8.333333333333334e-01 C
 2.893549885247462e-01 6.038786239253333e-01 8.333333333333334e-01 C
 2.723605070787973e-01 5.578130662619477e-01 8.333333333333334e-01 C
 2.653149638089848e-01 5.092208001850440e-01 8.333333333333334e-01 C
 2.685262827644669e-01 4.602255408937457e-01 8.333333333333334e-01 C
 2.818541138972711e-01 4.129686163244208e-01 8.333333333333334e-01 C
 3.047159670328646e-01 3.695153808446321e-01 8.333333333333334e-01 C
 3.361126694858790e-01 3.317649493566044e-01 8.333333333333334e-01 C
 3.746720347010241e-01 3.013671968630325e-01 8.333333333333334e-01 C
 4.187088333900352e-01 2.796506510124853e-01 8.333333333333334e-01 C
 4.662984461381975e-01 2.675644290661804e-01 8.333333333333334e-01 C
 5.153609785081185e-01 2.656367569192989e-01 8.333333333333334e-01 C
 5.637521624070818e-01 2.739518830946567e-01 8.333333333333334e-01 C
 6.093570708920393e-01 2.921463966779885e-01 8.333333333333334e-01 C
 6.501825506255683e-01 3.194251101187396e-01 8.333333333333334e-01 C
 6.844443322409265e-01 3.545958127417598e-01 8.333333333333334e-01 C
 7.106450114752542e-01 3.961213760746670e-01 8.333333333333334e-01 C
 7.276394929212029e-01 4.421869337380525e-01 8.333333333333334e-01 C
 7.346850361910153e-01 4.907791998149559e-01 8.333333333333334e-01 C
 7.314737172355332e-01 5.397744591062548e-01 5.000000000000000e-01 C
 7.181458861027290e-01 5.870313836755795e-01 5.000000000000000e-01 C
 6.952840329671355e-01 6.304846191553681e-01 5.000000000000000e-01 C
 6.638873305141211e-01 6.682350506433959e-01 5.000000000000000e-01 C
 6.253279652989759e-01 6.986328031369677e-01 5.000000000000000e-01 C
 5.812911666099649e-01 7.203493489875149e-01 5.000000000000000e-01 C
 5.337015538618026e-01 7.324355709338197e-01 5.000000000000000e-01 C
 4.846390214918815e-01 7.343632430807012e-01 5.000000000000000e-01 C
 4.362478375929183e-01 7.260481169053433e-01 5.000000000000000e-01 C
 3.906429291079608e-01 7.078536033220116e-01 5.000000000000000e-01 C
 3.498174493744318e-01 6.805748898812604e-01 5.000000000000000e-01 C
 3.155556677590737e-01 6.454041872582403e-01 5.000000000000000e-01 C
 2.893549885247462e-01 6.038786239253333e-01 5.000000000000000e-01 C
 2.723605070787973e-01 5.578130662619477e-01 5.000000000000000e-01 C
 2.653149638089848e-01 5.092208001850440e-01 5.000000000000000e-01 C
 2.685262827644669e-01 4.602255408937457e-01 5.000000000000000e-01 C
 2.818541138972711e-01 4.129686163244208e-01 5.000000000000000e-01 C
 3.047159670328646e-01 3.695153808446321e-01 5.000000000000000e-01 C
 3.361126694858790e-01 3.317649493566044e-01 5.000000000000000e-01 C
 3.746720347010241e-01 3.013671968630325e-01 5.000000000000000e-01 C
 4.187088333900352e-01 2.796506510124853e-01 5.000000000000000e-01 C
 4.662984461381975e-01 2.675644290661804e-01 5.000000000000000e-01 C
 5.153609785081185e-01 2.656367569192989e-01 5.000000000000000e-01 C
 5.637521624070818e-01 2.739518830946567e-01 5.000000000000000e-01 C
 6.093570708920393e-01 2.921463966779885e-01 5.000000000000000e-01 C
 6.501825506255683e-01 3.194251101187396e-01 5.000000000000000e-01 C
 6.844443322409265e-01 3.545958127417598e-01 5.000000000000000e-01 C
 7.106450114752542e-01 3.961213760746670e-01 5.000000000000000e-01 C
 7.276394929212029e-01 4.421869337380525e-01 5.000000000000000e-01 C
 7.346850361910153e-01 4.907791998149559e-01 5.000000000000000e-01 C
 6.562421620538008e-01 5.102406523387458e-01 0.000000000000000e+00 C
 6.454305907351526e-01 5.580209224503863e-01 0.000000000000000e+00 C
 6.203832599208402e-01 6.001217004170457e-01 0.000000000000000e+00 C
 5.835519768659840e-01 6.324218687579786e-01 0.000000000000000e+00 C
 5.385420441746318e-01 6.517596619474686e-01 0.000000000000000e+00 C
 4.897593476612544e-01 6.562421620538008e-01 0.000000000000000e+00 C
 4.419790775496139e-01 6.454305907351526e-01 0.000000000000000e+00 C
 3.998782995829547e-01 6.203832599208404e-01 0.000000000000000e+00 C
 3.675781312420218e-01 5.835519768659841e-01 0.000000000000000e+00 C
 3.482403380525316e-01 5.385420441746318e-01 0.000000000000000e+00 C
 3.437578379461995e-01 4.897593476612544e-01 0.000000000000000e+00 C
 3.545694092648475e-01 4.419790775496139e-01 0.000000000000000e+00 C
 3.796167400791599e-01 3.998782995829547e-01 0.000000000000000e+00 C
 4.164480231340161e-01 3.675781312420215e-01 0.000000000000000e+00 C
 4.614579558253684e-01 3.482403380525316e-01 0.000000000000000e+00 C
 5.102406523387459e-01 3.437578379461995e-01 0.000000000000000e+00 C
 5.580209224503863e-01 3.545694092648475e-01 0.000000000000000e+00 C
 6.001217004170457e-01 3.796167400791600e-01 0.000000000000000e+00 C
 6.324218687579786e-01 4.164480231340161e-01 0.000000000000000e+00 C
 6.517596619474686e-01 4.614579558253684e-01 0.000000000000000e+00 C
 6.562421620538008e-01 5.102406523387458e-01 3.333333333333335e-01 C
 6.454305907351526e-01 5.580209224503863e-01 3.333333333333335e-01 C
 6.203832599208402e-01 6.001217004170457e-01 3.333333333333335e-01 C
 5.835519768659840e-01 6.324218687579786e-01 3.333333333333335e-01 C
 5.385420441746318e-01 6.517596619474686e-01 3.333333333333335e-01 C
 4.897593476612544e-01 6.562421620538008e-01 3.333333333333335e-01 C
 4.419790775496139e-01 6.454305907351526e-01 3.333333333333335e-01 C
 3.998782995829547e-01 6.203832599208404e-01 3.333333333333335e-01 C
 3.675781312420218e-01 5.835519768659841e-01 3.333333333333335e-01 C
 3.482403380525316e-01 5.385420441746318e-01 3.333333333333335e-01 C
 3.437578379461995e-01 4.897593476612544e-01 3.333333333333335e-01 C
 3.545694092648475e-01 4.419790775496139e-01 3.333333333333335e-01 C
 3.796167400791599e-01 3.998782995829547e-01 3.333333333333335e-01 C
 4.164480231340161e-01 3.675781312420215e-01 3.333333333333335e-01 C
 4.614579558253684e-01 3.482403380525316e-01 3.333333333333335e-01 C
 5.102406523387459e-01 3.437578379461995e-01 3.333333333333335e-01 C
 5.580209224503863e-01 3.545694092648475e-01 3.333333333333335e-01 C
 6.001217004170457e-01 3.796167400791600e-01 3.333333333333335e-01 C
 6.324218687579786e-01 4.164480231340161e-01 3.333333333333335e-01 C
 6.517596619474686e-01 4.614579558253684e-01 3.333333333333335e-01 C
 6.527165707996405e-01 5.345562319526830e-01 8.333333333333334e-01 C
 6.345636268703067e-01 5.800569452769596e-01 8.333333333333334e-01 C
 6.032386575829891e-01 6.177211270079911e-01 8.333333333333334e-01 C
 5.618079691854251e-01 6.438619446161590e-01 8.333333333333334e-01 C
 5.143270861225481e-01 6.559205527401898e-01 8.333333333333334e-01 C
 4.654437680473173e-01 6.527165707996405e-01 8.333333333333334e-01 C
 4.199430547230407e-01 6.345636268703068e-01 8.333333333333334e-01 C
 3.822788729920091e-01 6.032386575829892e-01 8.333333333333334e-01 C
 3.561380553838412e-01 5.618079691854251e-01 8.333333333333334e-01 C
 3.440794472598104e-01 5.143270861225481e-01 8.333333333333334e-01 C
 3.472834292003598e-01 4.654437680473173e-01 8.333333333333334e-01 C
 3.654363731296933e-01 4.199430547230408e-01 8.333333333333334e-01 C
 3.967613424170109e-01 3.822788729920091e-01 8.333333333333334e-01 C
 4.381920308145751e-01 3.561380553838412e-01 8.333333333333334e-01 C
 4.856729138774522e-01 3.440794472598104e-01 8.333333333333334e-01 C
 5.345562319526830e-01 3.472834292003598e-01 8.333333333333334e-01 C
 5.800569452769595e-01 3.654363731296935e-01 8.333333333333334e-01 C
 6.177211270079911e-01 3.967613424170112e-01 8.333333333333334e-01 C
 6.438619446161588e-01 4.381920308145749e-01 8.333333333333334e-01 C
 6.559205527401898e-01 4.856729138774519e-01 8.333333333333334e-01 C
 6.527165707996405e-01 5.345562319526830e-01 5.000000000000000e-01 C
 6.345636268703067e-01 5.800569452769596e-01 5.000000000000000e-01 C
 6.032386575829891e-01 6.177211270079911e-01 5.000000000000000e-01 C
 5.618079691854251e-01 6.438619446161590e-01 5.000000000000000e-01 C
 5.143270861225481e-01 6.559205527401898e-01 5.000000000000000e-01 C
 4.654437680473173e-01 6.527165707996405e-01 5.000000000000000e-01 C
 4.199430547230407e-01 6.345636268703068e-01 5.000000000000000e-01 C
 3.822788729920091e-01 6.032386575829892e-01 5.000000000000000e-01 C
 3.561380553838412e-01 5.618079691854251e-01 5.000000000000000e-01 C
 3.440794472598104e-01 5.143270861225481e-01 5.000000000000000e-01 C
 3.472834292003598e-01 4.654437680473173e-01 5.000000000000000e-01 C
 3.654363731296933e-01 4.199430547230408e-01 5.000000000000000e-01 C
 3.967613424170109e-01 3.822788729920091e-01 5.000000000000000e-01 C
 4.381920308145751e-01 3.561380553838412e-01 5.000000000000000e-01 C
 4.856729138774522e-01 3.440794472598104e-01 5.000000000000000e-01 C
 5.345562319526830e-01 3.472834292003598e-01 5.000000000000000e-01 C
 5.800569452769595e-01 3.654363731296935e-01 5.000000000000000e-01 C
 6.177211270079911e-01 3.967613424170112e-01 5.000000000000000e-01 C
 6.438619446161588e-01 4.381920308145749e-01 5.000000000000000e-01 C
 6.559205527401898e-01 4.856729138774519e-01 5.000000000000000e-01 C
