 C
 AIREBO 
 80
 1.000000e+00
 5.000000000000000e+01 0.000000000000000e+00 0.000000000000000e+00
 0.000000000000000e+00 5.000000000000000e+01 0.000000000000000e+00
 0.000000000000000e+00 0.000000000000000e+00 2.459512146747806e+00
 fra
 7.706193629615929e-01 5.177373301533567e-01 0.000000000000000e+00 C
 7.645128597826667e-01 5.598531494601817e-01 5.000000000000000e-01 C
 7.085099225636652e-01 6.734158720625130e-01 -2.101993614990890e-16 C
 6.788146002389428e-01 7.038989731021090e-01 4.999999999999999e-01 C
 5.667567787380261e-01 7.628554450324926e-01 -4.203987229981780e-16 C
 5.248152410886681e-01 7.700623192902314e-01 4.999999999999997e-01 C
 3.995048144139175e-01 7.518931721280400e-01 -8.407974459963559e-16 C
 3.613373032815450e-01 7.330710385901117e-01 4.999999999999997e-01 C
 2.706385952779636e-01 6.447162690047036e-01 -8.407974459963559e-16 C
 2.508238026491531e-01 6.070545429418076e-01 4.999999999999997e-01 C
 2.293806370384071e-01 4.822626698466434e-01 0.000000000000000e+00 C
 2.354871402173333e-01 4.401468505398183e-01 4.999999999999997e-01 C
 2.914900774363346e-01 3.265841279374873e-01 -1.681594891992712e-15 C
 3.211853997610569e-01 2.961010268978912e-01 4.999999999999989e-01 C
 4.332432212619740e-01 2.371445549675074e-01 -1.681594891992712e-15 C
 4.751847589113321e-01 2.299376807097687e-01 4.999999999999989e-01 C
 6.004951855860828e-01 2.481068278719601e-01 -1.681594891992712e-15 C
 6.386626967184552e-01 2.669289614098885e-01 4.999999999999989e-01 C
 7.293614047220365e-01 3.552837309952965e-01 0.000000000000000e+00 C
 7.491761973508470e-01 3.929454570581924e-01 4.999999999999989e-01 C
 7.400086676599941e-01 6.262746686346160e-01 -2.101993614990890e-16 C
 7.173000524535609e-01 6.622656454533344e-01 4.999999999999999e-01 C
 6.199487029726780e-01 7.432319081573794e-01 0.000000000000000e+00 C
 5.804220819623092e-01 7.590014309295513e-01 4.999999999999997e-01 C
 4.540724106562645e-01 7.672828259125166e-01 -8.407974459963559e-16 C
 4.128256096074852e-01 7.568074729255381e-01 4.999999999999989e-01 C
 3.057388964478103e-01 6.892407887781937e-01 -8.407974459963559e-16 C
 2.785267914340495e-01 6.565217888289375e-01 4.999999999999989e-01 C
 2.316065211042298e-01 5.389152023884406e-01 -8.407974459963559e-16 C
 2.288232113353126e-01 4.964501013796166e-01 4.999999999999997e-01 C
 2.599913323400059e-01 3.737253313653842e-01 0.000000000000000e+00 C
 2.826999475464390e-01 3.377343545466658e-01 4.999999999999989e-01 C
 3.800512970273219e-01 2.567680918426207e-01 0.000000000000000e+00 C
 4.195779180376907e-01 2.409985690704487e-01 4.999999999999989e-01 C
 5.459275893437354e-01 2.327171740874833e-01 0.000000000000000e+00 C
 5.871743903925147e-01 2.431925270744619e-01 4.999999999999989e-01 C
 6.942611035521895e-01 3.107592112218060e-01 0.000000000000000e+00 C
 7.214732085659504e-01 3.434782111710623e-01 5.000000000000006e-01 C
 7.683934788957701e-01 4.610847976115592e-01 0.000000000000000e+00 C
 7.711767886646873e-01 5.035498986203832e-01 5.000000000000006e-01 C
 7.672828259125166e-01 5.459275893437358e-01 0.000000000000000e+00 C
 7.568074729255381e-01 5.871743903925150e-01 5.000000000000000e-01 C
 6.892407887781937e-01 6.942611035521898e-01 -2.101993614990890e-16 C
 6.565217888289375e-01 7.214732085659505e-01 4.999999999999999e-01 C
 5.389152023884407e-01 7.683934788957701e-01 -4.203987229981780e-16 C
 4.964501013796165e-01 7.711767886646873e-01 4.999999999999997e-01 C
 3.737253313653841e-01 7.400086676599941e-01 -8.407974459963559e-16 C
 3.377343545466656e-01 7.173000524535609e-01 4.999999999999997e-01 C
 2.567680918426207e-01 6.199487029726779e-01 -8.407974459963559e-16 C
 2.409985690704486e-01 5.804220819623090e-01 4.999999999999997e-01 C
 2.327171740874833e-01 4.540724106562645e-01 0.000000000000000e+00 C
 2.431925270744620e-01 4.128256096074852e-01 4.999999999999997e-01 C
 3.107592112218060e-01 3.057388964478104e-01 -1.681594891992712e-15 C
 3.434782111710623e-01 2.785267914340496e-01 4.999999999999989e-01 C
 4.610847976115592e-01 2.316065211042299e-01 -1.681594891992712e-15 C
 5.035498986203832e-01 2.288232113353126e-01 4.999999999999989e-01 C
 6.262746686346157e-01 2.599913323400058e-01 -1.681594891992712e-15 C
 6.622656454533341e-01 2.826999475464390e-01 4.999999999999989e-01 C
 7.432319081573793e-01 3.800512970273219e-01 0.000000000000000e+00 C
 7.590014309295513e-01 4.195779180376907e-01 4.999999999999989e-01 C
 7.518931721280399e-01 6.004951855860828e-01 -2.101993614990890e-16 C
 7.330710385901115e-01 6.386626967184552e-01 4.999999999999999e-01 C
 6.447162690047036e-01 7.293614047220365e-01 -4.203987229981780e-16 C
 6.070545429418076e-01 7.491761973508470e-01 5.000000000000001e-01 C
 4.822626698466435e-01 7.706193629615929e-01 -8.407974459963559e-16 C
 4.401468505398183e-01 7.645128597826667e-01 4.999999999999997e-01 C
 3.265841279374871e-01 7.085099225636653e-01 0.000000000000000e+00 C
 2.961010268978910e-01 6.788146002389429e-01 4.999999999999997e-01 C
 2.371445549675074e-01 5.667567787380261e-01 0.000000000000000e+00 C
 2.299376807097687e-01 5.248152410886681e-01 4.999999999999997e-01 C
 2.481068278719601e-01 3.995048144139173e-01 -1.681594891992712e-15 C
 2.669289614098884e-01 3.613373032815449e-01 4.999999999999989e-01 C
 3.552837309952963e-01 2.706385952779636e-01 -1.681594891992712e-15 C
 3.929454570581923e-01 2.508238026491532e-01 4.999999999999989e-01 C
 5.177373301533567e-01 2.293806370384071e-01 -1.681594891992712e-15 C
 5.598531494601818e-01 2.354871402173333e-01 4.999999999999989e-01 C
 6.734158720625130e-01 2.914900774363348e-01 -1.681594891992712e-15 C
 7.038989731021090e-01 3.211853997610572e-01 4.999999999999989e-01 C
 7.628554450324926e-01 4.332432212619740e-01 -1.681594891992712e-15 C
 7.700623192902314e-01 4.751847589113321e-01 5.000000000000006e-01 C
