 C
 AIREBO 
 792
 1.024875e+01
 4.878643737041103e+00 0.000000000000000e+00 0.000000000000000e+00
 0.000000000000000e+00 4.878643737041103e+00 0.000000000000000e+00
 0.000000000000000e+00 0.000000000000000e+00 4.156604463959019e-01
 fra
 7.843271682173513e-01 4.915795177940027e-01 7.088429535305479e-02 C
 7.654971281373772e-01 5.366867526930297e-01 6.885083175340298e-02 C
 7.517485573987296e-01 5.835620128364216e-01 6.649407240584664e-02 C
 7.391318575698228e-01 6.307893935165207e-01 6.490865587612586e-02 C
 7.268944971278396e-01 6.781283264990148e-01 6.384504930937539e-02 C
 7.149236920394264e-01 7.255664626056690e-01 6.366398668475784e-02 C
 7.027510528262080e-01 7.729919610518206e-01 6.435290126972136e-02 C
 6.903549415500728e-01 8.203781204509115e-01 6.540588604384381e-02 C
 6.778818350573877e-01 8.677281089779580e-01 6.606137346359524e-02 C
 6.658536316442099e-01 9.151676711022396e-01 6.611881426487128e-02 C
 6.541454078362141e-01 9.626671181204810e-01 6.533026797521715e-02 C
 6.379372521861404e-01 1.008795378191914e+00 6.456059348867188e-02 C
 6.091423320231173e-01 1.048217628144563e+00 6.351900908386089e-02 C
 5.644455510424750e-01 1.067542800771832e+00 6.246106064093439e-02 C
 5.171869582998089e-01 1.055793003159600e+00 6.192417562712058e-02 C
 4.822460783655962e-01 1.021697889262081e+00 6.134028555521708e-02 C
 4.584287107420438e-01 9.790038657642781e-01 6.062557609715329e-02 C
 4.386216623744141e-01 9.342858114210534e-01 5.990770661042325e-02 C
 4.182546409931998e-01 8.898126438450166e-01 5.984104788643709e-02 C
 3.974387139165982e-01 8.455161538552675e-01 6.029113224251444e-02 C
 3.767529838892643e-01 8.011401188122004e-01 6.121253209095650e-02 C
 3.561644704269478e-01 7.567274133467367e-01 6.200906940673702e-02 C
 3.357306565236285e-01 7.122822651464791e-01 6.217487508904469e-02 C
 3.149729035600901e-01 6.680363192705435e-01 6.172762090123126e-02 C
 2.939220580942260e-01 6.239199586195222e-01 6.158027907887950e-02 C
 2.726779498757878e-01 5.798894109270788e-01 6.167197505299491e-02 C
 2.514367338288061e-01 5.358457265896986e-01 6.190781094757180e-02 C
 2.300540713341181e-01 4.918935207366507e-01 6.169799611140937e-02 C
 2.083780231709654e-01 4.481213820671165e-01 6.076497360834832e-02 C
 1.858811811976357e-01 4.047857345623008e-01 5.972681496930519e-02 C
 1.632999873285113e-01 3.614266445037941e-01 5.949291655442900e-02 C
 1.404427258912644e-01 3.181619204200275e-01 5.985578378308969e-02 C
 1.177564949504565e-01 2.748039409225747e-01 5.994269138696934e-02 C
 1.003871719808060e-01 2.290994520173999e-01 5.962236528300830e-02 C
 9.825758630087429e-02 1.803529760058496e-01 5.929546907912053e-02 C
 1.201441196120697e-01 1.368263466767313e-01 5.915637059869194e-02 C
 1.621932999418386e-01 1.122175328810356e-01 5.927220791355432e-02 C
 2.109685129508773e-01 1.103932140994591e-01 5.939362292327498e-02 C
 2.584911611235898e-01 1.219175288097172e-01 5.938979816385558e-02 C
 3.052658795001495e-01 1.362399266340168e-01 5.988661067667297e-02 C
 3.522632369523476e-01 1.498096499459874e-01 6.040996345685878e-02 C
 3.992634584360140e-01 1.631962278577459e-01 6.024548979970909e-02 C
 4.463552772936573e-01 1.760842109880676e-01 5.925821054234408e-02 C
 4.936991287507399e-01 1.880424338888888e-01 5.863761936206057e-02 C
 5.410964897148810e-01 1.999100242707978e-01 5.833970826428671e-02 C
 5.885844648311820e-01 2.112665816850779e-01 5.690004348357515e-02 C
 6.367418392106253e-01 2.190488732805675e-01 5.489996209745789e-02 C
 6.854731862907587e-01 2.220621056689410e-01 5.396380367440412e-02 C
 7.342043978475271e-01 2.186863945079491e-01 5.412602968457896e-02 C
 7.826365610586908e-01 2.120426049471343e-01 5.589461623769754e-02 C
 8.312880824287371e-01 2.071039138255874e-01 5.811142372922958e-02 C
 8.794227089321618e-01 2.152410139261671e-01 5.998286204922983e-02 C
 9.165116410104326e-01 2.467741879036195e-01 6.165442893350032e-02 C
 9.253000477628469e-01 2.946366959052912e-01 6.393867788543482e-02 C
 9.067380391330891e-01 3.397607938730900e-01 6.631682499879257e-02 C
 8.752060273385598e-01 3.771351886407029e-01 6.861682582842714e-02 C
 8.412644685198071e-01 4.123725906264288e-01 7.078938236665099e-02 C
 8.098206070638698e-01 4.498538584774809e-01 7.158025177735425e-02 C
 7.844011810464059e-01 4.915852311064982e-01 4.035007368698635e-01 C
 7.655482750390254e-01 5.366552772578712e-01 4.013852204709807e-01 C
 7.517109590079152e-01 5.835303871403450e-01 3.990966135259703e-01 C
 7.391143382061056e-01 6.307692816909242e-01 3.975219333337023e-01 C
 7.268499116243030e-01 6.781157483897363e-01 3.965146223217609e-01 C
 7.148692592229500e-01 7.255722218851738e-01 3.964354279065627e-01 C
 7.027170839285419e-01 7.730169233059503e-01 3.971901623111668e-01 C
 6.904073942156187e-01 8.204252432826076e-01 3.982237699655421e-01 C
 6.779480498206192e-01 8.677699966395528e-01 3.988275816438243e-01 C
 6.658229041138276e-01 9.151556510771470e-01 3.987176563425566e-01 C
 6.541379180261172e-01 9.626472074667989e-01 3.979329828590373e-01 C
 6.379283205597872e-01 1.008768482688237e+00 3.971748995379035e-01 C
 6.091532010370424e-01 1.048204930960707e+00 3.966000384588392e-01 C
 5.644606683785182e-01 1.067541709336805e+00 3.960626766514810e-01 C
 5.172000424764710e-01 1.055804111475702e+00 3.949958080783662e-01 C
 4.822434113741010e-01 1.021725110135123e+00 3.939527120890745e-01 C
 4.584291606899674e-01 9.790218544056896e-01 3.932268327693348e-01 C
 4.385839035911198e-01 9.343097973120585e-01 3.925040396696904e-01 C
 4.182313467607271e-01 8.898069564650573e-01 3.925793305517863e-01 C
 3.974745495711229e-01 8.454759329343283e-01 3.930590630286703e-01 C
 3.767187755612182e-01 8.011262441238007e-01 3.939979302016707e-01 C
 3.561150565201541e-01 7.567292156769122e-01 3.947275584479846e-01 C
 3.356956373841070e-01 7.122950781962067e-01 3.947691640365211e-01 C
 3.150112867335378e-01 6.680125460821571e-01 3.943000297216633e-01 C
 2.939035825630933e-01 6.239155857934766e-01 3.941891824382926e-01 C
 2.727028472309793e-01 5.798603363933275e-01 3.942931505834222e-01 C
 2.513655499508116e-01 5.358720099615532e-01 3.944978931174604e-01 C
 2.300309918369215e-01 4.919137521881539e-01 3.942239452946515e-01 C
 2.084303783843749e-01 4.481237758198671e-01 3.931786625964220e-01 C
 1.859938966924373e-01 4.047199184704853e-01 3.923161068300241e-01 C
 1.633564672182609e-01 3.613827788585143e-01 3.921445596560472e-01 C
 1.403819217066291e-01 3.181852653516815e-01 3.925409332318625e-01 C
 1.177270403726697e-01 2.748289387590116e-01 3.925993752641002e-01 C
 1.004069511768050e-01 2.291032216493789e-01 3.922559401238315e-01 C
 9.827327123387854e-02 1.803540408488291e-01 3.922815950283410e-01 C
 1.201469764168956e-01 1.368232068747169e-01 3.923595663769026e-01 C
 1.621927076228068e-01 1.122007198312945e-01 3.922150271935228e-01 C
 2.109697172173378e-01 1.103621602916449e-01 3.920278410451740e-01 C
 2.584998260975162e-01 1.219114632054998e-01 3.920023643851758e-01 C
 3.052752360388953e-01 1.362661973686820e-01 3.925757816714358e-01 C
 3.522575142090988e-01 1.498441732868891e-01 3.929948800402693e-01 C
 3.992817433949827e-01 1.631254636328440e-01 3.927422348633796e-01 C
 4.463312516370739e-01 1.761291648989895e-01 3.916751757483489e-01 C
 4.936947659530465e-01 1.880799239603753e-01 3.911757954587193e-01 C
 5.411106573622929e-01 1.998338550723622e-01 3.908402417089736e-01 C
 5.885316088015015e-01 2.112950458514805e-01 3.892204493823932e-01 C
 6.367052087190291e-01 2.192384773622435e-01 3.874269238548121e-01 C
 6.854589901659991e-01 2.221058421658934e-01 3.864621917783508e-01 C
 7.342325961276797e-01 2.187469836341242e-01 3.866893385411105e-01 C
 7.826786986903971e-01 2.120517058143177e-01 3.884646835548464e-01 C
 8.313342898149267e-01 2.071313482647540e-01 3.907010039838953e-01 C
 8.794646688827942e-01 2.152549620631393e-01 3.930548021912668e-01 C
 9.165314480319294e-01 2.468077908908834e-01 3.954158802540536e-01 C
 9.252940374224143e-01 2.946788789135829e-01 3.971410989240611e-01 C
 9.067439807507633e-01 3.398138086693077e-01 3.989280144558734e-01 C
 8.751873142993166e-01 3.771774357769692e-01 4.012427997721423e-01 C
 8.412565214524933e-01 4.124078450588826e-01 4.034075716550929e-01 C
 8.098003043464427e-01 4.498389328038836e-01 4.042023537504154e-01 C
 7.742530077206683e-01 5.138255919698943e-01 9.025963823140684e-01 C
 7.581865966371004e-01 5.599560373011893e-01 9.001253810795226e-01 C
 7.454196609596488e-01 6.071464723282188e-01 8.982467343614666e-01 C
 7.328990335665219e-01 6.544138857715519e-01 8.969243045384693e-01 C
 7.208804036221660e-01 7.018430667628633e-01 8.963508189604336e-01 C
 7.088142625498963e-01 7.492950100549491e-01 8.967315622328258e-01 C
 6.965908212281926e-01 7.967279055539803e-01 8.977272052762959e-01 C
 6.841131049571219e-01 8.440772164110842e-01 8.985729093719946e-01 C
 6.717799875341944e-01 8.914372504516140e-01 8.988763171963288e-01 C
 6.601682850465723e-01 9.389437121881479e-01 8.984134417788294e-01 C
 6.470843484641898e-01 9.860737664184850e-01 8.975288514082654e-01 C
 6.256079974295738e-01 1.029961286807119e+00 8.968484895226210e-01 C
 5.883771725063350e-01 1.061442025137964e+00 8.963781099323811e-01 C
 5.398700723587423e-01 1.065440215004614e+00 8.955814202717179e-01 C
 4.979551355742100e-01 1.040534468459840e+00 8.944298537624018e-01 C
 4.694089718876211e-01 1.000876111273523e+00 8.935447027793331e-01 C
 4.484198018145873e-01 9.567027821836753e-01 8.928231613327208e-01 C
 4.285813690115995e-01 9.119822269035203e-01 8.924613998272451e-01 C
 4.078605394029859e-01 8.676376035372303e-01 8.927634313779504e-01 C
 3.870614680483665e-01 8.233128273897481e-01 8.935116979092472e-01 C
 3.664093941510096e-01 7.789246929855713e-01 8.944197898081193e-01 C
 3.458613206101179e-01 7.345229316302310e-01 8.948633322899356e-01 C
 3.254217965718019e-01 6.901233038990731e-01 8.945262417977964e-01 C
 3.044897052172534e-01 6.459517567665582e-01 8.941949857643551e-01 C
 2.833150434691797e-01 6.018837997139236e-01 8.942135119166853e-01 C
 2.620530296804514e-01 5.578527182005609e-01 8.944308562302308e-01 C
 2.407074021874189e-01 5.138787376482372e-01 8.944367588826294e-01 C
 2.192294653172808e-01 4.700048054094711e-01 8.938230954785580e-01 C
 1.972301076844750e-01 4.264183448992065e-01 8.926158303644922e-01 C
 1.746930432414497e-01 3.830509625541238e-01 8.921817001543810e-01 C
 1.519145453516841e-01 3.397583044613223e-01 8.923083855891987e-01 C
 1.288977833279003e-01 2.965837743318339e-01 8.926532347383542e-01 C
 1.078656946155755e-01 2.524223578715553e-01 8.923918927358878e-01 C
 9.668339052690561e-02 2.048644484405609e-01 8.922198081742229e-01 C
 1.060718748264348e-01 1.570289289506462e-01 8.923503800474738e-01 C
 1.394417775816323e-01 1.215447479596863e-01 8.923021062173065e-01 C
 1.865116772844528e-01 1.088561403794122e-01 8.921288959981212e-01 C
 2.349513154423143e-01 1.152808885931271e-01 8.919495301965928e-01 C
 2.818654724429901e-01 1.291619866766307e-01 8.922121686434213e-01 C
 3.287993967010574e-01 1.430020018546693e-01 8.929132700038305e-01 C
 3.757929316112036e-01 1.564431199634836e-01 8.929730715230920e-01 C
 4.227609922696392e-01 1.697859735050706e-01 8.922315159004712e-01 C
 4.699966393093913e-01 1.821563189467196e-01 8.913189053855503e-01 C
 5.174081968881249e-01 1.939567032240202e-01 8.910895924388919e-01 C
 5.648024989966421e-01 2.056952195132658e-01 8.902350531888876e-01 C
 6.125329000118185e-01 2.157429266691994e-01 8.881936855458313e-01 C
 6.610335651737659e-01 2.214517236813796e-01 8.868674447286751e-01 C
 7.098873728922875e-01 2.210366547286134e-01 8.863461641587620e-01 C
 7.584887771563150e-01 2.156088568588154e-01 8.874751800571782e-01 C
 8.069177732641698e-01 2.087602480118475e-01 8.895630867499686e-01 C
 8.557849087591721e-01 2.087183901883552e-01 8.918516824246298e-01 C
 9.005780105503870e-01 2.279509289944513e-01 8.942944217569403e-01 C
 9.250043225612790e-01 2.700178922078817e-01 8.963374090667038e-01 C
 9.185292842488788e-01 3.183134377227677e-01 8.979767771837606e-01 C
 8.917474392103756e-01 3.591733625833341e-01 9.000551649966307e-01 C
 8.581038376313618e-01 3.946904052889061e-01 9.023821271933584e-01 C
 8.250797984184504e-01 4.307399922125462e-01 9.040512250251227e-01 C
 7.962217567127196e-01 4.701825001108237e-01 9.040245080135265e-01 C
 7.741543371152947e-01 5.138198924844724e-01 5.699984408443126e-01 C
 7.582024602527929e-01 5.600055842469894e-01 5.675962319911740e-01 C
 7.454256417624531e-01 6.071735786286186e-01 5.656365122380074e-01 C
 7.329159413570399e-01 6.544351843824283e-01 5.643028198624033e-01 C
 7.209288302185596e-01 7.018484077611461e-01 5.636269730238330e-01 C
 7.088405738976740e-01 7.492785478453954e-01 5.639266169067196e-01 C
 6.965825154406966e-01 7.966958256028122e-01 5.648873016484923e-01 C
 6.841171679434173e-01 8.440607130835391e-01 5.657932676377897e-01 C
 6.717418508670621e-01 8.914249226029034e-01 5.661944000820973e-01 C
 6.601192055014808e-01 9.389477502519209e-01 5.657750808809697e-01 C
 6.470648743821820e-01 9.860780504246675e-01 5.649821922381587e-01 C
 6.255924126087021e-01 1.029969529360662e+00 5.640827673932165e-01 C
 5.883622031108070e-01 1.061448676628117e+00 5.629375367544514e-01 C
 5.398541813007239e-01 1.065436364873981e+00 5.621480171515906e-01 C
 4.979388523692463e-01 1.040528898596401e+00 5.616715643322453e-01 C
 4.693939911331618e-01 1.000873965444003e+00 5.609989493053222e-01 C
 4.483742589046940e-01 9.567095063510321e-01 5.601899910359768e-01 C
 4.285070808650264e-01 9.120255492867222e-01 5.597732410059573e-01 C
 4.078306607590315e-01 8.676766012319088e-01 5.600107992217491e-01 C
 3.870646965000278e-01 8.233489007419206e-01 5.607075745860154e-01 C
 3.664456825958257e-01 7.789386209440997e-01 5.616618859869956e-01 C
 3.459343035967851e-01 7.345066326702157e-01 5.621939619810012e-01 C
 3.254468943327427e-01 6.901096091677696e-01 5.619738630950257e-01 C
 3.044631237667155e-01 6.459723326060318e-01 5.615951607422957e-01 C
 2.833199323684910e-01 6.018944125758482e-01 5.616111513167396e-01 C
 2.620633488740814e-01 5.578663508134415e-01 5.618046788640855e-01 C
 2.407164297956528e-01 5.138874676576800e-01 5.618689182456582e-01 C
 2.193325728503366e-01 4.699514417686595e-01 5.613422282950763e-01 C
 1.971928987224960e-01 4.264295607281774e-01 5.601213673905413e-01 C
 1.747413852319586e-01 3.830239634514519e-01 5.595972101661046e-01 C
 1.518498649568963e-01 3.398171356109251e-01 5.595857476896982e-01 C
 1.288747480622666e-01 2.966065166095208e-01 5.600272792973562e-01 C
 1.078732224534330e-01 2.524203653186645e-01 5.597618968950500e-01 C
 9.671979504710042e-02 2.048624027247417e-01 5.594482363538396e-01 C
 1.060826525820034e-01 1.570285948881803e-01 5.592008670192781e-01 C
 1.394394278840943e-01 1.215319060665519e-01 5.591818369122579e-01 C
 1.865085593041284e-01 1.088179976930341e-01 5.594011844152144e-01 C
 2.349539325622333e-01 1.152507606338770e-01 5.593349445692998e-01 C
 2.818534417709031e-01 1.291469255763508e-01 5.595682148609336e-01 C
 3.287339443697038e-01 1.431227259468385e-01 5.602322299355419e-01 C
 3.757604031428463e-01 1.565181219940108e-01 5.604084110901671e-01 C
 4.227674634523433e-01 1.698233497247435e-01 5.598276732823392e-01 C
 4.700144039149249e-01 1.820788783056203e-01 5.588223599804525e-01 C
 5.173934311399438e-01 1.939963390576402e-01 5.585556038661702e-01 C
 5.647863718421292e-01 2.058201834747856e-01 5.578225431983579e-01 C
 6.125682349047304e-01 2.157039667160442e-01 5.557702720303777e-01 C
 6.610471353699737e-01 2.215110970331915e-01 5.543860842246203e-01 C
 7.098745558244693e-01 2.209509830883405e-01 5.537944491738989e-01 C
 7.584471634301077e-01 2.156379163659088e-01 5.549039679561035e-01 C
 8.068719992409944e-01 2.087917195896851e-01 5.569704772494523e-01 C
 8.557449905797920e-01 2.087137791073170e-01 5.591083618549962e-01 C
 9.005487309195209e-01 2.279259966412131e-01 5.607821777346564e-01 C
 9.249979559311095e-01 2.699804845984822e-01 5.627190074947094e-01 C
 9.185551893996511e-01 3.182785593460992e-01 5.651667893830733e-01 C
 8.917965242545289e-01 3.591480706176893e-01 5.674464905760714e-01 C
 8.581430269055133e-01 3.946601649563231e-01 5.697495129595289e-01 C
 8.249876269282915e-01 4.306463197588434e-01 5.713882347958600e-01 C
 7.961597625713229e-01 4.701600307461392e-01 5.714110500743722e-01 C
 7.414867773572036e-01 4.923442819632888e-01 -1.915043566575484e-01 C
 7.253065551856558e-01 5.385424058146255e-01 -1.909867465715294e-01 C
 7.124517789099082e-01 5.857891598235146e-01 -1.902384423362022e-01 C
 6.997917582022547e-01 6.331201728459048e-01 -1.895959235635346e-01 C
 6.876381126481862e-01 6.805650775041425e-01 -1.895601457782884e-01 C
 6.757002288745393e-01 7.280863451011486e-01 -1.892207946781706e-01 C
 6.634554329432631e-01 7.755652344899924e-01 -1.885063262885025e-01 C
 6.509151843009837e-01 8.230071589736362e-01 -1.874424024398186e-01 C
 6.385103248154596e-01 8.704756336637893e-01 -1.869926732004986e-01 C
 6.218234589844400e-01 9.165868800293663e-01 -1.868559941550104e-01 C
 5.900995165321649e-01 9.538178270043505e-01 -1.873087113446583e-01 C
 5.429074448091835e-01 9.660921420626989e-01 -1.878387401411086e-01 C
 4.984223501794806e-01 9.459331846291890e-01 -1.877709384768573e-01 C
 4.684132619869627e-01 9.072280484724948e-01 -1.877638240988503e-01 C
 4.470000407173613e-01 8.630674787317547e-01 -1.878303515168479e-01 C
 4.261499764974832e-01 8.186197386738665e-01 -1.894112202388610e-01 C
 4.054356498262137e-01 7.741380700924807e-01 -1.916295190417722e-01 C
 3.848475933926028e-01 7.296463483622959e-01 -1.928420808281203e-01 C
 3.644140405305291e-01 6.851218098238929e-01 -1.920373524028794e-01 C
 3.434934046585099e-01 6.408164352164702e-01 -1.906386937143867e-01 C
 3.223104431352744e-01 5.966222957676192e-01 -1.900326796364221e-01 C
 3.010295120642055e-01 5.524770296493989e-01 -1.899768706638868e-01 C
 2.796614140549623e-01 5.083720710565490e-01 -1.901408170913337e-01 C
 2.581737466612166e-01 4.643073252770977e-01 -1.895392903609831e-01 C
 2.363166108848043e-01 4.204159088643836e-01 -1.877007882313854e-01 C
 2.136878350869384e-01 3.768447051816193e-01 -1.867838692434865e-01 C
 1.908355144818009e-01 3.333983061875677e-01 -1.874425720203423e-01 C
 1.686793587738029e-01 2.896354695084121e-01 -1.878921150289521e-01 C
 1.572595721603914e-01 2.420558161727807e-01 -1.888631883993153e-01 C
 1.709740241650489e-01 1.952345959737514e-01 -1.900643020346832e-01 C
 2.105652296078508e-01 1.667383131525706e-01 -1.909361986593623e-01 C
 2.593807575760416e-01 1.639183037164819e-01 -1.916032596486170e-01 C
 3.069778430528644e-01 1.757221621220830e-01 -1.923304337079756e-01 C
 3.541771250147751e-01 1.892839801580391e-01 -1.931157339269457e-01 C
 4.013509715823440e-01 2.027984334903000e-01 -1.920849593701282e-01 C
 4.487647309872198e-01 2.153997425734759e-01 -1.900807358901409e-01 C
 4.963848092026623e-01 2.272846439803560e-01 -1.893379496593738e-01 C
 5.439724686285983e-01 2.391743365239866e-01 -1.882315974413521e-01 C
 5.916962106278799e-01 2.503540820677778e-01 -1.843827893642394e-01 C
 6.401336615744504e-01 2.581551188239554e-01 -1.808830748037474e-01 C
 6.890965060864765e-01 2.609949192847906e-01 -1.798288439621815e-01 C
 7.380414107022200e-01 2.575577004673919e-01 -1.803961060333138e-01 C
 7.870727690525775e-01 2.577087125493779e-01 -1.827334106013823e-01 C
 8.303126373964353e-01 2.803157810197122e-01 -1.858759212417245e-01 C
 8.439313637653540e-01 3.270080699722824e-01 -1.876445949761494e-01 C
 8.241471908408322e-01 3.717489453395313e-01 -1.895742300729829e-01 C
 7.924332146628551e-01 4.091290605264215e-01 -1.917034019349757e-01 C
 7.635370426734773e-01 4.486381489608757e-01 -1.921088801865701e-01 C
 7.416373907675404e-01 4.924275950898052e-01 1.413496772202919e-01 C
 7.253448716124155e-01 5.385676680041795e-01 1.418239769397695e-01 C
 7.123496147382523e-01 5.858103240444218e-01 1.427649143152886e-01 C
 6.997666347565754e-01 6.331397270394108e-01 1.432981557548185e-01 C
 6.875521544811273e-01 6.805687613251222e-01 1.433698747276947e-01 C
 6.755964378050128e-01 7.280968426618896e-01 1.438102472190505e-01 C
 6.634296366456691e-01 7.756060340390333e-01 1.446314746440542e-01 C
 6.510358045297059e-01 8.230710931033527e-01 1.456421554503500e-01 C
 6.385657545356439e-01 8.705123974464632e-01 1.460721786325039e-01 C
 6.218649809059899e-01 9.166148197962102e-01 1.461394758003565e-01 C
 5.901075093630341e-01 9.538021415136749e-01 1.462505793778346e-01 C
 5.429159295703786e-01 9.660841736206458e-01 1.461216596545239e-01 C
 4.984387650573245e-01 9.459162384396835e-01 1.454194653752048e-01 C
 4.684321337680629e-01 9.072104770826153e-01 1.452329575038631e-01 C
 4.470663877784667e-01 8.630409526426140e-01 1.452261454741684e-01 C
 4.262019779269969e-01 8.186505975565677e-01 1.438120449019237e-01 C
 4.054809586195169e-01 7.741619560043190e-01 1.414948576903872e-01 C
 3.848918331434015e-01 7.296370413173868e-01 1.402358810769658e-01 C
 3.644237351894908e-01 6.850884414812796e-01 1.408909094604164e-01 C
 3.434576146446251e-01 6.408121800757405e-01 1.423461205613793e-01 C
 3.223152044815820e-01 5.966144762557374e-01 1.429381279179267e-01 C
 3.009915268669480e-01 5.525032319989038e-01 1.430601200097913e-01 C
 2.796682227883078e-01 5.083612548652309e-01 1.428655596662734e-01 C
 2.581996885509091e-01 4.642732130840447e-01 1.435854792014956e-01 C
 2.362914589421908e-01 4.203938267960566e-01 1.453357087130375e-01 C
 2.135928812258185e-01 3.769140332677013e-01 1.465383773681704e-01 C
 1.908670299268331e-01 3.333937326286266e-01 1.456410713437575e-01 C
 1.686446233779622e-01 2.896688576331774e-01 1.450232409851057e-01 C
 1.572664396792975e-01 2.420779224654099e-01 1.443957793540345e-01 C
 1.709707888820227e-01 1.952586323512118e-01 1.436971832985822e-01 C
 2.105600195655130e-01 1.667803847295865e-01 1.424441038421533e-01 C
 2.593747479750801e-01 1.639484415110454e-01 1.413339946214849e-01 C
 3.070068084187035e-01 1.756266194737189e-01 1.407634602924686e-01 C
 3.541446661938590e-01 1.893546253134343e-01 1.402154345244427e-01 C
 4.013897352800898e-01 2.027955175463822e-01 1.410300524153389e-01 C
 4.488067902176475e-01 2.153623418464794e-01 1.430366818803696e-01 C
 4.963921767060662e-01 2.272814507067623e-01 1.438852866496327e-01 C
 5.440035325065578e-01 2.392453100313131e-01 1.449546012966125e-01 C
 5.917769264392270e-01 2.503660399289009e-01 1.485552078164838e-01 C
 6.401813936602806e-01 2.580161085686691e-01 1.523775807277886e-01 C
 6.891086706759491e-01 2.609867001342114e-01 1.531283268818840e-01 C
 7.380144845819259e-01 2.576073106251325e-01 1.525228472825212e-01 C
 7.870235937240704e-01 2.577203208203557e-01 1.504715383932102e-01 C
 8.302903810076563e-01 2.802885676318213e-01 1.489061284890287e-01 C
 8.439499577210656e-01 3.269684974188299e-01 1.464230342784675e-01 C
 8.241499731317683e-01 3.716925891407453e-01 1.432960143515582e-01 C
 7.925182786229336e-01 4.091665593651372e-01 1.412238481872020e-01 C
 7.634633760275804e-01 4.486094258830929e-01 1.407018475277713e-01 C
 7.327480166432020e-01 5.152409056963255e-01 6.415708145141183e-01 C
 7.187728987859316e-01 5.621775644012418e-01 6.422517632806787e-01 C
 7.060439483693569e-01 6.094739312369865e-01 6.431090110705001e-01 C
 6.935607523295189e-01 6.568227017803848e-01 6.433166740629753e-01 C
 6.815941791956694e-01 7.043352861520726e-01 6.435292383497949e-01 C
 6.695147812628074e-01 7.518442089672160e-01 6.441571605855241e-01 C
 6.572620231843528e-01 7.993507706180566e-01 6.451723559296531e-01 C
 6.447432019644832e-01 8.467693634757518e-01 6.458720886385008e-01 C
 6.314106706385706e-01 8.939813584933007e-01 6.461117921894668e-01 C
 6.083112826272586e-01 9.371561781530038e-01 6.461943739397145e-01 C
 5.676234243512016e-01 9.641528884656324e-01 6.462956263809481e-01 C
 5.190881626360190e-01 9.594268173557303e-01 6.457344463741584e-01 C
 4.816789142238457e-01 9.279008303539268e-01 6.452476764584730e-01 C
 4.573632233304586e-01 8.853050564048663e-01 6.453546137469558e-01 C
 4.366149584444727e-01 8.408609690842224e-01 6.447805003759021e-01 C
 4.158048685925034e-01 7.964211182434623e-01 6.426373122944244e-01 C
 3.951545573397067e-01 7.519113030320258e-01 6.406523622635287e-01 C
 3.746775046168433e-01 7.073463056801375e-01 6.403589096863523e-01 C
 3.539918987658305e-01 6.629239489300820e-01 6.416350381978030e-01 C
 3.329006409636106e-01 6.187085598518371e-01 6.427440581486700e-01 C
 3.116749626874477e-01 5.745503700241050e-01 6.430611184176028e-01 C
 2.903400351746541e-01 5.304327551054913e-01 6.428925002581385e-01 C
 2.688865621165564e-01 4.863490274064832e-01 6.431826326746393e-01 C
 2.473572334916124e-01 4.422687955445308e-01 6.443645556049780e-01 C
 2.249923789903880e-01 3.986249795534226e-01 6.462163032746181e-01 C
 2.023807268239600e-01 3.550646700270095e-01 6.460462024737700e-01 C
 1.793626096608291e-01 3.117205117648126e-01 6.453410456623382e-01 C
 1.606558876544484e-01 2.664439774843559e-01 6.446784763907339e-01 C
 1.603793086889980e-01 2.175958920424621e-01 6.441119236466269e-01 C
 1.884271652972722e-01 1.777407026342836e-01 6.431324153018686e-01 C
 2.348255930060434e-01 1.625124522233740e-01 6.418065861799263e-01 C
 2.833880580263826e-01 1.689599626492757e-01 6.410372281843928e-01 C
 3.305441514837847e-01 1.825703373794053e-01 6.405077513390420e-01 C
 3.777736467558261e-01 1.960863242619002e-01 6.403362811775150e-01 C
 4.250498433219882e-01 2.092831201581882e-01 6.420044145119874e-01 C
 4.725908700715604e-01 2.213313692679388e-01 6.436909402480195e-01 C
 5.202023706187068e-01 2.332253077883421e-01 6.441260183326645e-01 C
 5.678379447884260e-01 2.450728143069927e-01 6.465350184109924e-01 C
 6.159009832968739e-01 2.547294130025087e-01 6.507655379516091e-01 C
 6.645875298960905e-01 2.604592393336223e-01 6.528223002004109e-01 C
 7.135990754156991e-01 2.598611824534250e-01 6.531645198469209e-01 C
 7.624917769884255e-01 2.560291490995190e-01 6.515175044372280e-01 C
 8.105634789976757e-01 2.651965287450033e-01 6.495657930495377e-01 C
 8.421761531044922e-01 3.021803992847278e-01 6.479045567662314e-01 C
 8.368861247841887e-01 3.506514452731174e-01 6.447504961486933e-01 C
 8.087008598605868e-01 3.907356079663949e-01 6.420731447945101e-01 C
 7.771656511938977e-01 4.282722183505535e-01 6.407264799191711e-01 C
 7.520224313599179e-01 4.702775138120432e-01 6.410799441371756e-01 C
 7.327271716584520e-01 5.152006265347361e-01 3.087631529417110e-01 C
 7.187996426101355e-01 5.621258750148805e-01 3.092816515346697e-01 C
 7.060998857903161e-01 6.094482881372856e-01 3.101589072080332e-01 C
 6.936303083842582e-01 6.568228782003107e-01 3.104445910469010e-01 C
 6.817622708858849e-01 7.043416148172905e-01 3.105277197236108e-01 C
 6.695942405710542e-01 7.518273090972298e-01 3.110932780441031e-01 C
 6.572508580084817e-01 7.992958076743616e-01 3.119955811720125e-01 C
 6.447240295740286e-01 8.467413016210015e-01 3.128304336566324e-01 C
 6.314546597873181e-01 8.939899013906213e-01 3.131232228413405e-01 C
 6.083216522172933e-01 9.371607410432025e-01 3.129850372729830e-01 C
 5.676205040747468e-01 9.641459547877256e-01 3.123184667320282e-01 C
 5.190875575119862e-01 9.594056319906021e-01 3.122105628534069e-01 C
 4.817079841757679e-01 9.278756427157919e-01 3.122564909737865e-01 C
 4.573827111843926e-01 8.853042256551841e-01 3.122659518993642e-01 C
 4.366685037716200e-01 8.408025758819159e-01 3.116423998660108e-01 C
 4.157755343879779e-01 7.963814101742422e-01 3.094424816573277e-01 C
 3.951180629867835e-01 7.518975493605062e-01 3.075535796469302e-01 C
 3.746824742283629e-01 7.073603511666247e-01 3.073681189252666e-01 C
 3.540121874001624e-01 6.629449045567986e-01 3.087139379714071e-01 C
 3.329042855855611e-01 6.187155027591724e-01 3.097320081782203e-01 C
 3.116918893958037e-01 5.745412324781864e-01 3.100918956133357e-01 C
 2.903283066183029e-01 5.304267972341349e-01 3.098402204088506e-01 C
 2.689799860541196e-01 4.863128921113554e-01 3.100932665657342e-01 C
 2.473854725271838e-01 4.423006633509919e-01 3.113753801162887e-01 C
 2.250065486775001e-01 3.986474174534765e-01 3.130274329118527e-01 C
 2.023175155901152e-01 3.550905026566255e-01 3.128978242133363e-01 C
 1.792682379598241e-01 3.117739592580155e-01 3.123117504706230e-01 C
 1.606420442391375e-01 2.664410452001789e-01 3.117189135867812e-01 C
 1.604083475795887e-01 2.175849796674720e-01 3.105753508546388e-01 C
 1.884522746766699e-01 1.777467783247912e-01 3.094736766992469e-01 C
 2.348525221185318e-01 1.625581237834158e-01 3.087353229721512e-01 C
 2.834028274024645e-01 1.689720913829663e-01 3.080684747282491e-01 C
 3.305361570092124e-01 1.826276317920882e-01 3.073310720765790e-01 C
 3.777683162862147e-01 1.960427950525424e-01 3.070588012607685e-01 C
 4.250190081274843e-01 2.092382949453876e-01 3.089728723186171e-01 C
 4.725763439485096e-01 2.213467331896270e-01 3.104791172518769e-01 C
 5.201854764058553e-01 2.332303385974127e-01 3.108859864622734e-01 C
 5.677672111715614e-01 2.450454741725079e-01 3.135686517147208e-01 C
 6.158255643647209e-01 2.547077469876051e-01 3.176587859023029e-01 C
 6.645750753553150e-01 2.603555444390718e-01 3.198391432562558e-01 C
 7.136054334895000e-01 2.597407409837881e-01 3.201485779611474e-01 C
 7.625390678235167e-01 2.560661133131422e-01 3.186298504718585e-01 C
 8.106111627598145e-01 2.651988598897083e-01 3.156371672235222e-01 C
 8.421860294807207e-01 3.022146385398544e-01 3.130382125770896e-01 C
 8.368444364447978e-01 3.506914199232975e-01 3.115026634638137e-01 C
 8.086126741002081e-01 3.907338096788958e-01 3.092144520996075e-01 C
 7.771315048203308e-01 4.282688397043053e-01 3.079189714894910e-01 C
 7.516810279444683e-01 4.700667100696131e-01 3.081815815928546e-01 C
 6.925912132717188e-01 5.168457691267585e-01 5.461279200169415e-02 C
 6.795119649153822e-01 5.641556483986739e-01 5.776936422222027e-02 C
 6.668367322600444e-01 6.115718259159175e-01 6.008222233802216e-02 C
 6.543669915857263e-01 6.590045420197750e-01 6.179673627852152e-02 C
 6.425438363314491e-01 7.066404373253822e-01 6.274865911983560e-02 C
 6.303626591192248e-01 7.541993574363460e-01 6.324822766417454e-02 C
 6.179727874473963e-01 8.016777131018034e-01 6.366362642550943e-02 C
 5.989250558564311e-01 8.468552194904515e-01 6.379961298685893e-02 C
 5.596939990440878e-01 8.759025066502241e-01 6.337379238545905e-02 C
 5.112872195934783e-01 8.700259778154688e-01 6.372394081455793e-02 C
 4.767332121917354e-01 8.353972397175713e-01 6.417745600727792e-02 C
 4.547592598904552e-01 7.914883191734529e-01 6.395908530470694e-02 C
 4.340711277054548e-01 7.469810772291176e-01 6.383962086885576e-02 C
 4.135859952994135e-01 7.023489286358234e-01 6.379040093351666e-02 C
 3.929692732158439e-01 6.578303189894926e-01 6.294272228105310e-02 C
 3.719005507887187e-01 6.135409727015895e-01 6.203149075277862e-02 C
 3.507001161449170e-01 5.693100749364043e-01 6.121751535932540e-02 C
 3.293235889055670e-01 5.251607260033838e-01 6.071341087071322e-02 C
 3.079613469371265e-01 4.809805930622198e-01 6.014570952892909e-02 C
 2.864064012434900e-01 4.368390438762209e-01 5.925699513506055e-02 C
 2.643643000232163e-01 3.928807362672197e-01 5.848394274785128e-02 C
 2.415700970592786e-01 3.493536601789514e-01 5.805724566104502e-02 C
 2.225635976175535e-01 3.041777706334496e-01 5.884830486616562e-02 C
 2.255693934546938e-01 2.554383666185342e-01 5.932937341130428e-02 C
 2.602914166619024e-01 2.212646362051645e-01 6.028425805595616e-02 C
 3.089846000134191e-01 2.169415488588586e-01 6.152840072308556e-02 C
 3.565921437825510e-01 2.289876115516131e-01 6.144444386023280e-02 C
 4.038755346367833e-01 2.424111743855844e-01 6.043750615881388e-02 C
 4.514765209256604e-01 2.546262016246894e-01 5.938960613846200e-02 C
 4.991193301982186e-01 2.665067534310168e-01 5.801902791395050e-02 C
 5.467479031266557e-01 2.784299865106425e-01 5.633873256377499e-02 C
 5.946006391377933e-01 2.894378370355560e-01 5.368426615175682e-02 C
 6.430707716255026e-01 2.969548211524796e-01 5.120947041021637e-02 C
 6.913166781291411e-01 3.051518836090840e-01 5.069423402476533e-02 C
 7.313993682666998e-01 3.329036711264951e-01 5.004786185847344e-02 C
 7.445267545682567e-01 3.798167628125420e-01 5.014598416320586e-02 C
 7.308120159960317e-01 4.267702186918980e-01 5.011876755481248e-02 C
 7.090051759527394e-01 4.706228093868002e-01 5.122978405020069e-02 C
 6.925671717699298e-01 5.169137702825047e-01 3.876242309414574e-01 C
 6.794673251759742e-01 5.641987990333158e-01 3.908479601580050e-01 C
 6.667898375330386e-01 6.116169815623453e-01 3.929196919508366e-01 C
 6.543456340046863e-01 6.590344205719963e-01 3.947632808437824e-01 C
 6.425024814523529e-01 7.066400522708335e-01 3.959135044675265e-01 C
 6.303329483425634e-01 7.542186534405380e-01 3.961669262958500e-01 C
 6.179854212428805e-01 8.017152950691111e-01 3.967532534799977e-01 C
 5.989305007564676e-01 8.468694662740529e-01 3.972076753226575e-01 C
 5.596910617762570e-01 8.759022225686386e-01 3.978391123291725e-01 C
 5.112844562240587e-01 8.700267768513888e-01 3.976379891833728e-01 C
 4.767427316538297e-01 8.353901934083636e-01 3.972339444157735e-01 C
 4.547656397404395e-01 7.915024945976373e-01 3.970364734081788e-01 C
 4.340732169262770e-01 7.469935213160834e-01 3.969676047975629e-01 C
 4.136250676536226e-01 7.023582084816323e-01 3.968505472858465e-01 C
 3.929849104600724e-01 6.578583305810116e-01 3.958520575107018e-01 C
 3.719020035875812e-01 6.135818688514686e-01 3.948697618701772e-01 C
 3.506979416460089e-01 5.693368958915750e-01 3.941690563921753e-01 C
 3.293334115464612e-01 5.251928736403447e-01 3.935722607140631e-01 C
 3.079838427059849e-01 4.809852875999768e-01 3.931654253495690e-01 C
 2.864038874685383e-01 4.368512027718497e-01 3.925454051966623e-01 C
 2.643641510911809e-01 3.929033029578827e-01 3.917811412373994e-01 C
 2.413675978722686e-01 3.494785389419399e-01 3.912148514285987e-01 C
 2.225398497332908e-01 3.041803785443080e-01 3.920563510067001e-01 C
 2.255783630933126e-01 2.554205534775669e-01 3.935672295396289e-01 C
 2.603021043036248e-01 2.212420180734987e-01 3.943252679458654e-01 C
 3.090069573177629e-01 2.168693524467684e-01 3.945285869298938e-01 C
 3.565260268905833e-01 2.290955553964465e-01 3.947075607467788e-01 C
 4.038460740810880e-01 2.423988957511483e-01 3.936474036693349e-01 C
 4.514440532988137e-01 2.545813053599974e-01 3.924514133638330e-01 C
 4.990632168430744e-01 2.664979557874457e-01 3.909737839066383e-01 C
 5.467055111561879e-01 2.784304865771715e-01 3.893876153402415e-01 C
 5.945395116592436e-01 2.894557749259137e-01 3.867368158450087e-01 C
 6.430677735720425e-01 2.966078262196785e-01 3.842051437946296e-01 C
 6.913203002244039e-01 3.050861805861396e-01 3.836968903029356e-01 C
 7.313889912992584e-01 3.328992170941983e-01 3.840374837423440e-01 C
 7.445207706921407e-01 3.798053866402075e-01 3.834979270738886e-01 C
 7.306521400085948e-01 4.266978175047872e-01 3.828146496709512e-01 C
 7.090398510391044e-01 4.707038705051038e-01 3.841947578332937e-01 C
 6.859471091734520e-01 5.405467505341660e-01 8.892728898663573e-01 C
 6.731334184699261e-01 5.879259730541021e-01 8.918958079474579e-01 C
 6.604934612339091e-01 6.353063181262546e-01 8.938951202257220e-01 C
 6.483701263034316e-01 6.828251318392798e-01 8.954511177341368e-01 C
 6.364427324280708e-01 7.304478424480393e-01 8.960152157967806e-01 C
 6.241945421897996e-01 7.779688059796640e-01 8.964803489342962e-01 C
 6.103654672130878e-01 8.250511585157640e-01 8.969257684356965e-01 C
 5.819109555190696e-01 8.648163978943244e-01 8.975588249765417e-01 C
 5.348935238306766e-01 8.776956494510774e-01 8.978541699648462e-01 C
 4.916642618217920e-01 8.549862836549100e-01 8.973979121838226e-01 C
 4.651562714819149e-01 8.137473989269773e-01 8.971832697987328e-01 C
 4.444087920919427e-01 7.692643710585387e-01 8.968847125062105e-01 C
 4.237830215320767e-01 7.246879076796149e-01 8.970926033369762e-01 C
 4.033675819486555e-01 6.800699025242740e-01 8.964101344642593e-01 C
 3.824801221427392e-01 6.356980469741053e-01 8.953504298973417e-01 C
 3.613132087186868e-01 5.914564646988837e-01 8.944686804050903e-01 C
 3.400351969917347e-01 5.472534355090182e-01 8.938556619279623e-01 C
 3.186621639684428e-01 5.030892738122712e-01 8.933958270345352e-01 C
 2.971825645154784e-01 4.589635363117857e-01 8.927765370338856e-01 C
 2.755136805504550e-01 4.148171507862044e-01 8.921903182328613e-01 C
 2.529648521735251e-01 3.711311911258250e-01 8.914157240040989e-01 C
 2.305931288583280e-01 3.274034116054281e-01 8.914493587828878e-01 C
 2.201281353822234e-01 2.796009517244721e-01 8.928064445805146e-01 C
 2.395540024793265e-01 2.348927045650404e-01 8.941128854237135e-01 C
 2.844035110434938e-01 2.156998047890237e-01 8.943833488747028e-01 C
 3.329348885152469e-01 2.223286623098289e-01 8.947947238015607e-01 C
 3.801444202871876e-01 2.359031788987435e-01 8.942408582955472e-01 C
 4.276268468679134e-01 2.486102378915044e-01 8.930991435254008e-01 C
 4.752639080873196e-01 2.605378857949192e-01 8.917479218688231e-01 C
 5.228835842988575e-01 2.724843776616701e-01 8.903550860528033e-01 C
 5.705472426068682e-01 2.842370503312892e-01 8.881417772656871e-01 C
 6.187176621085325e-01 2.936436323180032e-01 8.853447625643325e-01 C
 6.673992810786537e-01 2.996381268776998e-01 8.836651216622127e-01 C
 7.135031741971831e-01 3.158329582114628e-01 8.838959950481814e-01 C
 7.421265866259392e-01 3.552213216177973e-01 8.838849167846389e-01 C
 7.399039074314556e-01 4.039852485528748e-01 8.830855687316590e-01 C
 7.197136321786178e-01 4.486268625079488e-01 8.831299797777629e-01 C
 7.000670014841758e-01 4.935456450257314e-01 8.858167730616069e-01 C
 6.859807261932970e-01 5.404757184528106e-01 5.564467160115839e-01 C
 6.731587296363176e-01 5.878642167403491e-01 5.589454505380322e-01 C
 6.605184709670873e-01 6.352655061249246e-01 5.610259941868424e-01 C
 6.484101618189448e-01 6.827994654755497e-01 5.624163142745378e-01 C
 6.364509814541084e-01 7.304231418913018e-01 5.629192812696452e-01 C
 6.242003918876716e-01 7.779462831311361e-01 5.634173652239934e-01 C
 6.103764143323156e-01 8.250504048977166e-01 5.638753435301307e-01 C
 5.819107891774961e-01 8.648131828341065e-01 5.635661078575636e-01 C
 5.348932553053549e-01 8.776948609237688e-01 5.634326064972673e-01 C
 4.916683623955161e-01 8.549733422715282e-01 5.640281133585672e-01 C
 4.651661860366570e-01 8.137088329748881e-01 5.640648213019090e-01 C
 4.443824002616713e-01 7.692515925741481e-01 5.639461353499077e-01 C
 4.237392381836677e-01 7.247053190642583e-01 5.639120525826503e-01 C
 4.033422175181972e-01 6.800568682423661e-01 5.634165019985392e-01 C
 3.824788166980438e-01 6.356684964703985e-01 5.624593281406920e-01 C
 3.613145010971662e-01 5.914222717999149e-01 5.615740620201021e-01 C
 3.400352497628795e-01 5.472271816577062e-01 5.609927404572441e-01 C
 3.186509829889652e-01 5.030672320893584e-01 5.603796794564097e-01 C
 2.971287004849505e-01 4.589327720593794e-01 5.598188617413662e-01 C
 2.755001338868424e-01 4.147929290328384e-01 5.588868078953760e-01 C
 2.530036072763573e-01 3.710821542216224e-01 5.581346641278843e-01 C
 2.305009767560561e-01 3.274670752677742e-01 5.584949065603727e-01 C
 2.201206920219656e-01 2.796233097063957e-01 5.590612818740436e-01 C
 2.395441244556292e-01 2.348963086628839e-01 5.596776314104792e-01 C
 2.843985479840905e-01 2.156832143349084e-01 5.609721740116447e-01 C
 3.329846978745479e-01 2.221887711401782e-01 5.617037064931162e-01 C
 3.801709741062245e-01 2.359045941823503e-01 5.609374804601076e-01 C
 4.276560671454606e-01 2.485923334001000e-01 5.599212252335459e-01 C
 4.753052776529140e-01 2.605710741412842e-01 5.587146859107095e-01 C
 5.229393843918270e-01 2.724372397563370e-01 5.572380249220176e-01 C
 5.706060290349030e-01 2.842702978896446e-01 5.550545638377156e-01 C
 6.187694422670467e-01 2.937265038873100e-01 5.522709278916120e-01 C
 6.674333705606336e-01 2.994703172277942e-01 5.509491622602367e-01 C
 7.134973728807205e-01 3.158284343871766e-01 5.503816657909909e-01 C
 7.421287980126892e-01 3.552209890031818e-01 5.499937062071060e-01 C
 7.398319268094242e-01 4.039662556559463e-01 5.501759005830928e-01 C
 7.194253788459771e-01 4.484477613046056e-01 5.502234225394341e-01 C
 7.000629934264427e-01 4.934627522462537e-01 5.527961576338295e-01 C
 6.529329766826421e-01 5.231120916862291e-01 5.769638226844607e-02 C
 6.400333328540441e-01 5.705803416890005e-01 5.919285616306377e-02 C
 6.272885665840047e-01 6.181036596414800e-01 6.045602479050261e-02 C
 6.149412149846644e-01 6.657506167398868e-01 6.158455414983022e-02 C
 6.031364401639152e-01 7.134763049029167e-01 6.300693968137513e-02 C
 5.882421900905291e-01 7.602645089264056e-01 6.331064022141386e-02 C
 5.521376832421887e-01 7.930238887943001e-01 6.243152790260229e-02 C
 5.041648075078501e-01 7.851568652081492e-01 6.321274440054188e-02 C
 4.740684874367050e-01 7.465300220161375e-01 6.418057215952538e-02 C
 4.535820685195123e-01 7.018646961588827e-01 6.327667808453133e-02 C
 4.329639774239391e-01 6.571792228677138e-01 6.242341431866368e-02 C
 4.119467643350314e-01 6.126590818552243e-01 6.165629055876242e-02 C
 3.906865664539424e-01 5.683155889314352e-01 6.105832366916284e-02 C
 3.693648010542681e-01 5.240721607648181e-01 6.074649985937967e-02 C
 3.479685639415938e-01 4.798779153729708e-01 6.028974826685311e-02 C
 3.264466991682851e-01 4.357259040140420e-01 6.005649200186503e-02 C
 3.073902437641889e-01 3.905347078282321e-01 5.956760722008958e-02 C
 3.061552349698073e-01 3.416450053906777e-01 5.905461186384444e-02 C
 3.324728344106707e-01 3.005081576984466e-01 5.882388887239805e-02 C
 3.778524807056851e-01 2.823327352353855e-01 5.891502503811336e-02 C
 4.267158547959304e-01 2.860400291696950e-01 5.884131453696077e-02 C
 4.743342018140548e-01 2.979006980572157e-01 5.894915937709974e-02 C
 5.219586782131943e-01 3.098250577656251e-01 5.826237855997245e-02 C
 5.692839960974858e-01 3.229574353687021e-01 5.796541676564219e-02 C
 6.131198523593949e-01 3.449982525977108e-01 5.779877251628768e-02 C
 6.471366290590689e-01 3.803442642308418e-01 5.763695907120901e-02 C
 6.644383013198529e-01 4.262312773685235e-01 5.756612353776842e-02 C
 6.643807091110175e-01 4.753179389516931e-01 5.749716175697211e-02 C
 6.528434522056181e-01 5.230972389790842e-01 3.907111052907897e-01 C
 6.399910399126870e-01 5.706099107486488e-01 3.921622540174436e-01 C
 6.273028124318331e-01 6.181350559179296e-01 3.937175998892267e-01 C
 6.149216921828022e-01 6.657784723188019e-01 3.949126209657600e-01 C
 6.031076798284997e-01 7.135144616295457e-01 3.959790902313148e-01 C
 5.882391952246253e-01 7.602737895907949e-01 3.967190380460810e-01 C
 5.521345376618607e-01 7.930265218902952e-01 3.980455165030108e-01 C
 5.041625466758413e-01 7.851540870461293e-01 3.976480208794680e-01 C
 4.740675747294558e-01 7.465317727659734e-01 3.969636478233141e-01 C
 4.536177076575029e-01 7.018639038910635e-01 3.965702336710725e-01 C
 4.329784257687336e-01 6.571872242560913e-01 3.958372314019389e-01 C
 4.119380032805051e-01 6.126864684572747e-01 3.948763121652420e-01 C
 3.906839233499748e-01 5.683266309444209e-01 3.940331659125458e-01 C
 3.693649813354598e-01 5.240752459601933e-01 3.935498640726642e-01 C
 3.479684999434853e-01 4.798805153552174e-01 3.932855265719137e-01 C
 3.264366733684831e-01 4.357398339671187e-01 3.927386877272824e-01 C
 3.073794920405404e-01 3.905442462061371e-01 3.925884378830248e-01 C
 3.061539377561193e-01 3.416500411894781e-01 3.926646157601514e-01 C
 3.324709465828613e-01 3.005112698627311e-01 3.925272932644355e-01 C
 3.778494728814868e-01 2.823302784887793e-01 3.920709744581338e-01 C
 4.267175790428407e-01 2.860226755173600e-01 3.917767637731273e-01 C
 4.743329148436891e-01 2.979334991057671e-01 3.915606157357320e-01 C
 5.219421781157575e-01 3.098389173939495e-01 3.912847370094297e-01 C
 5.692867101703040e-01 3.229365448758187e-01 3.910041083294784e-01 C
 6.131175904516855e-01 3.449966168878644e-01 3.909515615069186e-01 C
 6.471348349738251e-01 3.803428856472421e-01 3.909248981716115e-01 C
 6.644364687718542e-01 4.262293331466750e-01 3.908115499261184e-01 C
 6.643852972327299e-01 4.753171184045905e-01 3.906510746469521e-01 C
 6.463620189136292e-01 5.468367431100214e-01 8.914137652166785e-01 C
 6.336562928868414e-01 5.943691618987738e-01 8.929089178732941e-01 C
 6.210473511861315e-01 6.419369784519631e-01 8.943592105786846e-01 C
 6.089559668754931e-01 6.896328041224237e-01 8.954771127888962e-01 C
 5.970311407743197e-01 7.372786637017050e-01 8.962416924519989e-01 C
 5.735624000445226e-01 7.802288984245112e-01 8.974271554875276e-01 C
 5.271797962864576e-01 7.947582809247259e-01 8.981035714620681e-01 C
 4.865951222526908e-01 7.677102117162375e-01 8.971892557817919e-01 C
 4.637757856784913e-01 7.242599101704749e-01 8.968924180283778e-01 C
 4.433619894618070e-01 6.795101804610167e-01 8.961963634946299e-01 C
 4.224885199952248e-01 6.349210231750155e-01 8.954047760251451e-01 C
 4.013055372271312e-01 5.905016967518434e-01 8.943038242117890e-01 C
 3.800545623761266e-01 5.461856519702827e-01 8.938020846231337e-01 C
 3.586463487623668e-01 5.020051571513547e-01 8.932322391643680e-01 C
 3.372690970119351e-01 4.577751962885551e-01 8.931405862058286e-01 C
 3.157427028068200e-01 4.136502220422050e-01 8.926285990259786e-01 C
 3.035570977095942e-01 3.662073939514982e-01 8.926117808059129e-01 C
 3.159385777641471e-01 3.189327402061575e-01 8.926403502516816e-01 C
 3.538926322251764e-01 2.881835553998897e-01 8.922956001930797e-01 C
 4.024553890394699e-01 2.821843887236338e-01 8.918769867908442e-01 C
 4.505271214285505e-01 2.919697793543025e-01 8.916380675130237e-01 C
 4.981096895045379e-01 3.038831331170285e-01 8.913364325830816e-01 C
 5.457664226962445e-01 3.158533981726181e-01 8.910324646923140e-01 C
 5.919833199856602e-01 3.323958325406197e-01 8.909476134278304e-01 C
 6.318156788829927e-01 3.610339640367449e-01 8.909614605414927e-01 C
 6.581419511872162e-01 4.024060778384206e-01 8.908742253234969e-01 C
 6.663636533447794e-01 4.507816124471721e-01 8.907257851944821e-01 C
 6.594167339707530e-01 4.994068021098078e-01 8.906244287395494e-01 C
 6.463811164070969e-01 5.468157056240243e-01 5.581191475623042e-01 C
 6.336449258016936e-01 5.943369304079221e-01 5.599450908004737e-01 C
 6.210632517017737e-01 6.419193783277625e-01 5.609604294506864e-01 C
 6.089967038976360e-01 6.896213111148360e-01 5.622173071644417e-01 C
 5.970257293214675e-01 7.372727047684088e-01 5.634626854808443e-01 C
 5.735648422840216e-01 7.802288622051783e-01 5.628431951011363e-01 C
 5.271824735240932e-01 7.947591872810426e-01 5.625657810266058e-01 C
 4.865979783301642e-01 7.677101084706349e-01 5.638524790343561e-01 C
 4.637350920315620e-01 7.242392693335212e-01 5.638687953315332e-01 C
 4.433377971379036e-01 6.794952744314399e-01 5.628431921303864e-01 C
 4.225095550782756e-01 6.348898751284963e-01 5.621018840838843e-01 C
 4.013123091524285e-01 5.904832918779294e-01 5.613558855728935e-01 C
 3.800534849961200e-01 5.461746033826590e-01 5.608408132025111e-01 C
 3.586360610969089e-01 5.019941980793634e-01 5.607085440165850e-01 C
 3.372773981255501e-01 4.577589638476295e-01 5.600980137732975e-01 C
 3.157136848947802e-01 4.136573761144837e-01 5.597531837142329e-01 C
 3.035533394729825e-01 3.662051149258244e-01 5.593072539138607e-01 C
 3.159408642099768e-01 3.189309898796130e-01 5.588920758450555e-01 C
 3.538968505276673e-01 2.881822067453310e-01 5.588726855128570e-01 C
 4.024609856067563e-01 2.821771118816176e-01 5.589122755796355e-01 C
 4.505287208529723e-01 2.919713837613437e-01 5.588308626822267e-01 C
 4.981556427656116e-01 3.038325522243598e-01 5.589628170390528e-01 C
 5.457790956728436e-01 3.158145282155259e-01 5.580337200136680e-01 C
 5.919863665690601e-01 3.323904093868404e-01 5.578766583682350e-01 C
 6.318152985622936e-01 3.610364415115999e-01 5.576912435128741e-01 C
 6.581411845594995e-01 4.024081383138163e-01 5.575977946911889e-01 C
 6.663652845768888e-01 4.507842090058601e-01 5.575355928005907e-01 C
 6.594142693911647e-01 4.994054086895267e-01 5.575077727527842e-01 C
 6.127728752440933e-01 4.800179089206768e-01 5.972127232089536e-02 C
 6.114421225121481e-01 5.291104645364636e-01 5.983887815808520e-02 C
 6.005569355965530e-01 5.770124506245156e-01 6.011075157376061e-02 C
 5.792813992449145e-01 6.211993034168761e-01 6.013549340578850e-02 C
 5.387745774971723e-01 6.485579478094415e-01 5.995149894646564e-02 C
 4.902133317844202e-01 6.433842703977259e-01 6.034417911638167e-02 C
 4.537724909905753e-01 6.106996237959494e-01 6.086357793376529e-02 C
 4.306701899262926e-01 5.673532967040200e-01 6.096192152374426e-02 C
 4.094097353543968e-01 5.230301527625968e-01 6.062494388344417e-02 C
 3.879526495832816e-01 4.788231923347321e-01 6.057186607114495e-02 C
 3.689080385770226e-01 4.335720873874778e-01 6.017139049799344e-02 C
 3.679405355476679e-01 3.846334178607195e-01 5.958563346923656e-02 C
 3.963685501134254e-01 3.449689809584206e-01 5.931303249631780e-02 C
 4.434852185604670e-01 3.319564639806119e-01 5.955679148061346e-02 C
 4.917857840723259e-01 3.406710220554429e-01 5.979463777350971e-02 C
 5.371278718103228e-01 3.595018796812522e-01 5.961794263629578e-02 C
 5.751287943460468e-01 3.906386755936783e-01 5.959941115979331e-02 C
 6.011411267193775e-01 4.322977955281176e-01 5.965112687728300e-02 C
 6.127736368859396e-01 4.800205752487551e-01 3.929413135361354e-01 C
 6.114547137509790e-01 5.291180481006081e-01 3.929580985049149e-01 C
 6.005134656412805e-01 5.770194478902098e-01 3.930521264173076e-01 C
 5.792741294459686e-01 6.212062543049889e-01 3.935422905207203e-01 C
 5.387707523593381e-01 6.485616939352986e-01 3.941200789443945e-01 C
 4.902105439513252e-01 6.433817789268059e-01 3.941043314876919e-01 C
 4.537740871087293e-01 6.106929981636459e-01 3.939704117523578e-01 C
 4.306674859950692e-01 5.673606092147913e-01 3.939512007102790e-01 C
 4.094125198779409e-01 5.230370635448343e-01 3.937634000853042e-01 C
 3.879527488058527e-01 4.788302655300183e-01 3.932721465340005e-01 C
 3.689079159044441e-01 4.335770309837135e-01 3.932630914480544e-01 C
 3.679400303419777e-01 3.846370609003658e-01 3.934617294532418e-01 C
 3.963664894105854e-01 3.449707492606232e-01 3.933713272039082e-01 C
 4.434816111030645e-01 3.319474433333715e-01 3.927755966698398e-01 C
 4.917836288431651e-01 3.406735400751203e-01 3.923834216211627e-01 C
 5.371170977618950e-01 3.595175292755525e-01 3.928069013842796e-01 C
 5.751270777743970e-01 3.906415616600509e-01 3.929009922205712e-01 C
 6.011415880756666e-01 4.322990145299477e-01 3.929267519634855e-01 C
 6.135373961467099e-01 5.046097053964279e-01 8.929175274099753e-01 C
 6.068817380001797e-01 5.532624632508093e-01 8.928990925049760e-01 C
 5.920432126758484e-01 6.001006257555209e-01 8.933047451432838e-01 C
 5.612937451986968e-01 6.381793926662783e-01 8.938505151911383e-01 C
 5.140016304539585e-01 6.503498218521547e-01 8.941991688671133e-01 C
 4.698377662581013e-01 6.293863896049562e-01 8.939878016752358e-01 C
 4.412925821422591e-01 5.895072625402416e-01 8.940044270577988e-01 C
 4.200545066677301e-01 5.451912734927936e-01 8.939336859692418e-01 C
 3.987024348315523e-01 5.009165932915792e-01 8.935366107323383e-01 C
 3.772971372914515e-01 4.566968041629896e-01 8.933106259795165e-01 C
 3.651209416804767e-01 4.092124862836967e-01 8.933255335897644e-01 C
 3.785405182788089e-01 3.622232836305200e-01 8.934776495590351e-01 C
 4.189592434841879e-01 3.348159111099021e-01 8.930842408628586e-01 C
 4.679381359337357e-01 3.347457487780093e-01 8.924924044174386e-01 C
 5.150405163037964e-01 3.486325793889190e-01 8.927073449221419e-01 C
 5.573616258936365e-01 3.735604186051240e-01 8.928610183230760e-01 C
 5.898824257550431e-01 4.103798419937629e-01 8.929177991272971e-01 C
 6.087124675539036e-01 4.557329606743771e-01 8.929393458128034e-01 C
 6.135422612657827e-01 5.046114054203035e-01 5.597976756988559e-01 C
 6.069024805632219e-01 5.532723322199166e-01 5.599400669062998e-01 C
 5.920262654228510e-01 6.000958698436342e-01 5.601670883435804e-01 C
 5.612956775641019e-01 6.381817994709778e-01 5.600332899728365e-01 C
 5.140046064953521e-01 6.503511603401052e-01 5.600575539030778e-01 C
 4.698421025325822e-01 6.293868211974871e-01 5.606597179501158e-01 C
 4.412999895679685e-01 5.895017030457614e-01 5.609764385598330e-01 C
 4.200554561279188e-01 5.451856864569634e-01 5.607448706940761e-01 C
 3.987046456196269e-01 5.009107108858021e-01 5.605427717274063e-01 C
 3.772919612960806e-01 4.566955517349091e-01 5.603175246842966e-01 C
 3.651205213572057e-01 4.092092537288593e-01 5.599086662118696e-01 C
 3.785429761113280e-01 3.622208722741972e-01 5.593878376876373e-01 C
 4.189625399841971e-01 3.348129559170344e-01 5.594220166395939e-01 C
 4.679416740809021e-01 3.347251669441741e-01 5.596898689036262e-01 C
 5.150346192687916e-01 3.486294807329748e-01 5.595937898428941e-01 C
 5.573546999439480e-01 3.735665893565324e-01 5.596015639807764e-01 C
 5.898815639410340e-01 4.103800293854759e-01 5.596261241556576e-01 C
 6.087121314598534e-01 4.557331218159490e-01 5.596709082423895e-01 C
 5.451289083307731e-01 4.523474318591170e-01 5.934693755815187e-02 C
 5.212728813636230e-01 4.950951796424953e-01 5.933532319875351e-02 C
 4.741147390732746e-01 5.082817998644840e-01 5.934069507540209e-02 C
 4.318807902139393e-01 4.836272942395731e-01 5.959337452403022e-02 C
 4.190560381910687e-01 4.363885184051146e-01 5.948647638141118e-02 C
 4.428300327543482e-01 3.936103623144477e-01 5.934316670581691e-02 C
 4.899794232024403e-01 3.806262185032716e-01 5.931266088922807e-02 C
 5.322991190248646e-01 4.051048817131576e-01 5.935000988214726e-02 C
 5.451287017181253e-01 4.523482555681497e-01 3.940117364270200e-01 C
 5.212719482566573e-01 4.950954934897399e-01 3.941280523746123e-01 C
 4.741132010324731e-01 5.082813229384038e-01 3.942176100816056e-01 C
 4.318737406105208e-01 4.836319214977395e-01 3.940680212272643e-01 C
 4.190577084742755e-01 4.363897184399075e-01 3.941028256743095e-01 C
 4.428297907803122e-01 3.936111683961966e-01 3.941163359322711e-01 C
 4.899803127191138e-01 3.806290548167452e-01 3.940026433775434e-01 C
 5.323026958493613e-01 4.051044425893615e-01 3.939161357699987e-01 C
 5.374523702442336e-01 4.760849629588109e-01 8.940592393816538e-01 C
 4.990173297450122e-01 5.064300400255383e-01 8.941572537488562e-01 C
 4.504624394705738e-01 5.002622238979736e-01 8.942080706592176e-01 C
 4.209541612900410e-01 4.612352481201349e-01 8.939990656910469e-01 C
 4.266890480709568e-01 4.126363880800171e-01 8.941360943030022e-01 C
 4.650875130342347e-01 3.823158727980763e-01 8.940820701587553e-01 C
 5.135997029647011e-01 3.886064621697286e-01 8.939321851453944e-01 C
 5.433125941751979e-01 4.274725054211950e-01 8.939518331254930e-01 C
 5.374524235552215e-01 4.760839851098285e-01 5.593526602365757e-01 C
 4.990175036467699e-01 5.064296551751546e-01 5.593536643477434e-01 C
 4.504610087733812e-01 5.002645716704753e-01 5.594007075311295e-01 C
 4.209567537538484e-01 4.612341230128675e-01 5.596488886222974e-01 C
 4.266899252666276e-01 4.126354576294801e-01 5.593899232955550e-01 C
 4.650901096767298e-01 3.823172499382193e-01 5.593076694863436e-01 C
 5.136063886483765e-01 3.886036099437154e-01 5.593114224997240e-01 C
 5.433138432150025e-01 4.274716507819256e-01 5.593570125276220e-01 C
