 C
 AIREBO 
 168
 1.024875e+01
 4.878643737041103e+00 0.000000000000000e+00 0.000000000000000e+00
 0.000000000000000e+00 4.878643737041103e+00 0.000000000000000e+00
 0.000000000000000e+00 0.000000000000000e+00 4.156604463959019e-01
 fra
 6.562421620538008e-01 5.102406523387458e-01 0.000000000000000e+00 C
 6.454305907351526e-01 5.580209224503863e-01 0.000000000000000e+00 C
 6.203832599208402e-01 6.001217004170457e-01 0.000000000000000e+00 C
 5.835519768659840e-01 6.324218687579786e-01 0.000000000000000e+00 C
 5.385420441746318e-01 6.517596619474686e-01 0.000000000000000e+00 C
 4.897593476612544e-01 6.562421620538008e-01 0.000000000000000e+00 C
 4.419790775496139e-01 6.454305907351526e-01 0.000000000000000e+00 C
 3.998782995829547e-01 6.203832599208404e-01 0.000000000000000e+00 C
 3.675781312420218e-01 5.835519768659841e-01 0.000000000000000e+00 C
 3.482403380525316e-01 5.385420441746318e-01 0.000000000000000e+00 C
 3.437578379461995e-01 4.897593476612544e-01 0.000000000000000e+00 C
 3.545694092648475e-01 4.419790775496139e-01 0.000000000000000e+00 C
 3.796167400791599e-01 3.998782995829547e-01 0.000000000000000e+00 C
 4.164480231340161e-01 3.675781312420215e-01 0.000000000000000e+00 C
 4.614579558253684e-01 3.482403380525316e-01 0.000000000000000e+00 C
 5.102406523387459e-01 3.437578379461995e-01 0.000000000000000e+00 C
 5.580209224503863e-01 3.545694092648475e-01 0.000000000000000e+00 C
 6.001217004170457e-01 3.796167400791600e-01 0.000000000000000e+00 C
 6.324218687579786e-01 4.164480231340161e-01 0.000000000000000e+00 C
 6.517596619474686e-01 4.614579558253684e-01 0.000000000000000e+00 C
 6.562421620538008e-01 5.102406523387458e-01 3.333333333333335e-01 C
 6.454305907351526e-01 5.580209224503863e-01 3.333333333333335e-01 C
 6.203832599208402e-01 6.001217004170457e-01 3.333333333333335e-01 C
 5.835519768659840e-01 6.324218687579786e-01 3.333333333333335e-01 C
 5.385420441746318e-01 6.517596619474686e-01 3.333333333333335e-01 C
 4.897593476612544e-01 6.562421620538008e-01 3.333333333333335e-01 C
 4.419790775496139e-01 6.454305907351526e-01 3.333333333333335e-01 C
 3.998782995829547e-01 6.203832599208404e-01 3.333333333333335e-01 C
 3.675781312420218e-01 5.835519768659841e-01 3.333333333333335e-01 C
 3.482403380525316e-01 5.385420441746318e-01 3.333333333333335e-01 C
 3.437578379461995e-01 4.897593476612544e-01 3.333333333333335e-01 C
 3.545694092648475e-01 4.419790775496139e-01 3.333333333333335e-01 C
 3.796167400791599e-01 3.998782995829547e-01 3.333333333333335e-01 C
 4.164480231340161e-01 3.675781312420215e-01 3.333333333333335e-01 C
 4.614579558253684e-01 3.482403380525316e-01 3.333333333333335e-01 C
 5.102406523387459e-01 3.437578379461995e-01 3.333333333333335e-01 C
 5.580209224503863e-01 3.545694092648475e-01 3.333333333333335e-01 C
 6.001217004170457e-01 3.796167400791600e-01 3.333333333333335e-01 C
 6.324218687579786e-01 4.164480231340161e-01 3.333333333333335e-01 C
 6.517596619474686e-01 4.614579558253684e-01 3.333333333333335e-01 C
 6.527165707996405e-01 5.345562319526830e-01 8.333333333333334e-01 C
 6.345636268703067e-01 5.800569452769596e-01 8.333333333333334e-01 C
 6.032386575829891e-01 6.177211270079911e-01 8.333333333333334e-01 C
 5.618079691854251e-01 6.438619446161590e-01 8.333333333333334e-01 C
 5.143270861225481e-01 6.559205527401898e-01 8.333333333333334e-01 C
 4.654437680473173e-01 6.527165707996405e-01 8.333333333333334e-01 C
 4.199430547230407e-01 6.345636268703068e-01 8.333333333333334e-01 C
 3.822788729920091e-01 6.032386575829892e-01 8.333333333333334e-01 C
 3.561380553838412e-01 5.618079691854251e-01 8.333333333333334e-01 C
 3.440794472598104e-01 5.143270861225481e-01 8.333333333333334e-01 C
 3.472834292003598e-01 4.654437680473173e-01 8.333333333333334e-01 C
 3.654363731296933e-01 4.199430547230408e-01 8.333333333333334e-01 C
 3.967613424170109e-01 3.822788729920091e-01 8.333333333333334e-01 C
 4.381920308145751e-01 3.561380553838412e-01 8.333333333333334e-01 C
 4.856729138774522e-01 3.440794472598104e-01 8.333333333333334e-01 C
 5.345562319526830e-01 3.472834292003598e-01 8.333333333333334e-01 C
 5.800569452769595e-01 3.654363731296935e-01 8.333333333333334e-01 C
 6.177211270079911e-01 3.967613424170112e-01 8.333333333333334e-01 C
 6.438619446161588e-01 4.381920308145749e-01 8.333333333333334e-01 C
 6.559205527401898e-01 4.856729138774519e-01 8.333333333333334e-01 C
 6.527165707996405e-01 5.345562319526830e-01 5.000000000000000e-01 C
 6.345636268703067e-01 5.800569452769596e-01 5.000000000000000e-01 C
 6.032386575829891e-01 6.177211270079911e-01 5.000000000000000e-01 C
 5.618079691854251e-01 6.438619446161590e-01 5.000000000000000e-01 C
 5.143270861225481e-01 6.559205527401898e-01 5.000000000000000e-01 C
 4.654437680473173e-01 6.527165707996405e-01 5.000000000000000e-01 C
 4.199430547230407e-01 6.345636268703068e-01 5.000000000000000e-01 C
 3.822788729920091e-01 6.032386575829892e-01 5.000000000000000e-01 C
 3.561380553838412e-01 5.618079691854251e-01 5.000000000000000e-01 C
 3.440794472598104e-01 5.143270861225481e-01 5.000000000000000e-01 C
 3.472834292003598e-01 4.654437680473173e-01 5.000000000000000e-01 C
 3.654363731296933e-01 4.199430547230408e-01 5.000000000000000e-01 C
 3.967613424170109e-01 3.822788729920091e-01 5.000000000000000e-01 C
 4.381920308145751e-01 3.561380553838412e-01 5.000000000000000e-01 C
 4.856729138774522e-01 3.440794472598104e-01 5.000000000000000e-01 C
 5.345562319526830e-01 3.472834292003598e-01 5.000000000000000e-01 C
 5.800569452769595e-01 3.654363731296935e-01 5.000000000000000e-01 C
 6.177211270079911e-01 3.967613424170112e-01 5.000000000000000e-01 C
 6.438619446161588e-01 4.381920308145749e-01 5.000000000000000e-01 C
 6.559205527401898e-01 4.856729138774519e-01 5.000000000000000e-01 C
 6.093695134376607e-01 5.071684566371221e-01 0.000000000000000e+00 C
 5.954282499355510e-01 5.539122096967557e-01 0.000000000000000e+00 C
 5.625862511830243e-01 5.899779884360855e-01 0.000000000000000e+00 C
 5.173482778137007e-01 6.082225230580381e-01 0.000000000000000e+00 C
 4.686742652607089e-01 6.050322597262027e-01 0.000000000000000e+00 C
 4.262046986577582e-01 5.810390692194611e-01 0.000000000000000e+00 C
 3.983511965256162e-01 5.409950971748450e-01 0.000000000000000e+00 C
 3.906304865623396e-01 4.928315433628780e-01 0.000000000000000e+00 C
 4.045717500644492e-01 4.460877903032445e-01 0.000000000000000e+00 C
 4.374137488169759e-01 4.100220115639149e-01 0.000000000000000e+00 C
 4.826517221862995e-01 3.917774769419621e-01 0.000000000000000e+00 C
 5.313257347392913e-01 3.949677402737976e-01 0.000000000000000e+00 C
 5.737953013422420e-01 4.189609307805390e-01 0.000000000000000e+00 C
 6.016488034743841e-01 4.590049028251553e-01 0.000000000000000e+00 C
 6.093695134376607e-01 5.071684566371221e-01 3.333333333333335e-01 C
 5.954282499355510e-01 5.539122096967557e-01 3.333333333333335e-01 C
 5.625862511830243e-01 5.899779884360855e-01 3.333333333333335e-01 C
 5.173482778137007e-01 6.082225230580381e-01 3.333333333333335e-01 C
 4.686742652607089e-01 6.050322597262027e-01 3.333333333333335e-01 C
 4.262046986577582e-01 5.810390692194611e-01 3.333333333333335e-01 C
 3.983511965256162e-01 5.409950971748450e-01 3.333333333333335e-01 C
 3.906304865623396e-01 4.928315433628780e-01 3.333333333333335e-01 C
 4.045717500644492e-01 4.460877903032445e-01 3.333333333333335e-01 C
 4.374137488169759e-01 4.100220115639149e-01 3.333333333333335e-01 C
 4.826517221862995e-01 3.917774769419621e-01 3.333333333333335e-01 C
 5.313257347392913e-01 3.949677402737976e-01 3.333333333333335e-01 C
 5.737953013422420e-01 4.189609307805390e-01 3.333333333333335e-01 C
 6.016488034743841e-01 4.590049028251553e-01 3.333333333333335e-01 C
 6.050322597262027e-01 5.313257347392913e-01 8.333333333333334e-01 C
 5.810390692194612e-01 5.737953013422421e-01 8.333333333333334e-01 C
 5.409950971748450e-01 6.016488034743841e-01 8.333333333333334e-01 C
 4.928315433628780e-01 6.093695134376607e-01 8.333333333333334e-01 C
 4.460877903032446e-01 5.954282499355511e-01 8.333333333333334e-01 C
 4.100220115639148e-01 5.625862511830243e-01 8.333333333333334e-01 C
 3.917774769419621e-01 5.173482778137009e-01 8.333333333333334e-01 C
 3.949677402737976e-01 4.686742652607089e-01 8.333333333333334e-01 C
 4.189609307805390e-01 4.262046986577582e-01 8.333333333333334e-01 C
 4.590049028251553e-01 3.983511965256162e-01 8.333333333333334e-01 C
 5.071684566371222e-01 3.906304865623396e-01 8.333333333333334e-01 C
 5.539122096967557e-01 4.045717500644492e-01 8.333333333333334e-01 C
 5.899779884360854e-01 4.374137488169759e-01 8.333333333333334e-01 C
 6.082225230580381e-01 4.826517221862995e-01 8.333333333333334e-01 C
 6.050322597262027e-01 5.313257347392913e-01 5.000000000000000e-01 C
 5.810390692194612e-01 5.737953013422421e-01 5.000000000000000e-01 C
 5.409950971748450e-01 6.016488034743841e-01 5.000000000000000e-01 C
 4.928315433628780e-01 6.093695134376607e-01 5.000000000000000e-01 C
 4.460877903032446e-01 5.954282499355511e-01 5.000000000000000e-01 C
 4.100220115639148e-01 5.625862511830243e-01 5.000000000000000e-01 C
 3.917774769419621e-01 5.173482778137009e-01 5.000000000000000e-01 C
 3.949677402737976e-01 4.686742652607089e-01 5.000000000000000e-01 C
 4.189609307805390e-01 4.262046986577582e-01 5.000000000000000e-01 C
 4.590049028251553e-01 3.983511965256162e-01 5.000000000000000e-01 C
 5.071684566371222e-01 3.906304865623396e-01 5.000000000000000e-01 C
 5.539122096967557e-01 4.045717500644492e-01 5.000000000000000e-01 C
 5.899779884360854e-01 4.374137488169759e-01 5.000000000000000e-01 C
 6.082225230580381e-01 4.826517221862995e-01 5.000000000000000e-01 C
 5.624968648215204e-01 5.040962609354984e-01 0.000000000000000e+00 C
 5.412954630331958e-01 5.470884508031965e-01 0.000000000000000e+00 C
 4.959037390645017e-01 5.624968648215204e-01 0.000000000000000e+00 C
 4.529115491968038e-01 5.412954630331958e-01 0.000000000000000e+00 C
 4.375031351784798e-01 4.959037390645017e-01 0.000000000000000e+00 C
 4.587045369668045e-01 4.529115491968038e-01 0.000000000000000e+00 C
 5.040962609354984e-01 4.375031351784798e-01 0.000000000000000e+00 C
 5.470884508031965e-01 4.587045369668045e-01 0.000000000000000e+00 C
 5.624968648215204e-01 5.040962609354984e-01 3.333333333333335e-01 C
 5.412954630331958e-01 5.470884508031965e-01 3.333333333333335e-01 C
 4.959037390645017e-01 5.624968648215204e-01 3.333333333333335e-01 C
 4.529115491968038e-01 5.412954630331958e-01 3.333333333333335e-01 C
 4.375031351784798e-01 4.959037390645017e-01 3.333333333333335e-01 C
 4.587045369668045e-01 4.529115491968038e-01 3.333333333333335e-01 C
 5.040962609354984e-01 4.375031351784798e-01 3.333333333333335e-01 C
 5.470884508031965e-01 4.587045369668045e-01 3.333333333333335e-01 C
 5.561720030600679e-01 5.277009663800890e-01 8.333333333333334e-01 C
 5.201320631038242e-01 5.593071454493869e-01 8.333333333333334e-01 C
 4.722990336199113e-01 5.561720030600679e-01 8.333333333333334e-01 C
 4.406928545506132e-01 5.201320631038242e-01 8.333333333333334e-01 C
 4.438279969399324e-01 4.722990336199114e-01 8.333333333333334e-01 C
 4.798679368961761e-01 4.406928545506132e-01 8.333333333333334e-01 C
 5.277009663800889e-01 4.438279969399324e-01 8.333333333333334e-01 C
 5.593071454493869e-01 4.798679368961761e-01 8.333333333333334e-01 C
 5.561720030600679e-01 5.277009663800890e-01 5.000000000000000e-01 C
 5.201320631038242e-01 5.593071454493869e-01 5.000000000000000e-01 C
 4.722990336199113e-01 5.561720030600679e-01 5.000000000000000e-01 C
 4.406928545506132e-01 5.201320631038242e-01 5.000000000000000e-01 C
 4.438279969399324e-01 4.722990336199114e-01 5.000000000000000e-01 C
 4.798679368961761e-01 4.406928545506132e-01 5.000000000000000e-01 C
 5.277009663800889e-01 4.438279969399324e-01 5.000000000000000e-01 C
 5.593071454493869e-01 4.798679368961761e-01 5.000000000000000e-01 C
