 C
 AIREBO 
 368
 1.024875e+01
 4.878643737041103e+00 0.000000000000000e+00 0.000000000000000e+00
 0.000000000000000e+00 4.878643737041103e+00 0.000000000000000e+00
 0.000000000000000e+00 0.000000000000000e+00 4.156604463959019e-01
 fra
 7.968601079022215e-01 5.194572394436170e-01 0.000000000000000e+00 C
 7.896087666044916e-01 5.680534358890855e-01 0.000000000000000e+00 C
 7.744576531075011e-01 6.147933120055670e-01 0.000000000000000e+00 C
 7.518200502914423e-01 6.584019258143673e-01 0.000000000000000e+00 C
 7.223134529493112e-01 6.976897480099545e-01 0.000000000000000e+00 C
 6.867427241386423e-01 7.315851092185415e-01 0.000000000000000e+00 C
 6.460781406154215e-01 7.591634323449703e-01 0.000000000000000e+00 C
 6.014289262135043e-01 7.796724526256749e-01 0.000000000000000e+00 C
 5.540129951099597e-01 7.925527374504232e-01 0.000000000000000e+00 C
 5.051237303011853e-01 7.974529462255929e-01 0.000000000000000e+00 C
 4.560947034863624e-01 7.942394140296883e-01 0.000000000000000e+00 C
 4.082632987078657e-01 7.829997976439603e-01 0.000000000000000e+00 C
 3.629342320008860e-01 7.640406845039185e-01 0.000000000000000e+00 C
 3.213439621411316e-01 7.378792297933037e-01 0.000000000000000e+00 C
 2.846269632726353e-01 7.052290497987991e-01 0.000000000000000e+00 C
 2.537847794104565e-01 6.669807563179875e-01 0.000000000000000e+00 C
 2.296587049307827e-01 6.241776630911662e-01 0.000000000000000e+00 C
 2.129068362534374e-01 5.779873269222260e-01 0.000000000000000e+00 C
 2.039861206870759e-01 5.296696997726360e-01 0.000000000000000e+00 C
 2.031398920977787e-01 4.805427605563832e-01 0.000000000000000e+00 C
 2.103912333955084e-01 4.319465641109146e-01 0.000000000000000e+00 C
 2.255423468924989e-01 3.852066879944335e-01 0.000000000000000e+00 C
 2.481799497085578e-01 3.415980741856330e-01 0.000000000000000e+00 C
 2.776865470506891e-01 3.023102519900457e-01 0.000000000000000e+00 C
 3.132572758613578e-01 2.684148907814587e-01 0.000000000000000e+00 C
 3.539218593845789e-01 2.408365676550298e-01 0.000000000000000e+00 C
 3.985710737864961e-01 2.203275473743252e-01 0.000000000000000e+00 C
 4.459870048900403e-01 2.074472625495770e-01 0.000000000000000e+00 C
 4.948762696988150e-01 2.025470537744072e-01 0.000000000000000e+00 C
 5.439052965136379e-01 2.057605859703118e-01 0.000000000000000e+00 C
 5.917367012921347e-01 2.170002023560398e-01 0.000000000000000e+00 C
 6.370657679991144e-01 2.359593154960817e-01 0.000000000000000e+00 C
 6.786560378588683e-01 2.621207702066963e-01 0.000000000000000e+00 C
 7.153730367273652e-01 2.947709502012011e-01 0.000000000000000e+00 C
 7.462152205895439e-01 3.330192436820127e-01 0.000000000000000e+00 C
 7.703412950692174e-01 3.758223369088343e-01 0.000000000000000e+00 C
 7.870931637465628e-01 4.220126730777742e-01 0.000000000000000e+00 C
 7.960138793129243e-01 4.703303002273647e-01 0.000000000000000e+00 C
 7.968601079022215e-01 5.194572394436170e-01 3.333333333333335e-01 C
 7.896087666044916e-01 5.680534358890855e-01 3.333333333333335e-01 C
 7.744576531075011e-01 6.147933120055670e-01 3.333333333333335e-01 C
 7.518200502914423e-01 6.584019258143673e-01 3.333333333333335e-01 C
 7.223134529493112e-01 6.976897480099545e-01 3.333333333333335e-01 C
 6.867427241386423e-01 7.315851092185415e-01 3.333333333333335e-01 C
 6.460781406154215e-01 7.591634323449703e-01 3.333333333333335e-01 C
 6.014289262135043e-01 7.796724526256749e-01 3.333333333333335e-01 C
 5.540129951099597e-01 7.925527374504232e-01 3.333333333333335e-01 C
 5.051237303011853e-01 7.974529462255929e-01 3.333333333333335e-01 C
 4.560947034863624e-01 7.942394140296883e-01 3.333333333333335e-01 C
 4.082632987078657e-01 7.829997976439603e-01 3.333333333333335e-01 C
 3.629342320008860e-01 7.640406845039185e-01 3.333333333333335e-01 C
 3.213439621411316e-01 7.378792297933037e-01 3.333333333333335e-01 C
 2.846269632726353e-01 7.052290497987991e-01 3.333333333333335e-01 C
 2.537847794104565e-01 6.669807563179875e-01 3.333333333333335e-01 C
 2.296587049307827e-01 6.241776630911662e-01 3.333333333333335e-01 C
 2.129068362534374e-01 5.779873269222260e-01 3.333333333333335e-01 C
 2.039861206870759e-01 5.296696997726360e-01 3.333333333333335e-01 C
 2.031398920977787e-01 4.805427605563832e-01 3.333333333333335e-01 C
 2.103912333955084e-01 4.319465641109146e-01 3.333333333333335e-01 C
 2.255423468924989e-01 3.852066879944335e-01 3.333333333333335e-01 C
 2.481799497085578e-01 3.415980741856330e-01 3.333333333333335e-01 C
 2.776865470506891e-01 3.023102519900457e-01 3.333333333333335e-01 C
 3.132572758613578e-01 2.684148907814587e-01 3.333333333333335e-01 C
 3.539218593845789e-01 2.408365676550298e-01 3.333333333333335e-01 C
 3.985710737864961e-01 2.203275473743252e-01 3.333333333333335e-01 C
 4.459870048900403e-01 2.074472625495770e-01 3.333333333333335e-01 C
 4.948762696988150e-01 2.025470537744072e-01 3.333333333333335e-01 C
 5.439052965136379e-01 2.057605859703118e-01 3.333333333333335e-01 C
 5.917367012921347e-01 2.170002023560398e-01 3.333333333333335e-01 C
 6.370657679991144e-01 2.359593154960817e-01 3.333333333333335e-01 C
 6.786560378588683e-01 2.621207702066963e-01 3.333333333333335e-01 C
 7.153730367273652e-01 2.947709502012011e-01 3.333333333333335e-01 C
 7.462152205895439e-01 3.330192436820127e-01 3.333333333333335e-01 C
 7.703412950692174e-01 3.758223369088343e-01 3.333333333333335e-01 C
 7.870931637465628e-01 4.220126730777742e-01 3.333333333333335e-01 C
 7.960138793129243e-01 4.703303002273647e-01 3.333333333333335e-01 C
 7.942394140296883e-01 5.439052965136377e-01 8.333333333333334e-01 C
 7.829997976439603e-01 5.917367012921345e-01 8.333333333333334e-01 C
 7.640406845039185e-01 6.370657679991143e-01 8.333333333333334e-01 C
 7.378792297933038e-01 6.786560378588684e-01 8.333333333333334e-01 C
 7.052290497987991e-01 7.153730367273650e-01 8.333333333333334e-01 C
 6.669807563179876e-01 7.462152205895438e-01 8.333333333333334e-01 C
 6.241776630911662e-01 7.703412950692174e-01 8.333333333333334e-01 C
 5.779873269222260e-01 7.870931637465628e-01 8.333333333333334e-01 C
 5.296696997726359e-01 7.960138793129241e-01 8.333333333333334e-01 C
 4.805427605563832e-01 7.968601079022215e-01 8.333333333333334e-01 C
 4.319465641109146e-01 7.896087666044916e-01 8.333333333333334e-01 C
 3.852066879944334e-01 7.744576531075011e-01 8.333333333333334e-01 C
 3.415980741856330e-01 7.518200502914424e-01 8.333333333333334e-01 C
 3.023102519900457e-01 7.223134529493112e-01 8.333333333333334e-01 C
 2.684148907814589e-01 6.867427241386425e-01 8.333333333333334e-01 C
 2.408365676550298e-01 6.460781406154216e-01 8.333333333333334e-01 C
 2.203275473743252e-01 6.014289262135042e-01 8.333333333333334e-01 C
 2.074472625495768e-01 5.540129951099597e-01 8.333333333333334e-01 C
 2.025470537744072e-01 5.051237303011853e-01 8.333333333333334e-01 C
 2.057605859703117e-01 4.560947034863627e-01 8.333333333333334e-01 C
 2.170002023560398e-01 4.082632987078658e-01 8.333333333333334e-01 C
 2.359593154960816e-01 3.629342320008860e-01 8.333333333333334e-01 C
 2.621207702066964e-01 3.213439621411316e-01 8.333333333333334e-01 C
 2.947709502012010e-01 2.846269632726354e-01 8.333333333333334e-01 C
 3.330192436820126e-01 2.537847794104565e-01 8.333333333333334e-01 C
 3.758223369088339e-01 2.296587049307827e-01 8.333333333333334e-01 C
 4.220126730777742e-01 2.129068362534373e-01 8.333333333333334e-01 C
 4.703303002273647e-01 2.039861206870759e-01 8.333333333333334e-01 C
 5.194572394436171e-01 2.031398920977787e-01 8.333333333333334e-01 C
 5.680534358890854e-01 2.103912333955084e-01 8.333333333333334e-01 C
 6.147933120055670e-01 2.255423468924991e-01 8.333333333333334e-01 C
 6.584019258143674e-01 2.481799497085579e-01 8.333333333333334e-01 C
 6.976897480099546e-01 2.776865470506892e-01 8.333333333333334e-01 C
 7.315851092185414e-01 3.132572758613578e-01 8.333333333333334e-01 C
 7.591634323449705e-01 3.539218593845789e-01 8.333333333333334e-01 C
 7.796724526256749e-01 3.985710737864961e-01 8.333333333333334e-01 C
 7.925527374504232e-01 4.459870048900403e-01 8.333333333333334e-01 C
 7.974529462255932e-01 4.948762696988153e-01 8.333333333333334e-01 C
 7.942394140296883e-01 5.439052965136377e-01 5.000000000000000e-01 C
 7.829997976439603e-01 5.917367012921345e-01 5.000000000000000e-01 C
 7.640406845039185e-01 6.370657679991143e-01 5.000000000000000e-01 C
 7.378792297933038e-01 6.786560378588684e-01 5.000000000000000e-01 C
 7.052290497987991e-01 7.153730367273650e-01 5.000000000000000e-01 C
 6.669807563179876e-01 7.462152205895438e-01 5.000000000000000e-01 C
 6.241776630911662e-01 7.703412950692174e-01 5.000000000000000e-01 C
 5.779873269222260e-01 7.870931637465628e-01 5.000000000000000e-01 C
 5.296696997726359e-01 7.960138793129241e-01 5.000000000000000e-01 C
 4.805427605563832e-01 7.968601079022215e-01 5.000000000000000e-01 C
 4.319465641109146e-01 7.896087666044916e-01 5.000000000000000e-01 C
 3.852066879944334e-01 7.744576531075011e-01 5.000000000000000e-01 C
 3.415980741856330e-01 7.518200502914424e-01 5.000000000000000e-01 C
 3.023102519900457e-01 7.223134529493112e-01 5.000000000000000e-01 C
 2.684148907814589e-01 6.867427241386425e-01 5.000000000000000e-01 C
 2.408365676550298e-01 6.460781406154216e-01 5.000000000000000e-01 C
 2.203275473743252e-01 6.014289262135042e-01 5.000000000000000e-01 C
 2.074472625495768e-01 5.540129951099597e-01 5.000000000000000e-01 C
 2.025470537744072e-01 5.051237303011853e-01 5.000000000000000e-01 C
 2.057605859703117e-01 4.560947034863627e-01 5.000000000000000e-01 C
 2.170002023560398e-01 4.082632987078658e-01 5.000000000000000e-01 C
 2.359593154960816e-01 3.629342320008860e-01 5.000000000000000e-01 C
 2.621207702066964e-01 3.213439621411316e-01 5.000000000000000e-01 C
 2.947709502012010e-01 2.846269632726354e-01 5.000000000000000e-01 C
 3.330192436820126e-01 2.537847794104565e-01 5.000000000000000e-01 C
 3.758223369088339e-01 2.296587049307827e-01 5.000000000000000e-01 C
 4.220126730777742e-01 2.129068362534373e-01 5.000000000000000e-01 C
 4.703303002273647e-01 2.039861206870759e-01 5.000000000000000e-01 C
 5.194572394436171e-01 2.031398920977787e-01 5.000000000000000e-01 C
 5.680534358890854e-01 2.103912333955084e-01 5.000000000000000e-01 C
 6.147933120055670e-01 2.255423468924991e-01 5.000000000000000e-01 C
 6.584019258143674e-01 2.481799497085579e-01 5.000000000000000e-01 C
 6.976897480099546e-01 2.776865470506892e-01 5.000000000000000e-01 C
 7.315851092185414e-01 3.132572758613578e-01 5.000000000000000e-01 C
 7.591634323449705e-01 3.539218593845789e-01 5.000000000000000e-01 C
 7.796724526256749e-01 3.985710737864961e-01 5.000000000000000e-01 C
 7.925527374504232e-01 4.459870048900403e-01 5.000000000000000e-01 C
 7.974529462255932e-01 4.948762696988153e-01 5.000000000000000e-01 C
 7.187390268753211e-01 5.143369132742441e-01 0.000000000000000e+00 C
 7.100645194524052e-01 5.626514694785825e-01 0.000000000000000e+00 C
 6.908564998711019e-01 6.078244193935112e-01 0.000000000000000e+00 C
 6.620781384389223e-01 6.475906026844840e-01 0.000000000000000e+00 C
 6.251725023660485e-01 6.799559768721708e-01 0.000000000000000e+00 C
 5.819901943496896e-01 7.032976069487681e-01 0.000000000000000e+00 C
 5.346965556274013e-01 7.164450461160762e-01 0.000000000000000e+00 C
 4.856630867257561e-01 7.187390268753211e-01 0.000000000000000e+00 C
 4.373485305214176e-01 7.100645194524052e-01 0.000000000000000e+00 C
 3.921755806064892e-01 6.908564998711019e-01 0.000000000000000e+00 C
 3.524093973155162e-01 6.620781384389223e-01 0.000000000000000e+00 C
 3.200440231278294e-01 6.251725023660485e-01 0.000000000000000e+00 C
 2.967023930512321e-01 5.819901943496897e-01 0.000000000000000e+00 C
 2.835549538839240e-01 5.346965556274013e-01 0.000000000000000e+00 C
 2.812609731246791e-01 4.856630867257561e-01 0.000000000000000e+00 C
 2.899354805475949e-01 4.373485305214179e-01 0.000000000000000e+00 C
 3.091435001288985e-01 3.921755806064889e-01 0.000000000000000e+00 C
 3.379218615610778e-01 3.524093973155162e-01 0.000000000000000e+00 C
 3.748274976339517e-01 3.200440231278295e-01 0.000000000000000e+00 C
 4.180098056503106e-01 2.967023930512321e-01 0.000000000000000e+00 C
 4.653034443725991e-01 2.835549538839240e-01 0.000000000000000e+00 C
 5.143369132742440e-01 2.812609731246791e-01 0.000000000000000e+00 C
 5.626514694785826e-01 2.899354805475949e-01 0.000000000000000e+00 C
 6.078244193935113e-01 3.091435001288985e-01 0.000000000000000e+00 C
 6.475906026844839e-01 3.379218615610777e-01 0.000000000000000e+00 C
 6.799559768721707e-01 3.748274976339517e-01 0.000000000000000e+00 C
 7.032976069487681e-01 4.180098056503106e-01 0.000000000000000e+00 C
 7.164450461160762e-01 4.653034443725989e-01 0.000000000000000e+00 C
 7.187390268753211e-01 5.143369132742441e-01 3.333333333333335e-01 C
 7.100645194524052e-01 5.626514694785825e-01 3.333333333333335e-01 C
 6.908564998711019e-01 6.078244193935112e-01 3.333333333333335e-01 C
 6.620781384389223e-01 6.475906026844840e-01 3.333333333333335e-01 C
 6.251725023660485e-01 6.799559768721708e-01 3.333333333333335e-01 C
 5.819901943496896e-01 7.032976069487681e-01 3.333333333333335e-01 C
 5.346965556274013e-01 7.164450461160762e-01 3.333333333333335e-01 C
 4.856630867257561e-01 7.187390268753211e-01 3.333333333333335e-01 C
 4.373485305214176e-01 7.100645194524052e-01 3.333333333333335e-01 C
 3.921755806064892e-01 6.908564998711019e-01 3.333333333333335e-01 C
 3.524093973155162e-01 6.620781384389223e-01 3.333333333333335e-01 C
 3.200440231278294e-01 6.251725023660485e-01 3.333333333333335e-01 C
 2.967023930512321e-01 5.819901943496897e-01 3.333333333333335e-01 C
 2.835549538839240e-01 5.346965556274013e-01 3.333333333333335e-01 C
 2.812609731246791e-01 4.856630867257561e-01 3.333333333333335e-01 C
 2.899354805475949e-01 4.373485305214179e-01 3.333333333333335e-01 C
 3.091435001288985e-01 3.921755806064889e-01 3.333333333333335e-01 C
 3.379218615610778e-01 3.524093973155162e-01 3.333333333333335e-01 C
 3.748274976339517e-01 3.200440231278295e-01 3.333333333333335e-01 C
 4.180098056503106e-01 2.967023930512321e-01 3.333333333333335e-01 C
 4.653034443725991e-01 2.835549538839240e-01 3.333333333333335e-01 C
 5.143369132742440e-01 2.812609731246791e-01 3.333333333333335e-01 C
 5.626514694785826e-01 2.899354805475949e-01 3.333333333333335e-01 C
 6.078244193935113e-01 3.091435001288985e-01 3.333333333333335e-01 C
 6.475906026844839e-01 3.379218615610777e-01 3.333333333333335e-01 C
 6.799559768721707e-01 3.748274976339517e-01 3.333333333333335e-01 C
 7.032976069487681e-01 4.180098056503106e-01 3.333333333333335e-01 C
 7.164450461160762e-01 4.653034443725989e-01 3.333333333333335e-01 C
 7.157584168024835e-01 5.387377663202396e-01 8.333333333333334e-01 C
 7.017289388879397e-01 5.857772940570029e-01 8.333333333333334e-01 C
 6.775839296308640e-01 6.285155900949607e-01 8.333333333333334e-01 C
 6.445341206161846e-01 6.648095778111874e-01 8.333333333333334e-01 C
 6.042367672718816e-01 6.928393251110967e-01 8.333333333333334e-01 C
 5.587125471617316e-01 7.111993034230395e-01 8.333333333333334e-01 C
 5.102442347746461e-01 7.189688667698620e-01 8.333333333333334e-01 C
 4.612622336797607e-01 7.157584168024835e-01 8.333333333333334e-01 C
 4.142227059429975e-01 7.017289388879397e-01 8.333333333333334e-01 C
 3.714844099050395e-01 6.775839296308641e-01 8.333333333333334e-01 C
 3.351904221888127e-01 6.445341206161846e-01 8.333333333333334e-01 C
 3.071606748889035e-01 6.042367672718816e-01 8.333333333333334e-01 C
 2.888006965769608e-01 5.587125471617318e-01 8.333333333333334e-01 C
 2.810311332301382e-01 5.102442347746461e-01 8.333333333333334e-01 C
 2.842415831975167e-01 4.612622336797606e-01 8.333333333333334e-01 C
 2.982710611120605e-01 4.142227059429974e-01 8.333333333333334e-01 C
 3.224160703691361e-01 3.714844099050395e-01 8.333333333333334e-01 C
 3.554658793838155e-01 3.351904221888127e-01 8.333333333333334e-01 C
 3.957632327281185e-01 3.071606748889035e-01 8.333333333333334e-01 C
 4.412874528382687e-01 2.888006965769607e-01 8.333333333333334e-01 C
 4.897557652253540e-01 2.810311332301382e-01 8.333333333333334e-01 C
 5.387377663202394e-01 2.842415831975166e-01 8.333333333333334e-01 C
 5.857772940570030e-01 2.982710611120605e-01 8.333333333333334e-01 C
 6.285155900949608e-01 3.224160703691362e-01 8.333333333333334e-01 C
 6.648095778111873e-01 3.554658793838154e-01 8.333333333333334e-01 C
 6.928393251110967e-01 3.957632327281185e-01 8.333333333333334e-01 C
 7.111993034230395e-01 4.412874528382687e-01 8.333333333333334e-01 C
 7.189688667698620e-01 4.897557652253540e-01 8.333333333333334e-01 C
 7.157584168024835e-01 5.387377663202396e-01 5.000000000000000e-01 C
 7.017289388879397e-01 5.857772940570029e-01 5.000000000000000e-01 C
 6.775839296308640e-01 6.285155900949607e-01 5.000000000000000e-01 C
 6.445341206161846e-01 6.648095778111874e-01 5.000000000000000e-01 C
 6.042367672718816e-01 6.928393251110967e-01 5.000000000000000e-01 C
 5.587125471617316e-01 7.111993034230395e-01 5.000000000000000e-01 C
 5.102442347746461e-01 7.189688667698620e-01 5.000000000000000e-01 C
 4.612622336797607e-01 7.157584168024835e-01 5.000000000000000e-01 C
 4.142227059429975e-01 7.017289388879397e-01 5.000000000000000e-01 C
 3.714844099050395e-01 6.775839296308641e-01 5.000000000000000e-01 C
 3.351904221888127e-01 6.445341206161846e-01 5.000000000000000e-01 C
 3.071606748889035e-01 6.042367672718816e-01 5.000000000000000e-01 C
 2.888006965769608e-01 5.587125471617318e-01 5.000000000000000e-01 C
 2.810311332301382e-01 5.102442347746461e-01 5.000000000000000e-01 C
 2.842415831975167e-01 4.612622336797606e-01 5.000000000000000e-01 C
 2.982710611120605e-01 4.142227059429974e-01 5.000000000000000e-01 C
 3.224160703691361e-01 3.714844099050395e-01 5.000000000000000e-01 C
 3.554658793838155e-01 3.351904221888127e-01 5.000000000000000e-01 C
 3.957632327281185e-01 3.071606748889035e-01 5.000000000000000e-01 C
 4.412874528382687e-01 2.888006965769607e-01 5.000000000000000e-01 C
 4.897557652253540e-01 2.810311332301382e-01 5.000000000000000e-01 C
 5.387377663202394e-01 2.842415831975166e-01 5.000000000000000e-01 C
 5.857772940570030e-01 2.982710611120605e-01 5.000000000000000e-01 C
 6.285155900949608e-01 3.224160703691362e-01 5.000000000000000e-01 C
 6.648095778111873e-01 3.554658793838154e-01 5.000000000000000e-01 C
 6.928393251110967e-01 3.957632327281185e-01 5.000000000000000e-01 C
 7.111993034230395e-01 4.412874528382687e-01 5.000000000000000e-01 C
 7.189688667698620e-01 4.897557652253540e-01 5.000000000000000e-01 C
 6.406179458484208e-01 5.092165871048713e-01 0.000000000000000e+00 C
 6.289853876212519e-01 5.567549288845161e-01 0.000000000000000e+00 C
 6.017952880253802e-01 5.974477886271463e-01 0.000000000000000e+00 C
 5.623271743552000e-01 6.263870068851525e-01 0.000000000000000e+00 C
 5.153414836066560e-01 6.400820868392451e-01 0.000000000000000e+00 C
 4.665053835189653e-01 6.368811997291062e-01 0.000000000000000e+00 C
 4.217092285067793e-01 6.171704197802815e-01 0.000000000000000e+00 C
 3.863560959854042e-01 5.833271579547291e-01 0.000000000000000e+00 C
 3.647100954935851e-01 5.394334111019602e-01 0.000000000000000e+00 C
 3.593820541515795e-01 4.907834128951290e-01 0.000000000000000e+00 C
 3.710146123787483e-01 4.432450711154842e-01 0.000000000000000e+00 C
 3.982047119746199e-01 4.025522113728541e-01 0.000000000000000e+00 C
 4.376728256448002e-01 3.736129931148476e-01 0.000000000000000e+00 C
 4.846585163933441e-01 3.599179131607552e-01 0.000000000000000e+00 C
 5.334946164810349e-01 3.631188002708939e-01 0.000000000000000e+00 C
 5.782907714932208e-01 3.828295802197188e-01 0.000000000000000e+00 C
 6.136439040145960e-01 4.166728420452712e-01 0.000000000000000e+00 C
 6.352899045064151e-01 4.605665888980402e-01 0.000000000000000e+00 C
 6.406179458484208e-01 5.092165871048713e-01 3.333333333333335e-01 C
 6.289853876212519e-01 5.567549288845161e-01 3.333333333333335e-01 C
 6.017952880253802e-01 5.974477886271463e-01 3.333333333333335e-01 C
 5.623271743552000e-01 6.263870068851525e-01 3.333333333333335e-01 C
 5.153414836066560e-01 6.400820868392451e-01 3.333333333333335e-01 C
 4.665053835189653e-01 6.368811997291062e-01 3.333333333333335e-01 C
 4.217092285067793e-01 6.171704197802815e-01 3.333333333333335e-01 C
 3.863560959854042e-01 5.833271579547291e-01 3.333333333333335e-01 C
 3.647100954935851e-01 5.394334111019602e-01 3.333333333333335e-01 C
 3.593820541515795e-01 4.907834128951290e-01 3.333333333333335e-01 C
 3.710146123787483e-01 4.432450711154842e-01 3.333333333333335e-01 C
 3.982047119746199e-01 4.025522113728541e-01 3.333333333333335e-01 C
 4.376728256448002e-01 3.736129931148476e-01 3.333333333333335e-01 C
 4.846585163933441e-01 3.599179131607552e-01 3.333333333333335e-01 C
 5.334946164810349e-01 3.631188002708939e-01 3.333333333333335e-01 C
 5.782907714932208e-01 3.828295802197188e-01 3.333333333333335e-01 C
 6.136439040145960e-01 4.166728420452712e-01 3.333333333333335e-01 C
 6.352899045064151e-01 4.605665888980402e-01 3.333333333333335e-01 C
 6.368811997291062e-01 5.334946164810349e-01 8.333333333333334e-01 C
 6.171704197802814e-01 5.782907714932209e-01 8.333333333333334e-01 C
 5.833271579547291e-01 6.136439040145960e-01 8.333333333333334e-01 C
 5.394334111019601e-01 6.352899045064150e-01 8.333333333333334e-01 C
 4.907834128951290e-01 6.406179458484208e-01 8.333333333333334e-01 C
 4.432450711154842e-01 6.289853876212519e-01 8.333333333333334e-01 C
 4.025522113728541e-01 6.017952880253803e-01 8.333333333333334e-01 C
 3.736129931148476e-01 5.623271743552000e-01 8.333333333333334e-01 C
 3.599179131607552e-01 5.153414836066560e-01 8.333333333333334e-01 C
 3.631188002708939e-01 4.665053835189654e-01 8.333333333333334e-01 C
 3.828295802197188e-01 4.217092285067793e-01 8.333333333333334e-01 C
 4.166728420452712e-01 3.863560959854042e-01 8.333333333333334e-01 C
 4.605665888980401e-01 3.647100954935851e-01 8.333333333333334e-01 C
 5.092165871048713e-01 3.593820541515795e-01 8.333333333333334e-01 C
 5.567549288845162e-01 3.710146123787483e-01 8.333333333333334e-01 C
 5.974477886271463e-01 3.982047119746200e-01 8.333333333333334e-01 C
 6.263870068851525e-01 4.376728256448002e-01 8.333333333333334e-01 C
 6.400820868392451e-01 4.846585163933442e-01 8.333333333333334e-01 C
 6.368811997291062e-01 5.334946164810349e-01 5.000000000000000e-01 C
 6.171704197802814e-01 5.782907714932209e-01 5.000000000000000e-01 C
 5.833271579547291e-01 6.136439040145960e-01 5.000000000000000e-01 C
 5.394334111019601e-01 6.352899045064150e-01 5.000000000000000e-01 C
 4.907834128951290e-01 6.406179458484208e-01 5.000000000000000e-01 C
 4.432450711154842e-01 6.289853876212519e-01 5.000000000000000e-01 C
 4.025522113728541e-01 6.017952880253803e-01 5.000000000000000e-01 C
 3.736129931148476e-01 5.623271743552000e-01 5.000000000000000e-01 C
 3.599179131607552e-01 5.153414836066560e-01 5.000000000000000e-01 C
 3.631188002708939e-01 4.665053835189654e-01 5.000000000000000e-01 C
 3.828295802197188e-01 4.217092285067793e-01 5.000000000000000e-01 C
 4.166728420452712e-01 3.863560959854042e-01 5.000000000000000e-01 C
 4.605665888980401e-01 3.647100954935851e-01 5.000000000000000e-01 C
 5.092165871048713e-01 3.593820541515795e-01 5.000000000000000e-01 C
 5.567549288845162e-01 3.710146123787483e-01 5.000000000000000e-01 C
 5.974477886271463e-01 3.982047119746200e-01 5.000000000000000e-01 C
 6.263870068851525e-01 4.376728256448002e-01 5.000000000000000e-01 C
 6.400820868392451e-01 4.846585163933442e-01 5.000000000000000e-01 C
 5.624968648215204e-01 5.040962609354984e-01 0.000000000000000e+00 C
 5.412954630331958e-01 5.470884508031965e-01 0.000000000000000e+00 C
 4.959037390645017e-01 5.624968648215204e-01 0.000000000000000e+00 C
 4.529115491968038e-01 5.412954630331958e-01 0.000000000000000e+00 C
 4.375031351784798e-01 4.959037390645017e-01 0.000000000000000e+00 C
 4.587045369668045e-01 4.529115491968038e-01 0.000000000000000e+00 C
 5.040962609354984e-01 4.375031351784798e-01 0.000000000000000e+00 C
 5.470884508031965e-01 4.587045369668045e-01 0.000000000000000e+00 C
 5.624968648215204e-01 5.040962609354984e-01 3.333333333333335e-01 C
 5.412954630331958e-01 5.470884508031965e-01 3.333333333333335e-01 C
 4.959037390645017e-01 5.624968648215204e-01 3.333333333333335e-01 C
 4.529115491968038e-01 5.412954630331958e-01 3.333333333333335e-01 C
 4.375031351784798e-01 4.959037390645017e-01 3.333333333333335e-01 C
 4.587045369668045e-01 4.529115491968038e-01 3.333333333333335e-01 C
 5.040962609354984e-01 4.375031351784798e-01 3.333333333333335e-01 C
 5.470884508031965e-01 4.587045369668045e-01 3.333333333333335e-01 C
 5.561720030600679e-01 5.277009663800890e-01 8.333333333333334e-01 C
 5.201320631038242e-01 5.593071454493869e-01 8.333333333333334e-01 C
 4.722990336199113e-01 5.561720030600679e-01 8.333333333333334e-01 C
 4.406928545506132e-01 5.201320631038242e-01 8.333333333333334e-01 C
 4.438279969399324e-01 4.722990336199114e-01 8.333333333333334e-01 C
 4.798679368961761e-01 4.406928545506132e-01 8.333333333333334e-01 C
 5.277009663800889e-01 4.438279969399324e-01 8.333333333333334e-01 C
 5.593071454493869e-01 4.798679368961761e-01 8.333333333333334e-01 C
 5.561720030600679e-01 5.277009663800890e-01 5.000000000000000e-01 C
 5.201320631038242e-01 5.593071454493869e-01 5.000000000000000e-01 C
 4.722990336199113e-01 5.561720030600679e-01 5.000000000000000e-01 C
 4.406928545506132e-01 5.201320631038242e-01 5.000000000000000e-01 C
 4.438279969399324e-01 4.722990336199114e-01 5.000000000000000e-01 C
 4.798679368961761e-01 4.406928545506132e-01 5.000000000000000e-01 C
 5.277009663800889e-01 4.438279969399324e-01 5.000000000000000e-01 C
 5.593071454493869e-01 4.798679368961761e-01 5.000000000000000e-01 C
