 C
 AIREBO 
 368
 1.024875e+01
 4.878643737041103e+00 0.000000000000000e+00 0.000000000000000e+00
 0.000000000000000e+00 4.878643737041103e+00 0.000000000000000e+00
 0.000000000000000e+00 0.000000000000000e+00 4.156604463959019e-01
 fra
 8.206100735944080e-01 5.140038562538038e-01 -1.229661189950222e-03 C
 7.860697240771187e-01 5.482578227313923e-01 2.479523307298600e-05 C
 7.424197308169512e-01 5.700742854484302e-01 6.005608312857125e-05 C
 7.017794787400916e-01 5.969540705435524e-01 1.331861560846580e-04 C
 6.674528657137967e-01 6.314954214630529e-01 1.940935512159564e-04 C
 6.390604231253421e-01 6.710858761205237e-01 1.528372708359788e-04 C
 6.145803016207273e-01 7.132396884612799e-01 1.087725934703717e-04 C
 5.898395171437113e-01 7.552689771877551e-01 6.942282002840554e-05 C
 5.557859348365871e-01 7.900647277646774e-01 -3.399901641032571e-04 C
 5.083975867535654e-01 8.004260714479414e-01 -5.610696123452787e-04 C
 4.645169546333492e-01 7.794955616198918e-01 -2.196855724421000e-05 C
 4.314754886698538e-01 7.436410598085412e-01 1.063208127645232e-04 C
 4.014269974079195e-01 7.052499965587652e-01 2.144307426665006e-04 C
 3.695250747747889e-01 6.684238491186495e-01 2.113968598096907e-04 C
 3.329525394354128e-01 6.362654131410190e-01 2.465073739534338e-04 C
 2.910423442243901e-01 6.114374074704437e-01 4.438795868230864e-05 C
 2.450342350739907e-01 5.952183649101058e-01 6.959803414430531e-05 C
 2.003617547365717e-01 5.756421491893642e-01 -3.360717112963065e-04 C
 1.734054449603964e-01 5.353523035002072e-01 -1.425538092281167e-03 C
 1.875238379897518e-01 4.890194399245146e-01 -4.894216423838654e-04 C
 2.264417750896084e-01 4.596511994269932e-01 7.336266404043135e-05 C
 2.688624454053466e-01 4.355512076952429e-01 5.978535301562057e-05 C
 3.074495121842585e-01 4.057599905097491e-01 1.742965919000180e-04 C
 3.410742272348916e-01 3.704947178002422e-01 2.331266433859707e-04 C
 3.694486671685938e-01 3.308707633684392e-01 1.150191981019274e-04 C
 3.926022980929086e-01 2.879487018029563e-01 1.627685454521808e-04 C
 4.162019310506347e-01 2.452497174729693e-01 6.138836985801699e-05 C
 4.474308407261879e-01 2.078267302520701e-01 -2.135910607764922e-04 C
 4.928074095715949e-01 1.905237242794106e-01 -6.874512781318347e-04 C
 5.387257275044093e-01 2.063477653071959e-01 -1.946535428102342e-04 C
 5.715791932188898e-01 2.423628399573263e-01 6.590250964361460e-05 C
 5.977734024045394e-01 2.835233263698198e-01 1.735827890797423e-04 C
 6.241538192943265e-01 3.245349302086326e-01 1.279133531772152e-04 C
 6.554879153587154e-01 3.618620041578513e-01 1.847112093110935e-04 C
 6.922428841031288e-01 3.938343451009698e-01 1.409552182170338e-04 C
 7.349454459804474e-01 4.172917599161874e-01 5.375990544390871e-05 C
 7.804019981045647e-01 4.350417772802853e-01 2.741696224538861e-05 C
 8.181403813940520e-01 4.657441821941786e-01 -1.213798448233527e-03 C
 8.206100191905488e-01 5.140038924637961e-01 3.336316224933912e-01 C
 7.860697388262341e-01 5.482577094132292e-01 3.323786926138810e-01 C
 7.424198955239237e-01 5.700743737189582e-01 3.323385891534667e-01 C
 7.017797007471340e-01 5.969542093231074e-01 3.322616811562840e-01 C
 6.674527757235932e-01 6.314952125237911e-01 3.321952577662542e-01 C
 6.390604438439066e-01 6.710858516501388e-01 3.322330066024944e-01 C
 6.145803877612063e-01 7.132397296815047e-01 3.322775485850921e-01 C
 5.898395432283100e-01 7.552689879622917e-01 3.323228873539971e-01 C
 5.557858485960705e-01 7.900647262006278e-01 3.327341476146808e-01 C
 5.083974570101694e-01 8.004259323712377e-01 3.329574420510554e-01 C
 4.645168861522919e-01 7.794954426820681e-01 3.324168046736475e-01 C
 4.314755446236261e-01 7.436410237714124e-01 3.322835536291324e-01 C
 4.014271156235417e-01 7.052500991606430e-01 3.321686861760048e-01 C
 3.695249422691189e-01 6.684238770919991e-01 3.321712069062764e-01 C
 3.329524407006809e-01 6.362655765759760e-01 3.321365033161892e-01 C
 2.910422567695194e-01 6.114374284324084e-01 3.323449506949924e-01 C
 2.450341848305727e-01 5.952183165950531e-01 3.323225136392148e-01 C
 2.003617722388509e-01 5.756422952181314e-01 3.327298968506652e-01 C
 1.734055543076161e-01 5.353522850758679e-01 3.338138256182611e-01 C
 1.875237548130606e-01 4.890193895437774e-01 3.328734886677510e-01 C
 2.264418270354187e-01 4.596512654261652e-01 3.323063380531948e-01 C
 2.688625473159794e-01 4.355511757411035e-01 3.323215534634120e-01 C
 3.074495840154942e-01 4.057599373052339e-01 3.322099485588674e-01 C
 3.410744274926050e-01 3.704947074205743e-01 3.321571708951913e-01 C
 3.694485506579092e-01 3.308705609671821e-01 3.322753309119697e-01 C
 3.926023008330150e-01 2.879487655872611e-01 3.322281280412371e-01 C
 4.162018621935093e-01 2.452497557321473e-01 3.323303383412318e-01 C
 4.474308667368487e-01 2.078267568458793e-01 3.326063789440544e-01 C
 4.928073849863100e-01 1.905236984763171e-01 3.330817242798865e-01 C
 5.387257273812017e-01 2.063478253544517e-01 3.325897699374972e-01 C
 5.715792697468028e-01 2.423627665664950e-01 3.323296836192349e-01 C
 5.977733719319855e-01 2.835231644392774e-01 3.322236488335691e-01 C
 6.241540109718726e-01 3.245348628638942e-01 3.322669402974146e-01 C
 6.554880707117097e-01 3.618620214401985e-01 3.322099364780297e-01 C
 6.922430503876960e-01 3.938342003311958e-01 3.322544863968783e-01 C
 7.349455837502997e-01 4.172917241775477e-01 3.323408076682842e-01 C
 7.804020348752450e-01 4.350417719070004e-01 3.323693061709041e-01 C
 8.181403738254160e-01 4.657442298805685e-01 3.336142379943534e-01 C
 8.059414815246301e-01 5.339059572684997e-01 8.328405214131348e-01 C
 7.643509868277788e-01 5.593967906758414e-01 8.323091426558846e-01 C
 7.213090037290488e-01 5.823201185313184e-01 8.323384510874696e-01 C
 6.838670296015090e-01 6.134797814400671e-01 8.321441075331676e-01 C
 6.525489453386311e-01 6.507829082226424e-01 8.322057192027409e-01 C
 6.266809129840401e-01 6.920806466454565e-01 8.321628537770759e-01 C
 6.026292328986070e-01 7.344944363064300e-01 8.322922160527559e-01 C
 5.746943603178571e-01 7.744496787046322e-01 8.324610338955991e-01 C
 5.330314602449258e-01 7.994603875519267e-01 8.329981334451088e-01 C
 4.849349502009015e-01 7.930380939774059e-01 8.326631438552432e-01 C
 4.470883743919985e-01 7.623825061828278e-01 8.323077869290895e-01 C
 4.165105325724827e-01 7.243947043982721e-01 8.322518783758635e-01 C
 3.859980698237210e-01 6.863843062697518e-01 8.322331411487217e-01 C
 3.519087974190346e-01 6.515828853707430e-01 8.321951606107827e-01 C
 3.126682663667951e-01 6.227560618462966e-01 8.322842890564573e-01 C
 2.682913157962107e-01 6.025938789970191e-01 8.323470794514337e-01 C
 2.220098881471939e-01 5.871058391164083e-01 8.323703421544534e-01 C
 1.827321575125481e-01 5.583785819015321e-01 8.333963096641462e-01 C
 1.754044235172164e-01 5.105672872757430e-01 8.335435378497179e-01 C
 2.056972085506492e-01 4.725399369567917e-01 8.324131285964476e-01 C
 2.478553836972155e-01 4.479641706223881e-01 8.323321977564728e-01 C
 2.887664661838074e-01 4.214400276225244e-01 8.322541262559838e-01 C
 3.249995159151588e-01 3.888264296444742e-01 8.322601551129974e-01 C
 3.560094750150530e-01 3.512235258873845e-01 8.322498399373005e-01 C
 3.814017502386992e-01 3.096114373638735e-01 8.322555160238327e-01 C
 4.040443783221996e-01 2.664085447069180e-01 8.323098719835199e-01 C
 4.301999403935630e-01 2.252304548834000e-01 8.324029084916491e-01 C
 4.686255171670662e-01 1.953707306937944e-01 8.329080581307808e-01 C
 5.171241401268774e-01 1.946245154146486e-01 8.328925963564080e-01 C
 5.566331758924584e-01 2.230460127264840e-01 8.323945274197704e-01 C
 5.849325890283837e-01 2.627867542918754e-01 8.323134734378138e-01 C
 6.105250337437066e-01 3.043113521708474e-01 8.322678136790902e-01 C
 6.391815033958718e-01 3.437365356095856e-01 8.322012378672126e-01 C
 6.731503640880898e-01 3.786705337559829e-01 8.321739731432813e-01 C
 7.128711008128658e-01 4.068767260097921e-01 8.323402466422514e-01 C
 7.577453532149839e-01 4.259642061987385e-01 8.323064575680026e-01 C
 8.015593364125889e-01 4.474120890020532e-01 8.328222316149558e-01 C
 8.254045795583557e-01 4.895642606107462e-01 8.340386926847636e-01 C
 8.059414551992632e-01 5.339059021849767e-01 4.995625175476059e-01 C
 7.643509896465104e-01 5.593968594553868e-01 5.000932074727606e-01 C
 7.213090591807493e-01 5.823201600543523e-01 5.000578607875910e-01 C
 6.838669238678364e-01 6.134797144213565e-01 5.002464070275094e-01 C
 6.525489533796316e-01 6.507828368564617e-01 5.001814681255128e-01 C
 6.266810126376073e-01 6.920807222246697e-01 5.002240961873454e-01 C
 6.026293542182557e-01 7.344943559988508e-01 5.000972761954038e-01 C
 5.746943774848120e-01 7.744496407994029e-01 4.999321427278044e-01 C
 5.330313749688569e-01 7.994603038137733e-01 4.993969208298337e-01 C
 4.849348296282805e-01 7.930378803028755e-01 4.997336245963767e-01 C
 4.470883096634203e-01 7.623823709618383e-01 5.000841950570029e-01 C
 4.165105060508097e-01 7.243946756081662e-01 5.001356961598822e-01 C
 3.859980761118932e-01 6.863843318789172e-01 5.001487276879274e-01 C
 3.519086023460121e-01 6.515830648981989e-01 5.001875840886946e-01 C
 3.126682641838739e-01 6.227561926801133e-01 5.001007989193266e-01 C
 2.682914439854840e-01 6.025938377263387e-01 5.000440284299325e-01 C
 2.220098863626549e-01 5.871058715762609e-01 5.000235021746117e-01 C
 1.827320832263697e-01 5.583785123452556e-01 4.989949793009403e-01 C
 1.754043790895627e-01 5.105673121023093e-01 4.988426311583327e-01 C
 2.056973907424305e-01 4.725398572551776e-01 4.999683456196040e-01 C
 2.478554363677394e-01 4.479642385863953e-01 5.000479069174426e-01 C
 2.887664972087338e-01 4.214401172936236e-01 5.001286622753459e-01 C
 3.249997264112202e-01 3.888265327674578e-01 5.001269359743814e-01 C
 3.560094525693949e-01 3.512234285553376e-01 5.001401202387238e-01 C
 3.814017668006198e-01 3.096114483184661e-01 5.001352236237350e-01 C
 4.040443679493221e-01 2.664085686390371e-01 5.000817390557502e-01 C
 4.301999208534836e-01 2.252306212986277e-01 4.999892825405396e-01 C
 4.686255266597009e-01 1.953707943307080e-01 4.994853545265215e-01 C
 5.171241518865658e-01 1.946245728215197e-01 4.995021167044039e-01 C
 5.566331484025142e-01 2.230459757005363e-01 5.000010654149870e-01 C
 5.849326151847508e-01 2.627866262940035e-01 5.000836861723132e-01 C
 6.105249706586175e-01 3.043113654154958e-01 5.001282087731975e-01 C
 6.391816732888091e-01 3.437365231287157e-01 5.001934099898423e-01 C
 6.731505100192887e-01 3.786705313599090e-01 5.002207997749943e-01 C
 7.128711396483062e-01 4.068766628415743e-01 5.000552690924595e-01 C
 7.577454258735468e-01 4.259641942006768e-01 5.000883777993836e-01 C
 8.015593211022960e-01 4.474120645671573e-01 4.995768280088283e-01 C
 8.254045217838062e-01 4.895642529495923e-01 4.983625847941232e-01 C
 7.165133471811992e-01 5.186460213280657e-01 -6.017472601385378e-04 C
 6.891731648478070e-01 5.589970124406700e-01 -7.383183262659130e-05 C
 6.531975884613982e-01 5.921638959339097e-01 4.830795957748915e-05 C
 6.217726264818985e-01 6.296102543312891e-01 -2.178825251930813e-05 C
 5.958381506654779e-01 6.710184078337115e-01 1.102957007207129e-04 C
 5.692026044693057e-01 7.119509424283795e-01 -1.064380312288065e-04 C
 5.281117959399418e-01 7.379408064330973e-01 -7.449004215766942e-04 C
 4.800533581244527e-01 7.309773939233067e-01 -4.031537891104602e-04 C
 4.435557869600035e-01 6.986236486903005e-01 3.058559298890201e-05 C
 4.129618699717215e-01 6.605291023187621e-01 1.737889876339318e-05 C
 3.787385239312682e-01 6.255918770609850e-01 -4.020555093847814e-06 C
 3.393495013338003e-01 5.965977187995012e-01 -1.487739248155919e-04 C
 2.993973706268442e-01 5.683372403828719e-01 -1.571828254749847e-04 C
 2.742138884004499e-01 5.266938814742802e-01 -9.424881465040108e-04 C
 2.842376855329345e-01 4.791977050409478e-01 -3.921522387627091e-04 C
 3.183566398506912e-01 4.442417651364741e-01 1.447328609739229e-05 C
 3.546602475952037e-01 4.115381537993429e-01 1.551844127129384e-05 C
 3.857564159639871e-01 3.738263619676830e-01 -7.626748182545886e-05 C
 4.112297274184867e-01 3.321008527910151e-01 3.028422594121786e-05 C
 4.343965611397204e-01 2.890452142442115e-01 -8.331642105868465e-05 C
 4.698391874882022e-01 2.556241452400916e-01 -8.693322071263462e-04 C
 5.183469336317174e-01 2.547362140117954e-01 -8.308025358116319e-04 C
 5.553886670896809e-01 2.863971815935569e-01 -6.870678085019543e-05 C
 5.814557409134122e-01 3.277779481608447e-01 -2.935196040787012e-05 C
 6.102139033736120e-01 3.673145589303251e-01 1.146721289712643e-04 C
 6.442849614869517e-01 4.023730640899129e-01 5.925280261451479e-05 C
 6.826756513431181e-01 4.326704876629790e-01 -5.977837565744211e-05 C
 7.138118405900107e-01 4.701900852594868e-01 -5.576457845191812e-04 C
 7.165134634468975e-01 5.186459473577688e-01 3.329924532596826e-01 C
 6.891730516255922e-01 5.589966863748017e-01 3.324614130462196e-01 C
 6.531977362030762e-01 5.921638514674258e-01 3.323355529369890e-01 C
 6.217726690169970e-01 6.296104505844292e-01 3.324034311365014e-01 C
 5.958381933102540e-01 6.710185705350707e-01 3.322766814418023e-01 C
 5.692025240128511e-01 7.119510145496397e-01 3.324996257836914e-01 C
 5.281117783519307e-01 7.379408329246836e-01 3.331390427413886e-01 C
 4.800533087633680e-01 7.309773823913627e-01 3.327948759160815e-01 C
 4.435557931094998e-01 6.986237233086844e-01 3.323555815952951e-01 C
 4.129618094789306e-01 6.605291215118241e-01 3.323630925091460e-01 C
 3.787380512492533e-01 6.255921066729734e-01 3.323796871459344e-01 C
 3.393494055039487e-01 5.965979079552907e-01 3.325297903078402e-01 C
 2.993973555186916e-01 5.683372328801067e-01 3.325401469777221e-01 C
 2.742138608822348e-01 5.266938904468775e-01 3.333278785942699e-01 C
 2.842378038585565e-01 4.791978849574816e-01 3.327795766968590e-01 C
 3.183566518543439e-01 4.442420244504273e-01 3.323711350809085e-01 C
 3.546603086352506e-01 4.115381608494496e-01 3.323658636047400e-01 C
 3.857563149680586e-01 3.738260340663578e-01 3.324595721599141e-01 C
 4.112297336474423e-01 3.321007778664392e-01 3.323585133628092e-01 C
 4.343965654148052e-01 2.890451862132893e-01 3.324730789572388e-01 C
 4.698392793401734e-01 2.556241329333961e-01 3.332594609162658e-01 C
 5.183469671815437e-01 2.547362388378586e-01 3.332218324023046e-01 C
 5.553887317386438e-01 2.863972715215310e-01 3.324603052671943e-01 C
 5.814557586870882e-01 3.277779177976029e-01 3.324225094344331e-01 C
 6.102141532301423e-01 3.673143658658162e-01 3.322746620245961e-01 C
 6.442851116476130e-01 4.023730003249549e-01 3.323340209961868e-01 C
 6.826755408530246e-01 4.326706627870654e-01 3.324526249666850e-01 C
 7.138118925040557e-01 4.701900943529164e-01 3.329506237341054e-01 C
 7.052710628293946e-01 5.405319184234196e-01 8.325977600949095e-01 C
 6.711557225672704e-01 5.755534378648247e-01 8.324553915414190e-01 C
 6.367336037602215e-01 6.102467085957991e-01 8.323130595083614e-01 C
 6.082433652951390e-01 6.499714433357374e-01 8.323629543302674e-01 C
 5.836097345318951e-01 6.921695294527078e-01 8.323928522394279e-01 C
 5.507905580407221e-01 7.282120726410840e-01 8.328637340440023e-01 C
 5.034183704886538e-01 7.388676341188710e-01 8.331001237448467e-01 C
 4.601906876407745e-01 7.165569147202956e-01 8.324629680454476e-01 C
 4.284276316444198e-01 6.794441040264164e-01 8.322861568295993e-01 C
 3.964345216886956e-01 6.425164287964110e-01 8.323963561585940e-01 C
 3.597061864421554e-01 6.102005113457122e-01 8.323837771502296e-01 C
 3.188343175863522e-01 5.832366599981461e-01 8.324782015406691e-01 C
 2.834345940596322e-01 5.496341317682640e-01 8.329428956943604e-01 C
 2.746147289991941e-01 5.019242405946258e-01 8.332416916466666e-01 C
 2.999099665197267e-01 4.603063080056101e-01 8.324898078933454e-01 C
 3.370708342225031e-01 4.285157924709245e-01 8.323437892836602e-01 C
 3.707561139427447e-01 3.931538502898715e-01 8.321134902611406e-01 C
 3.992433667443235e-01 3.534108520776675e-01 8.324222579607804e-01 C
 4.224566660106531e-01 3.103975060142146e-01 8.323242230019406e-01 C
 4.496532602835616e-01 2.698208434746375e-01 8.327425943256109e-01 C
 4.940016485711400e-01 2.500361551474197e-01 8.335092248555307e-01 C
 5.391195991329935e-01 2.680365589378583e-01 8.327021822529757e-01 C
 5.686716538623633e-01 3.069392562956165e-01 8.323366066700618e-01 C
 5.951311854610993e-01 3.480601560368260e-01 8.324214771310077e-01 C
 6.265749253876067e-01 3.855131244694172e-01 8.323797487851292e-01 C
 6.634175527391003e-01 4.175975335107162e-01 8.324017086500094e-01 C
 7.003913459223806e-01 4.495825168697509e-01 8.325751947823959e-01 C
 7.198000287514846e-01 4.941557997391773e-01 8.331930377060101e-01 C
 7.052709943940751e-01 5.405318469270173e-01 4.997901005190150e-01 C
 6.711556593582985e-01 5.755534003652761e-01 4.999286874409201e-01 C
 6.367332509759430e-01 6.102464253821708e-01 5.000675989417764e-01 C
 6.082433971060967e-01 6.499714153740177e-01 5.000229807442740e-01 C
 5.836097792036257e-01 6.921695888704562e-01 4.999977320187876e-01 C
 5.507905526900104e-01 7.282121646329029e-01 4.995306116151827e-01 C
 5.034182993574390e-01 7.388675958972327e-01 4.992922168979166e-01 C
 4.601905675305247e-01 7.165568623587184e-01 4.999274077864823e-01 C
 4.284275938985511e-01 6.794440489716900e-01 5.000970227145657e-01 C
 3.964344264818563e-01 6.425162785757740e-01 4.999815194675960e-01 C
 3.597061566905808e-01 6.102004981129447e-01 4.999938199286076e-01 C
 3.188343239345949e-01 5.832366042168211e-01 4.999023607184195e-01 C
 2.834347439199735e-01 5.496341647246037e-01 4.994421546626813e-01 C
 2.746146016729054e-01 5.019243499947470e-01 4.991449346853513e-01 C
 2.999101025549548e-01 4.603063576532492e-01 4.998976744720677e-01 C
 3.370708666520983e-01 4.285157970821424e-01 5.000395058038287e-01 C
 3.707565129705709e-01 3.931541877087886e-01 5.002654967276505e-01 C
 3.992432932237597e-01 3.534107842410230e-01 4.999643536439030e-01 C
 4.224567481157318e-01 3.103975216647660e-01 5.000655649308207e-01 C
 4.496532136249554e-01 2.698208114216445e-01 4.996467868105849e-01 C
 4.940017448515955e-01 2.500360511539707e-01 4.988815649438381e-01 C
 5.391196054220818e-01 2.680366247403254e-01 4.996890364018053e-01 C
 5.686716401961964e-01 3.069392792599620e-01 5.000573845890860e-01 C
 5.951313272244902e-01 3.480601588011840e-01 4.999706761056605e-01 C
 6.265748855298268e-01 3.855130977860879e-01 5.000112724563618e-01 C
 6.634176783232487e-01 4.175975355681333e-01 4.999900498717478e-01 C
 7.003913766507219e-01 4.495826662147626e-01 4.998177742198033e-01 C
 7.198000904370230e-01 4.941557014707569e-01 4.992002116813957e-01 C
 6.403516226845364e-01 5.055133818560491e-01 -3.378825496228881e-04 C
 6.297217191797649e-01 5.533038531368539e-01 -2.997405539885095e-04 C
 6.029276758948904e-01 5.943336780887272e-01 -1.850845070224154e-04 C
 5.667123021945372e-01 6.273765275458980e-01 -3.613864599671097e-04 C
 5.212178500174494e-01 6.455398680582609e-01 -4.045794349517789e-04 C
 4.723376031754349e-01 6.427037574894348e-01 -3.933060854085772e-04 C
 4.285814597212351e-01 6.206448422793978e-01 -3.171196684314144e-04 C
 3.925371605127513e-01 5.873738313524547e-01 -2.754123944742525e-04 C
 3.677774583803557e-01 5.451691065298412e-01 -3.363009726103813e-04 C
 3.624829931721718e-01 4.965622313780959e-01 -3.477629820423584e-04 C
 3.771308008461718e-01 4.498391134907611e-01 -2.812359709847068e-04 C
 4.045000749104334e-01 4.091604096568289e-01 -3.909928460215503e-05 C
 4.373825477722055e-01 3.728404740680648e-01 -2.966502676467513e-04 C
 4.810202626373529e-01 3.507919040623961e-01 -4.885437993233366e-04 C
 5.297235060028184e-01 3.543346049443355e-01 -3.922308940494559e-04 C
 5.712024717344552e-01 3.802899846400512e-01 -2.506332246597404e-04 C
 6.048810228963115e-01 4.159428245486175e-01 -2.471370533553333e-04 C
 6.308286941277357e-01 4.575060839416868e-01 -3.088530883813701e-04 C
 6.403519068345810e-01 5.055134221472665e-01 3.327201865881644e-01 C
 6.297211816857778e-01 5.533035345437823e-01 3.326811159984462e-01 C
 6.029275389140389e-01 5.943331308729682e-01 3.325613368762435e-01 C
 5.667124435587672e-01 6.273765167971045e-01 3.327282554758879e-01 C
 5.212179225127299e-01 6.455397583977112e-01 3.327650169818182e-01 C
 4.723376717838995e-01 6.427038646939504e-01 3.327440222998116e-01 C
 4.285820070938041e-01 6.206443246361102e-01 3.326633593730746e-01 C
 3.925372306841895e-01 5.873739071742883e-01 3.326181366057965e-01 C
 3.677776587905129e-01 5.451690523134124e-01 3.326797861101085e-01 C
 3.624828500623114e-01 4.965621153171583e-01 3.326908261542005e-01 C
 3.771311816782272e-01 4.498393713695222e-01 3.326282758143311e-01 C
 4.044998213554065e-01 4.091604376642364e-01 3.323947983987595e-01 C
 4.373824978187286e-01 3.728404249628066e-01 3.326561898620898e-01 C
 4.810203782762379e-01 3.507919126871793e-01 3.328504208675453e-01 C
 5.297234907729019e-01 3.543347104851259e-01 3.327603002444223e-01 C
 5.712024276015886e-01 3.802901135101350e-01 3.326242042330202e-01 C
 6.048814255785442e-01 4.159426055943390e-01 3.326255612489566e-01 C
 6.308282839441650e-01 4.575062803240831e-01 3.326900919499588e-01 C
 6.374223011427236e-01 5.299461903574645e-01 8.327233250130952e-01 C
 6.178958797403219e-01 5.748606460984912e-01 8.326872573903373e-01 C
 5.860593417974879e-01 6.121891419126693e-01 8.326702079179900e-01 C
 5.448993052736725e-01 6.387825004365367e-01 8.327603763158458e-01 C
 4.966146048514249e-01 6.468608705062967e-01 8.327682060087662e-01 C
 4.494407547627061e-01 6.336734318531581e-01 8.327109761781120e-01 C
 4.097985177056037e-01 6.048189678138622e-01 8.325396897379115e-01 C
 3.781383574221935e-01 5.674639043158745e-01 8.326339809748844e-01 C
 3.623725864292647e-01 5.211653183678033e-01 8.327046454864904e-01 C
 3.677124332305519e-01 4.725317601809934e-01 8.326682460298239e-01 C
 3.897776679187459e-01 4.287851647862568e-01 8.326667078569433e-01 C
 4.198882373344099e-01 3.900783827272856e-01 8.325871319722209e-01 C
 4.578237463810523e-01 3.591427947614622e-01 8.327666550154280e-01 C
 5.056327703265179e-01 3.491114063910503e-01 8.328565502866923e-01 C
 5.517596371949836e-01 3.652734457294768e-01 8.326561585588832e-01 C
 5.884794059862203e-01 3.977001538296006e-01 8.324946437786711e-01 C
 6.194048377290939e-01 4.357440187457774e-01 8.326534283932473e-01 C
 6.380686203855930e-01 4.810156520636431e-01 8.327325210897740e-01 C
 6.374231486718795e-01 5.299463569106998e-01 4.996601689710868e-01 C
 6.178953909070306e-01 5.748601788109422e-01 4.996926677134870e-01 C
 5.860593605011880e-01 6.121893559069116e-01 4.996996572090159e-01 C
 5.448992098378650e-01 6.387824584347465e-01 4.996034747386516e-01 C
 4.966145900174266e-01 6.468609527515431e-01 4.995876630744416e-01 C
 4.494408979181176e-01 6.336732211324102e-01 4.996368873381103e-01 C
 4.097988438150852e-01 6.048186916913710e-01 4.998060855804176e-01 C
 3.781382870757211e-01 5.674639143159207e-01 4.997086127513710e-01 C
 3.623727139509222e-01 5.211653835769043e-01 4.996381861958520e-01 C
 3.677123738718969e-01 4.725318242349590e-01 4.996766954093407e-01 C
 3.897777803339469e-01 4.287853385068743e-01 4.996851145007739e-01 C
 4.198880155543300e-01 3.900783073476567e-01 4.997700593475282e-01 C
 4.578237352119459e-01 3.591428998481799e-01 4.995931650884291e-01 C
 5.056327182707286e-01 3.491114137373343e-01 4.995085728302028e-01 C
 5.517595514283743e-01 3.652735263143700e-01 4.997150992377662e-01 C
 5.884792117338463e-01 3.977001304050579e-01 4.998817927083052e-01 C
 6.194054072489615e-01 4.357436454495500e-01 4.997261137122979e-01 C
 6.380684450513807e-01 4.810157853479909e-01 4.996491912663309e-01 C
 5.651337776627554e-01 5.110608365372685e-01 4.179049520313423e-03 C
 5.423238003570373e-01 5.544389463694042e-01 4.183311588464749e-03 C
 4.955764938415705e-01 5.690876708101963e-01 4.124270577608120e-03 C
 4.523534557977298e-01 5.459911850024696e-01 4.188019066461398e-03 C
 4.380019137050259e-01 4.991438086013747e-01 4.171212479500236e-03 C
 4.608691280871542e-01 4.557878925207756e-01 4.179724687672070e-03 C
 5.076313902316797e-01 4.411238246362775e-01 4.117643614417571e-03 C
 5.508712656713134e-01 4.641770098371125e-01 4.165989404079583e-03 C
 5.651335325882177e-01 5.110608912175326e-01 3.389403644049772e-01 C
 5.423239615509279e-01 5.544390860036024e-01 3.389413562255237e-01 C
 4.955764775765654e-01 5.690877008794383e-01 3.390047475352031e-01 C
 4.523536078340340e-01 5.459910343769622e-01 3.389453901098574e-01 C
 4.380018610418426e-01 4.991437877814500e-01 3.389619824603133e-01 C
 4.608689676387306e-01 4.557878547101642e-01 3.389508267893998e-01 C
 5.076312501224040e-01 4.411238368297298e-01 3.390077201620074e-01 C
 5.508707276484573e-01 4.641773424311740e-01 3.389556142778873e-01 C
 5.579848463806135e-01 5.349881872802854e-01 8.389233270366322e-01 C
 5.204344607894591e-01 5.664808800719618e-01 8.389975920354841e-01 C
 4.716680210658852e-01 5.618277459050762e-01 8.389579645831180e-01 C
 4.405052776954314e-01 5.240007836675181e-01 8.389715474712136e-01 C
 4.451861547479726e-01 4.752241120495328e-01 8.389304707315449e-01 C
 4.827751787749284e-01 4.437717611403628e-01 8.389902978387934e-01 C
 5.315732466145403e-01 4.483059277100578e-01 8.389898233283266e-01 C
 5.626406443721469e-01 4.862089039013536e-01 8.389447571565531e-01 C
 5.579858730199373e-01 5.349887523146730e-01 5.041972546367616e-01 C
 5.204345484382019e-01 5.664808257018898e-01 5.041291659122011e-01 C
 4.716679387715060e-01 5.618280022248840e-01 5.041736876530288e-01 C
 4.405053525213883e-01 5.240007350884980e-01 5.041619211246799e-01 C
 4.451858623232464e-01 4.752239582655146e-01 5.042018267905168e-01 C
 4.827751271342109e-01 4.437717438328959e-01 5.041373720858349e-01 C
 5.315730653340957e-01 4.483061142122262e-01 5.041338684199046e-01 C
 5.626408390219636e-01 4.862089025980733e-01 5.041753811380111e-01 C
