 C
 AIREBO 
 192
 1.024875e+01
 4.878643737041103e+00 0.000000000000000e+00 0.000000000000000e+00
 0.000000000000000e+00 4.878643737041103e+00 0.000000000000000e+00
 0.000000000000000e+00 0.000000000000000e+00 4.156604463959019e-01
 fra
 8.749811889291216e-01 5.245775656129897e-01 0.000000000000000e+00 C
 8.685651568221175e-01 5.733121678771423e-01 0.000000000000000e+00 C
 8.558428726963205e-01 6.207923786229440e-01 0.000000000000000e+00 C
 8.370320183604064e-01 6.662057982805328e-01 0.000000000000000e+00 C
 8.124544527474166e-01 7.087753906485887e-01 0.000000000000000e+00 C
 7.825307048191782e-01 7.477727781991735e-01 0.000000000000000e+00 C
 7.477727781991735e-01 7.825307048191782e-01 0.000000000000000e+00 C
 7.087753906485889e-01 8.124544527474166e-01 0.000000000000000e+00 C
 6.662057982805329e-01 8.370320183604064e-01 0.000000000000000e+00 C
 6.207923786229442e-01 8.558428726963205e-01 0.000000000000000e+00 C
 5.733121678771423e-01 8.685651568221175e-01 0.000000000000000e+00 C
 5.245775656129898e-01 8.749811889291216e-01 0.000000000000000e+00 C
 4.754224343870105e-01 8.749811889291217e-01 0.000000000000000e+00 C
 4.266878321228578e-01 8.685651568221175e-01 0.000000000000000e+00 C
 3.792076213770560e-01 8.558428726963205e-01 0.000000000000000e+00 C
 3.337942017194672e-01 8.370320183604064e-01 0.000000000000000e+00 C
 2.912246093514115e-01 8.124544527474168e-01 0.000000000000000e+00 C
 2.522272218008265e-01 7.825307048191782e-01 0.000000000000000e+00 C
 2.174692951808220e-01 7.477727781991738e-01 0.000000000000000e+00 C
 1.875455472525835e-01 7.087753906485889e-01 0.000000000000000e+00 C
 1.629679816395938e-01 6.662057982805328e-01 0.000000000000000e+00 C
 1.441571273036796e-01 6.207923786229442e-01 0.000000000000000e+00 C
 1.314348431778825e-01 5.733121678771425e-01 0.000000000000000e+00 C
 1.250188110708784e-01 5.245775656129898e-01 0.000000000000000e+00 C
 1.250188110708784e-01 4.754224343870105e-01 0.000000000000000e+00 C
 1.314348431778824e-01 4.266878321228578e-01 0.000000000000000e+00 C
 1.441571273036795e-01 3.792076213770560e-01 0.000000000000000e+00 C
 1.629679816395937e-01 3.337942017194672e-01 0.000000000000000e+00 C
 1.875455472525834e-01 2.912246093514114e-01 0.000000000000000e+00 C
 2.174692951808218e-01 2.522272218008265e-01 0.000000000000000e+00 C
 2.522272218008264e-01 2.174692951808219e-01 0.000000000000000e+00 C
 2.912246093514113e-01 1.875455472525834e-01 0.000000000000000e+00 C
 3.337942017194671e-01 1.629679816395938e-01 0.000000000000000e+00 C
 3.792076213770558e-01 1.441571273036795e-01 0.000000000000000e+00 C
 4.266878321228579e-01 1.314348431778824e-01 0.000000000000000e+00 C
 4.754224343870104e-01 1.250188110708784e-01 0.000000000000000e+00 C
 5.245775656129895e-01 1.250188110708784e-01 0.000000000000000e+00 C
 5.733121678771427e-01 1.314348431778825e-01 0.000000000000000e+00 C
 6.207923786229440e-01 1.441571273036795e-01 0.000000000000000e+00 C
 6.662057982805327e-01 1.629679816395937e-01 0.000000000000000e+00 C
 7.087753906485886e-01 1.875455472525834e-01 0.000000000000000e+00 C
 7.477727781991731e-01 2.174692951808215e-01 0.000000000000000e+00 C
 7.825307048191780e-01 2.522272218008263e-01 0.000000000000000e+00 C
 8.124544527474166e-01 2.912246093514113e-01 0.000000000000000e+00 C
 8.370320183604064e-01 3.337942017194671e-01 0.000000000000000e+00 C
 8.558428726963205e-01 3.792076213770558e-01 0.000000000000000e+00 C
 8.685651568221175e-01 4.266878321228575e-01 0.000000000000000e+00 C
 8.749811889291216e-01 4.754224343870097e-01 0.000000000000000e+00 C
 8.749811889291216e-01 5.245775656129897e-01 3.333333333333334e-01 C
 8.685651568221175e-01 5.733121678771423e-01 3.333333333333334e-01 C
 8.558428726963205e-01 6.207923786229440e-01 3.333333333333334e-01 C
 8.370320183604064e-01 6.662057982805328e-01 3.333333333333334e-01 C
 8.124544527474166e-01 7.087753906485887e-01 3.333333333333334e-01 C
 7.825307048191782e-01 7.477727781991735e-01 3.333333333333334e-01 C
 7.477727781991735e-01 7.825307048191782e-01 3.333333333333334e-01 C
 7.087753906485889e-01 8.124544527474166e-01 3.333333333333334e-01 C
 6.662057982805329e-01 8.370320183604064e-01 3.333333333333334e-01 C
 6.207923786229442e-01 8.558428726963205e-01 3.333333333333334e-01 C
 5.733121678771423e-01 8.685651568221175e-01 3.333333333333334e-01 C
 5.245775656129898e-01 8.749811889291216e-01 3.333333333333334e-01 C
 4.754224343870105e-01 8.749811889291217e-01 3.333333333333334e-01 C
 4.266878321228578e-01 8.685651568221175e-01 3.333333333333334e-01 C
 3.792076213770560e-01 8.558428726963205e-01 3.333333333333334e-01 C
 3.337942017194672e-01 8.370320183604064e-01 3.333333333333334e-01 C
 2.912246093514115e-01 8.124544527474168e-01 3.333333333333334e-01 C
 2.522272218008265e-01 7.825307048191782e-01 3.333333333333334e-01 C
 2.174692951808220e-01 7.477727781991738e-01 3.333333333333334e-01 C
 1.875455472525835e-01 7.087753906485889e-01 3.333333333333334e-01 C
 1.629679816395938e-01 6.662057982805328e-01 3.333333333333334e-01 C
 1.441571273036796e-01 6.207923786229442e-01 3.333333333333334e-01 C
 1.314348431778825e-01 5.733121678771425e-01 3.333333333333334e-01 C
 1.250188110708784e-01 5.245775656129898e-01 3.333333333333334e-01 C
 1.250188110708784e-01 4.754224343870105e-01 3.333333333333334e-01 C
 1.314348431778824e-01 4.266878321228578e-01 3.333333333333334e-01 C
 1.441571273036795e-01 3.792076213770560e-01 3.333333333333334e-01 C
 1.629679816395937e-01 3.337942017194672e-01 3.333333333333334e-01 C
 1.875455472525834e-01 2.912246093514114e-01 3.333333333333334e-01 C
 2.174692951808218e-01 2.522272218008265e-01 3.333333333333334e-01 C
 2.522272218008264e-01 2.174692951808219e-01 3.333333333333334e-01 C
 2.912246093514113e-01 1.875455472525834e-01 3.333333333333334e-01 C
 3.337942017194671e-01 1.629679816395938e-01 3.333333333333334e-01 C
 3.792076213770558e-01 1.441571273036795e-01 3.333333333333334e-01 C
 4.266878321228579e-01 1.314348431778824e-01 3.333333333333334e-01 C
 4.754224343870104e-01 1.250188110708784e-01 3.333333333333334e-01 C
 5.245775656129895e-01 1.250188110708784e-01 3.333333333333334e-01 C
 5.733121678771427e-01 1.314348431778825e-01 3.333333333333334e-01 C
 6.207923786229440e-01 1.441571273036795e-01 3.333333333333334e-01 C
 6.662057982805327e-01 1.629679816395937e-01 3.333333333333334e-01 C
 7.087753906485886e-01 1.875455472525834e-01 3.333333333333334e-01 C
 7.477727781991731e-01 2.174692951808215e-01 3.333333333333334e-01 C
 7.825307048191780e-01 2.522272218008263e-01 3.333333333333334e-01 C
 8.124544527474166e-01 2.912246093514113e-01 3.333333333333334e-01 C
 8.370320183604064e-01 3.337942017194671e-01 3.333333333333334e-01 C
 8.558428726963205e-01 3.792076213770558e-01 3.333333333333334e-01 C
 8.685651568221175e-01 4.266878321228575e-01 3.333333333333334e-01 C
 8.749811889291216e-01 4.754224343870097e-01 3.333333333333334e-01 C
 8.725708757195959e-01 5.490498863168081e-01 8.333333333333333e-01 C
 8.629811853399746e-01 5.972605154795378e-01 8.333333333333333e-01 C
 8.471807862417891e-01 6.438069902567034e-01 8.333333333333333e-01 C
 8.254400276343076e-01 6.878928875597466e-01 8.333333333333333e-01 C
 7.981308999249810e-01 7.287638854628925e-01 8.333333333333333e-01 C
 7.657206698604367e-01 7.657206698604367e-01 8.333333333333333e-01 C
 7.287638854628925e-01 7.981308999249810e-01 8.333333333333333e-01 C
 6.878928875597468e-01 8.254400276343073e-01 8.333333333333333e-01 C
 6.438069902567034e-01 8.471807862417891e-01 8.333333333333333e-01 C
 5.972605154795380e-01 8.629811853399746e-01 8.333333333333333e-01 C
 5.490498863168081e-01 8.725708757195959e-01 8.333333333333333e-01 C
 5.000000000000001e-01 8.757857751194933e-01 8.333333333333333e-01 C
 4.509501136831920e-01 8.725708757195959e-01 8.333333333333333e-01 C
 4.027394845204623e-01 8.629811853399746e-01 8.333333333333333e-01 C
 3.561930097432966e-01 8.471807862417891e-01 8.333333333333333e-01 C
 3.121071124402536e-01 8.254400276343076e-01 8.333333333333333e-01 C
 2.712361145371077e-01 7.981308999249810e-01 8.333333333333333e-01 C
 2.342793301395633e-01 7.657206698604367e-01 8.333333333333333e-01 C
 2.018691000750193e-01 7.287638854628928e-01 8.333333333333333e-01 C
 1.745599723656926e-01 6.878928875597468e-01 8.333333333333333e-01 C
 1.528192137582111e-01 6.438069902567036e-01 8.333333333333333e-01 C
 1.370188146600256e-01 5.972605154795383e-01 8.333333333333333e-01 C
 1.274291242804040e-01 5.490498863168083e-01 8.333333333333333e-01 C
 1.242142248805067e-01 5.000000000000002e-01 8.333333333333333e-01 C
 1.274291242804040e-01 4.509501136831923e-01 8.333333333333333e-01 C
 1.370188146600254e-01 4.027394845204623e-01 8.333333333333333e-01 C
 1.528192137582109e-01 3.561930097432966e-01 8.333333333333333e-01 C
 1.745599723656924e-01 3.121071124402536e-01 8.333333333333333e-01 C
 2.018691000750190e-01 2.712361145371077e-01 8.333333333333333e-01 C
 2.342793301395631e-01 2.342793301395634e-01 8.333333333333333e-01 C
 2.712361145371074e-01 2.018691000750191e-01 8.333333333333333e-01 C
 3.121071124402535e-01 1.745599723656925e-01 8.333333333333333e-01 C
 3.561930097432967e-01 1.528192137582109e-01 8.333333333333333e-01 C
 4.027394845204622e-01 1.370188146600254e-01 8.333333333333333e-01 C
 4.509501136831923e-01 1.274291242804040e-01 8.333333333333333e-01 C
 4.999999999999999e-01 1.242142248805067e-01 8.333333333333333e-01 C
 5.490498863168080e-01 1.274291242804040e-01 8.333333333333333e-01 C
 5.972605154795376e-01 1.370188146600254e-01 8.333333333333333e-01 C
 6.438069902567035e-01 1.528192137582110e-01 8.333333333333333e-01 C
 6.878928875597468e-01 1.745599723656926e-01 8.333333333333333e-01 C
 7.287638854628925e-01 2.018691000750190e-01 8.333333333333333e-01 C
 7.657206698604366e-01 2.342793301395632e-01 8.333333333333333e-01 C
 7.981308999249810e-01 2.712361145371074e-01 8.333333333333333e-01 C
 8.254400276343077e-01 3.121071124402537e-01 8.333333333333333e-01 C
 8.471807862417893e-01 3.561930097432969e-01 8.333333333333333e-01 C
 8.629811853399745e-01 4.027394845204618e-01 8.333333333333333e-01 C
 8.725708757195959e-01 4.509501136831923e-01 8.333333333333333e-01 C
 8.757857751194933e-01 5.000000000000002e-01 8.333333333333333e-01 C
 8.725708757195959e-01 5.490498863168081e-01 5.000000000000000e-01 C
 8.629811853399746e-01 5.972605154795378e-01 5.000000000000000e-01 C
 8.471807862417891e-01 6.438069902567034e-01 5.000000000000000e-01 C
 8.254400276343076e-01 6.878928875597466e-01 5.000000000000000e-01 C
 7.981308999249810e-01 7.287638854628925e-01 5.000000000000000e-01 C
 7.657206698604367e-01 7.657206698604367e-01 5.000000000000000e-01 C
 7.287638854628925e-01 7.981308999249810e-01 5.000000000000000e-01 C
 6.878928875597468e-01 8.254400276343073e-01 5.000000000000000e-01 C
 6.438069902567034e-01 8.471807862417891e-01 5.000000000000000e-01 C
 5.972605154795380e-01 8.629811853399746e-01 5.000000000000000e-01 C
 5.490498863168081e-01 8.725708757195959e-01 5.000000000000000e-01 C
 5.000000000000001e-01 8.757857751194933e-01 5.000000000000000e-01 C
 4.509501136831920e-01 8.725708757195959e-01 5.000000000000000e-01 C
 4.027394845204623e-01 8.629811853399746e-01 5.000000000000000e-01 C
 3.561930097432966e-01 8.471807862417891e-01 5.000000000000000e-01 C
 3.121071124402536e-01 8.254400276343076e-01 5.000000000000000e-01 C
 2.712361145371077e-01 7.981308999249810e-01 5.000000000000000e-01 C
 2.342793301395633e-01 7.657206698604367e-01 5.000000000000000e-01 C
 2.018691000750193e-01 7.287638854628928e-01 5.000000000000000e-01 C
 1.745599723656926e-01 6.878928875597468e-01 5.000000000000000e-01 C
 1.528192137582111e-01 6.438069902567036e-01 5.000000000000000e-01 C
 1.370188146600256e-01 5.972605154795383e-01 5.000000000000000e-01 C
 1.274291242804040e-01 5.490498863168083e-01 5.000000000000000e-01 C
 1.242142248805067e-01 5.000000000000002e-01 5.000000000000000e-01 C
 1.274291242804040e-01 4.509501136831923e-01 5.000000000000000e-01 C
 1.370188146600254e-01 4.027394845204623e-01 5.000000000000000e-01 C
 1.528192137582109e-01 3.561930097432966e-01 5.000000000000000e-01 C
 1.745599723656924e-01 3.121071124402536e-01 5.000000000000000e-01 C
 2.018691000750190e-01 2.712361145371077e-01 5.000000000000000e-01 C
 2.342793301395631e-01 2.342793301395634e-01 5.000000000000000e-01 C
 2.712361145371074e-01 2.018691000750191e-01 5.000000000000000e-01 C
 3.121071124402535e-01 1.745599723656925e-01 5.000000000000000e-01 C
 3.561930097432967e-01 1.528192137582109e-01 5.000000000000000e-01 C
 4.027394845204622e-01 1.370188146600254e-01 5.000000000000000e-01 C
 4.509501136831923e-01 1.274291242804040e-01 5.000000000000000e-01 C
 4.999999999999999e-01 1.242142248805067e-01 5.000000000000000e-01 C
 5.490498863168080e-01 1.274291242804040e-01 5.000000000000000e-01 C
 5.972605154795376e-01 1.370188146600254e-01 5.000000000000000e-01 C
 6.438069902567035e-01 1.528192137582110e-01 5.000000000000000e-01 C
 6.878928875597468e-01 1.745599723656926e-01 5.000000000000000e-01 C
 7.287638854628925e-01 2.018691000750190e-01 5.000000000000000e-01 C
 7.657206698604366e-01 2.342793301395632e-01 5.000000000000000e-01 C
 7.981308999249810e-01 2.712361145371074e-01 5.000000000000000e-01 C
 8.254400276343077e-01 3.121071124402537e-01 5.000000000000000e-01 C
 8.471807862417893e-01 3.561930097432969e-01 5.000000000000000e-01 C
 8.629811853399745e-01 4.027394845204618e-01 5.000000000000000e-01 C
 8.725708757195959e-01 4.509501136831923e-01 5.000000000000000e-01 C
 8.757857751194933e-01 5.000000000000002e-01 5.000000000000000e-01 C
